DateTime;Generation
01Jan2019 0:00:00;0,0000000
01Jan2019 1:00:00;0,0000000
01Jan2019 2:00:00;0,0000080
01Jan2019 3:00:00;0,0000000
01Jan2019 4:00:00;0,0000080
01Jan2019 5:00:00;0,0000000
01Jan2019 6:00:00;0,0000000
01Jan2019 7:00:00;1,0723045
01Jan2019 8:00:00;12,8844613
01Jan2019 9:00:00;48,9241281
01Jan2019 10:00:00;96,1659070
01Jan2019 11:00:00;129,2822841
01Jan2019 12:00:00;147,5627811
01Jan2019 13:00:00;140,8302499
01Jan2019 14:00:00;111,3980182
01Jan2019 15:00:00;56,6164167
01Jan2019 16:00:00;17,4337930
01Jan2019 17:00:00;0,7319721
01Jan2019 18:00:00;0,0000080
01Jan2019 19:00:00;0,0000000
01Jan2019 20:00:00;0,0000000
01Jan2019 21:00:00;0,0000000
01Jan2019 22:00:00;0,0000000
01Jan2019 23:00:00;0,0000000
02Jan2019 0:00:00;0,0000080
02Jan2019 1:00:00;0,0000000
02Jan2019 2:00:00;0,0000000
02Jan2019 3:00:00;0,0000080
02Jan2019 4:00:00;0,0000000
02Jan2019 5:00:00;0,0000080
02Jan2019 6:00:00;0,0000000
02Jan2019 7:00:00;0,7538983
02Jan2019 8:00:00;8,4170835
02Jan2019 9:00:00;23,2086915
02Jan2019 10:00:00;41,6209851
02Jan2019 11:00:00;59,1462041
02Jan2019 12:00:00;75,5166575
02Jan2019 13:00:00;65,5428395
02Jan2019 14:00:00;43,3652356
02Jan2019 15:00:00;21,0284869
02Jan2019 16:00:00;7,1091721
02Jan2019 17:00:00;0,1902966
02Jan2019 18:00:00;0,0000000
02Jan2019 19:00:00;0,0000080
02Jan2019 20:00:00;0,0101320
02Jan2019 21:00:00;0,0000000
02Jan2019 22:00:00;0,0000080
02Jan2019 23:00:00;0,0000000
03Jan2019 0:00:00;0,0000000
03Jan2019 1:00:00;0,0000080
03Jan2019 2:00:00;0,0000000
03Jan2019 3:00:00;0,0000080
03Jan2019 4:00:00;0,0000000
03Jan2019 5:00:00;0,0000000
03Jan2019 6:00:00;0,0207080
03Jan2019 7:00:00;1,0189079
03Jan2019 8:00:00;8,5622659
03Jan2019 9:00:00;27,5284847
03Jan2019 10:00:00;55,8210335
03Jan2019 11:00:00;89,3457339
03Jan2019 12:00:00;120,1442999
03Jan2019 13:00:00;118,2943860
03Jan2019 14:00:00;82,7346192
03Jan2019 15:00:00;37,1495080
03Jan2019 16:00:00;11,6274903
03Jan2019 17:00:00;0,2537131
03Jan2019 18:00:00;0,0000080
03Jan2019 19:00:00;0,0000000
03Jan2019 20:00:00;0,0000000
03Jan2019 21:00:00;0,0000080
03Jan2019 22:00:00;0,0000000
03Jan2019 23:00:00;0,0000080
04Jan2019 0:00:00;0,0000000
04Jan2019 1:00:00;0,0000000
04Jan2019 2:00:00;0,0000080
04Jan2019 3:00:00;0,0000000
04Jan2019 4:00:00;0,0000000
04Jan2019 5:00:00;0,0000080
04Jan2019 6:00:00;0,0017250
04Jan2019 7:00:00;0,9482247
04Jan2019 8:00:00;12,4063574
04Jan2019 9:00:00;51,7393131
04Jan2019 10:00:00;106,9846747
04Jan2019 11:00:00;155,3970913
04Jan2019 12:00:00;182,4478375
04Jan2019 13:00:00;178,1794522
04Jan2019 14:00:00;142,9939597
04Jan2019 15:00:00;90,5687026
04Jan2019 16:00:00;40,7874005
04Jan2019 17:00:00;3,4242120
04Jan2019 18:00:00;0,0000000
04Jan2019 19:00:00;0,0000000
04Jan2019 20:00:00;0,0000000
04Jan2019 21:00:00;0,0000000
04Jan2019 22:00:00;0,0000447
04Jan2019 23:00:00;0,0010240
05Jan2019 0:00:00;0,0000000
05Jan2019 1:00:00;0,0000080
05Jan2019 2:00:00;0,0000000
05Jan2019 3:00:00;0,0000080
05Jan2019 4:00:00;0,0000000
05Jan2019 5:00:00;0,0000000
05Jan2019 6:00:00;0,0000080
05Jan2019 7:00:00;0,3328079
05Jan2019 8:00:00;5,1260342
05Jan2019 9:00:00;17,7504954
05Jan2019 10:00:00;26,5220656
05Jan2019 11:00:00;34,5369471
05Jan2019 12:00:00;38,0748728
05Jan2019 13:00:00;34,6306582
05Jan2019 14:00:00;26,8983494
05Jan2019 15:00:00;13,5990730
05Jan2019 16:00:00;3,6611623
05Jan2019 17:00:00;0,1189543
05Jan2019 18:00:00;0,0000000
05Jan2019 19:00:00;0,0000000
05Jan2019 20:00:00;0,0000080
05Jan2019 21:00:00;0,0000000
05Jan2019 22:00:00;0,0000000
05Jan2019 23:00:00;0,0000080
06Jan2019 0:00:00;0,0000000
06Jan2019 1:00:00;0,0000000
06Jan2019 2:00:00;0,0000080
06Jan2019 3:00:00;0,0000000
06Jan2019 4:00:00;0,0000080
06Jan2019 5:00:00;0,0000000
06Jan2019 6:00:00;0,0000000
06Jan2019 7:00:00;0,0645800
06Jan2019 8:00:00;0,3370078
06Jan2019 9:00:00;1,1120924
06Jan2019 10:00:00;2,2241353
06Jan2019 11:00:00;4,7880161
06Jan2019 12:00:00;6,7696177
06Jan2019 13:00:00;7,4840074
06Jan2019 14:00:00;7,0542759
06Jan2019 15:00:00;4,2400308
06Jan2019 16:00:00;1,3691775
06Jan2019 17:00:00;0,0526719
06Jan2019 18:00:00;0,0000080
06Jan2019 19:00:00;0,0000000
06Jan2019 20:00:00;0,0000000
06Jan2019 21:00:00;0,0000080
06Jan2019 22:00:00;0,0000000
06Jan2019 23:00:00;0,0000000
07Jan2019 0:00:00;0,0000080
07Jan2019 1:00:00;0,0000000
07Jan2019 2:00:00;0,0000080
07Jan2019 3:00:00;0,0000000
07Jan2019 4:00:00;0,0000000
07Jan2019 5:00:00;0,0000080
07Jan2019 6:00:00;0,0000000
07Jan2019 7:00:00;0,2875193
07Jan2019 8:00:00;2,7854915
07Jan2019 9:00:00;11,3051673
07Jan2019 10:00:00;26,5913038
07Jan2019 11:00:00;44,1922563
07Jan2019 12:00:00;64,5941090
07Jan2019 13:00:00;71,2156173
07Jan2019 14:00:00;65,3381376
07Jan2019 15:00:00;42,6424252
07Jan2019 16:00:00;15,6070307
07Jan2019 17:00:00;1,0239459
07Jan2019 18:00:00;0,0000000
07Jan2019 19:00:00;0,0000080
07Jan2019 20:00:00;0,0000000
07Jan2019 21:00:00;0,0000000
07Jan2019 22:00:00;0,0000080
07Jan2019 23:00:00;0,0000000
08Jan2019 0:00:00;0,0000000
08Jan2019 1:00:00;0,0000080
08Jan2019 2:00:00;0,0000000
08Jan2019 3:00:00;0,0000080
08Jan2019 4:00:00;0,0000000
08Jan2019 5:00:00;0,0000000
08Jan2019 6:00:00;0,0000000
08Jan2019 7:00:00;0,0992239
08Jan2019 8:00:00;1,0356856
08Jan2019 9:00:00;4,4049616
08Jan2019 10:00:00;9,5453901
08Jan2019 11:00:00;18,2795409
08Jan2019 12:00:00;30,0926382
08Jan2019 13:00:00;34,6551037
08Jan2019 14:00:00;30,7275152
08Jan2019 15:00:00;18,9674106
08Jan2019 16:00:00;7,2083202
08Jan2019 17:00:00;0,5033503
08Jan2019 18:00:00;0,0000000
08Jan2019 19:00:00;0,0000080
08Jan2019 20:00:00;0,0000000
08Jan2019 21:00:00;0,0000000
08Jan2019 22:00:00;0,0000080
08Jan2019 23:00:00;0,0000000
09Jan2019 0:00:00;0,0000000
09Jan2019 1:00:00;0,0000080
09Jan2019 2:00:00;0,0000000
09Jan2019 3:00:00;0,0000000
09Jan2019 4:00:00;0,0000000
09Jan2019 5:00:00;0,0000000
09Jan2019 6:00:00;0,0000080
09Jan2019 7:00:00;1,1047168
09Jan2019 8:00:00;13,1538934
09Jan2019 9:00:00;48,1429236
09Jan2019 10:00:00;89,1327404
09Jan2019 11:00:00;121,6783463
09Jan2019 12:00:00;141,7694398
09Jan2019 13:00:00;149,4242286
09Jan2019 14:00:00;129,0410169
09Jan2019 15:00:00;82,2847966
09Jan2019 16:00:00;29,9604726
09Jan2019 17:00:00;3,1530463
09Jan2019 18:00:00;0,0000080
09Jan2019 19:00:00;0,0000000
09Jan2019 20:00:00;0,0000000
09Jan2019 21:00:00;0,0000080
09Jan2019 22:00:00;0,0000000
09Jan2019 23:00:00;0,0000000
10Jan2019 0:00:00;0,0000080
10Jan2019 1:00:00;0,0000000
10Jan2019 2:00:00;0,0000000
10Jan2019 3:00:00;0,0000080
10Jan2019 4:00:00;0,0000000
10Jan2019 5:00:00;0,0000080
10Jan2019 6:00:00;0,0034500
10Jan2019 7:00:00;2,8460986
10Jan2019 8:00:00;17,8437397
10Jan2019 9:00:00;46,0270243
10Jan2019 10:00:00;74,7146290
10Jan2019 11:00:00;97,7685812
10Jan2019 12:00:00;118,4434700
10Jan2019 13:00:00;121,2658075
10Jan2019 14:00:00;103,0581742
10Jan2019 15:00:00;69,0636313
10Jan2019 16:00:00;23,8014335
10Jan2019 17:00:00;1,9925396
10Jan2019 18:00:00;0,0000080
10Jan2019 19:00:00;0,0000000
10Jan2019 20:00:00;0,0000000
10Jan2019 21:00:00;0,0000080
10Jan2019 22:00:00;0,0000000
10Jan2019 23:00:00;0,0000000
11Jan2019 0:00:00;0,0000080
11Jan2019 1:00:00;0,0000000
11Jan2019 2:00:00;0,0000080
11Jan2019 3:00:00;0,0000000
11Jan2019 4:00:00;0,0000000
11Jan2019 5:00:00;0,0000080
11Jan2019 6:00:00;0,0051750
11Jan2019 7:00:00;4,1611244
11Jan2019 8:00:00;26,7530177
11Jan2019 9:00:00;61,3398317
11Jan2019 10:00:00;92,2074083
11Jan2019 11:00:00;117,6209640
11Jan2019 12:00:00;132,5728523
11Jan2019 13:00:00;125,8861276
11Jan2019 14:00:00;100,8037227
11Jan2019 15:00:00;61,1037269
11Jan2019 16:00:00;21,7549300
11Jan2019 17:00:00;1,7423689
11Jan2019 18:00:00;0,0000000
11Jan2019 19:00:00;0,0000000
11Jan2019 20:00:00;0,0000080
11Jan2019 21:00:00;0,0000000
11Jan2019 22:00:00;0,0000080
11Jan2019 23:00:00;0,0000000
12Jan2019 0:00:00;0,0000000
12Jan2019 1:00:00;0,0000000
12Jan2019 2:00:00;0,0000000
12Jan2019 3:00:00;0,0000000
12Jan2019 4:00:00;0,0000080
12Jan2019 5:00:00;0,0000000
12Jan2019 6:00:00;0,0017330
12Jan2019 7:00:00;2,4028431
12Jan2019 8:00:00;16,9250556
12Jan2019 9:00:00;44,0417530
12Jan2019 10:00:00;85,1104269
12Jan2019 11:00:00;103,0660868
12Jan2019 12:00:00;106,5045530
12Jan2019 13:00:00;94,7405210
12Jan2019 14:00:00;72,3600539
12Jan2019 15:00:00;41,9097743
12Jan2019 16:00:00;17,4478933
12Jan2019 17:00:00;1,1373453
12Jan2019 18:00:00;0,0000000
12Jan2019 19:00:00;0,0000000
12Jan2019 20:00:00;0,0000000
12Jan2019 21:00:00;0,0000000
12Jan2019 22:00:00;0,0000000
12Jan2019 23:00:00;0,0000000
13Jan2019 0:00:00;0,0000000
13Jan2019 1:00:00;0,0000000
13Jan2019 2:00:00;0,0000000
13Jan2019 3:00:00;0,0000000
13Jan2019 4:00:00;0,0000000
13Jan2019 5:00:00;0,0000000
13Jan2019 6:00:00;0,0000000
13Jan2019 7:00:00;0,2990271
13Jan2019 8:00:00;2,7038148
13Jan2019 9:00:00;9,4072299
13Jan2019 10:00:00;19,9180658
13Jan2019 11:00:00;28,1877903
13Jan2019 12:00:00;35,2914713
13Jan2019 13:00:00;39,4832262
13Jan2019 14:00:00;32,0733265
13Jan2019 15:00:00;19,4612277
13Jan2019 16:00:00;6,7860406
13Jan2019 17:00:00;0,3452281
13Jan2019 18:00:00;0,0000080
13Jan2019 19:00:00;0,0000000
13Jan2019 20:00:00;0,0000000
13Jan2019 21:00:00;0,0000080
13Jan2019 22:00:00;0,0000000
13Jan2019 23:00:00;0,0000000
14Jan2019 0:00:00;0,0000080
14Jan2019 1:00:00;0,0000000
14Jan2019 2:00:00;0,0000000
14Jan2019 3:00:00;0,0000080
14Jan2019 4:00:00;0,0000000
14Jan2019 5:00:00;0,0000080
14Jan2019 6:00:00;0,0000000
14Jan2019 7:00:00;1,1759008
14Jan2019 8:00:00;10,4468468
14Jan2019 9:00:00;29,5375695
14Jan2019 10:00:00;60,4427225
14Jan2019 11:00:00;70,5902616
14Jan2019 12:00:00;62,0079916
14Jan2019 13:00:00;61,6157173
14Jan2019 14:00:00;50,8567446
14Jan2019 15:00:00;34,2029443
14Jan2019 16:00:00;14,0245143
14Jan2019 17:00:00;1,3415206
14Jan2019 18:00:00;0,0000000
14Jan2019 19:00:00;0,0000000
14Jan2019 20:00:00;0,0000080
14Jan2019 21:00:00;0,0000000
14Jan2019 22:00:00;0,0000000
14Jan2019 23:00:00;0,0000080
15Jan2019 0:00:00;0,0000000
15Jan2019 1:00:00;0,0000080
15Jan2019 2:00:00;0,0000000
15Jan2019 3:00:00;0,0000000
15Jan2019 4:00:00;0,0000080
15Jan2019 5:00:00;0,0000353
15Jan2019 6:00:00;0,0000000
15Jan2019 7:00:00;1,1814591
15Jan2019 8:00:00;9,4149132
15Jan2019 9:00:00;26,7141120
15Jan2019 10:00:00;38,3572414
15Jan2019 11:00:00;35,0885932
15Jan2019 12:00:00;24,3785324
15Jan2019 13:00:00;20,1949243
15Jan2019 14:00:00;17,3655918
15Jan2019 15:00:00;7,5928830
15Jan2019 16:00:00;2,7466691
15Jan2019 17:00:00;0,2896350
15Jan2019 18:00:00;0,0000000
15Jan2019 19:00:00;0,0000268
15Jan2019 20:00:00;0,0000000
15Jan2019 21:00:00;0,0000000
15Jan2019 22:00:00;0,0000080
15Jan2019 23:00:00;0,0000000
16Jan2019 0:00:00;0,0015490
16Jan2019 1:00:00;0,0100400
16Jan2019 2:00:00;0,0000000
16Jan2019 3:00:00;0,0000080
16Jan2019 4:00:00;0,0000000
16Jan2019 5:00:00;0,0000000
16Jan2019 6:00:00;0,0000080
16Jan2019 7:00:00;0,2951462
16Jan2019 8:00:00;3,5210228
16Jan2019 9:00:00;12,9385233
16Jan2019 10:00:00;24,5761044
16Jan2019 11:00:00;38,9038406
16Jan2019 12:00:00;53,3204196
16Jan2019 13:00:00;77,9957262
16Jan2019 14:00:00;99,2698738
16Jan2019 15:00:00;85,5375712
16Jan2019 16:00:00;43,3336208
16Jan2019 17:00:00;6,3249064
16Jan2019 18:00:00;0,0000080
16Jan2019 19:00:00;0,0000000
16Jan2019 20:00:00;0,0000000
16Jan2019 21:00:00;0,0000080
16Jan2019 22:00:00;0,0000000
16Jan2019 23:00:00;0,0000000
17Jan2019 0:00:00;0,0000080
17Jan2019 1:00:00;0,0000000
17Jan2019 2:00:00;0,0000080
17Jan2019 3:00:00;0,0000431
17Jan2019 4:00:00;0,0000000
17Jan2019 5:00:00;0,0000080
17Jan2019 6:00:00;0,0017250
17Jan2019 7:00:00;1,6755664
17Jan2019 8:00:00;15,6467749
17Jan2019 9:00:00;50,6225041
17Jan2019 10:00:00;93,3061151
17Jan2019 11:00:00;120,3388345
17Jan2019 12:00:00;139,6235402
17Jan2019 13:00:00;141,1962742
17Jan2019 14:00:00;127,7449788
17Jan2019 15:00:00;99,4555762
17Jan2019 16:00:00;40,3875350
17Jan2019 17:00:00;6,3004302
17Jan2019 18:00:00;0,0000080
17Jan2019 19:00:00;0,0000000
17Jan2019 20:00:00;0,0000000
17Jan2019 21:00:00;0,0000080
17Jan2019 22:00:00;0,0000000
17Jan2019 23:00:00;0,0000000
18Jan2019 0:00:00;0,0000080
18Jan2019 1:00:00;0,0000000
18Jan2019 2:00:00;0,0000000
18Jan2019 3:00:00;0,0000490
18Jan2019 4:00:00;0,0000000
18Jan2019 5:00:00;0,0000000
18Jan2019 6:00:00;0,0207080
18Jan2019 7:00:00;2,4037019
18Jan2019 8:00:00;19,2763393
18Jan2019 9:00:00;57,3840726
18Jan2019 10:00:00;94,0374341
18Jan2019 11:00:00;120,0365353
18Jan2019 12:00:00;135,3178882
18Jan2019 13:00:00;129,4110311
18Jan2019 14:00:00;118,7847794
18Jan2019 15:00:00;89,8008357
18Jan2019 16:00:00;37,3378127
18Jan2019 17:00:00;5,2758135
18Jan2019 18:00:00;0,0000247
18Jan2019 19:00:00;0,0000000
18Jan2019 20:00:00;0,0000000
18Jan2019 21:00:00;0,0017180
18Jan2019 22:00:00;0,0000000
18Jan2019 23:00:00;0,0017250
19Jan2019 0:00:00;0,0000080
19Jan2019 1:00:00;0,0000000
19Jan2019 2:00:00;0,0000080
19Jan2019 3:00:00;0,0000000
19Jan2019 4:00:00;0,0000000
19Jan2019 5:00:00;0,0000080
19Jan2019 6:00:00;0,0000000
19Jan2019 7:00:00;2,0227408
19Jan2019 8:00:00;13,6104830
19Jan2019 9:00:00;39,4111392
19Jan2019 10:00:00;67,8917423
19Jan2019 11:00:00;89,2611173
19Jan2019 12:00:00;106,9003433
19Jan2019 13:00:00;115,7360953
19Jan2019 14:00:00;98,5725858
19Jan2019 15:00:00;66,3285929
19Jan2019 16:00:00;27,9382449
19Jan2019 17:00:00;3,6258584
19Jan2019 18:00:00;0,0000000
19Jan2019 19:00:00;0,0000000
19Jan2019 20:00:00;0,0000000
19Jan2019 21:00:00;0,0000000
19Jan2019 22:00:00;0,0000000
19Jan2019 23:00:00;0,0000000
20Jan2019 0:00:00;0,0000000
20Jan2019 1:00:00;0,0000000
20Jan2019 2:00:00;0,0000000
20Jan2019 3:00:00;0,0000000
20Jan2019 4:00:00;0,0000000
20Jan2019 5:00:00;0,0000000
20Jan2019 6:00:00;0,0051750
20Jan2019 7:00:00;3,6708479
20Jan2019 8:00:00;21,5633931
20Jan2019 9:00:00;52,1329730
20Jan2019 10:00:00;102,2286583
20Jan2019 11:00:00;162,2752779
20Jan2019 12:00:00;205,5072457
20Jan2019 13:00:00;211,3812941
20Jan2019 14:00:00;189,5347270
20Jan2019 15:00:00;125,9728367
20Jan2019 16:00:00;51,1315292
20Jan2019 17:00:00;4,5838863
20Jan2019 18:00:00;0,0000000
20Jan2019 19:00:00;0,0000080
20Jan2019 20:00:00;0,0000000
20Jan2019 21:00:00;0,0000413
20Jan2019 22:00:00;0,0000080
20Jan2019 23:00:00;0,0000000
21Jan2019 0:00:00;0,0000000
21Jan2019 1:00:00;0,0000080
21Jan2019 2:00:00;0,0000000
21Jan2019 3:00:00;0,0000000
21Jan2019 4:00:00;0,0000000
21Jan2019 5:00:00;0,0000000
21Jan2019 6:00:00;0,0000080
21Jan2019 7:00:00;1,1912424
21Jan2019 8:00:00;9,1583513
21Jan2019 9:00:00;28,1070969
21Jan2019 10:00:00;52,1794509
21Jan2019 11:00:00;69,6145801
21Jan2019 12:00:00;70,1897858
21Jan2019 13:00:00;60,0190009
21Jan2019 14:00:00;43,5724175
21Jan2019 15:00:00;26,0215364
21Jan2019 16:00:00;8,7413122
21Jan2019 17:00:00;0,8497379
21Jan2019 18:00:00;0,0000000
21Jan2019 19:00:00;0,1116872
21Jan2019 20:00:00;0,0000000
21Jan2019 21:00:00;0,0000000
21Jan2019 22:00:00;0,0000000
21Jan2019 23:00:00;0,0000000
22Jan2019 0:00:00;0,0000421
22Jan2019 1:00:00;0,0000000
22Jan2019 2:00:00;0,0000000
22Jan2019 3:00:00;0,0000000
22Jan2019 4:00:00;0,0000000
22Jan2019 5:00:00;0,0000000
22Jan2019 6:00:00;0,0000000
22Jan2019 7:00:00;0,1673838
22Jan2019 8:00:00;3,0467765
22Jan2019 9:00:00;13,0254494
22Jan2019 10:00:00;31,1014806
22Jan2019 11:00:00;51,0094698
22Jan2019 12:00:00;64,9815184
22Jan2019 13:00:00;61,5469011
22Jan2019 14:00:00;47,7010584
22Jan2019 15:00:00;28,1658385
22Jan2019 16:00:00;10,0882369
22Jan2019 17:00:00;1,0017810
22Jan2019 18:00:00;0,0000000
22Jan2019 19:00:00;0,0000188
22Jan2019 20:00:00;0,0000000
22Jan2019 21:00:00;0,0000000
22Jan2019 22:00:00;0,0000000
22Jan2019 23:00:00;0,0000000
23Jan2019 0:00:00;0,0000000
23Jan2019 1:00:00;0,0000000
23Jan2019 2:00:00;0,0000000
23Jan2019 3:00:00;0,0000000
23Jan2019 4:00:00;0,0000000
23Jan2019 5:00:00;0,0000000
23Jan2019 6:00:00;0,0000000
23Jan2019 7:00:00;2,4861922
23Jan2019 8:00:00;20,5106002
23Jan2019 9:00:00;64,7959488
23Jan2019 10:00:00;121,6937593
23Jan2019 11:00:00;166,2008570
23Jan2019 12:00:00;182,7593479
23Jan2019 13:00:00;184,6633555
23Jan2019 14:00:00;150,8796572
23Jan2019 15:00:00;99,4909307
23Jan2019 16:00:00;51,1156656
23Jan2019 17:00:00;6,4338285
23Jan2019 18:00:00;0,0000000
23Jan2019 19:00:00;0,0000213
23Jan2019 20:00:00;0,0000080
23Jan2019 21:00:00;0,0000000
23Jan2019 22:00:00;0,0000000
23Jan2019 23:00:00;0,0000080
24Jan2019 0:00:00;0,0000000
24Jan2019 1:00:00;0,0000000
24Jan2019 2:00:00;0,0000000
24Jan2019 3:00:00;0,0000000
24Jan2019 4:00:00;0,0000080
24Jan2019 5:00:00;0,0000000
24Jan2019 6:00:00;0,0000000
24Jan2019 7:00:00;3,1883054
24Jan2019 8:00:00;21,0114136
24Jan2019 9:00:00;51,1198265
24Jan2019 10:00:00;86,7891502
24Jan2019 11:00:00;110,0151504
24Jan2019 12:00:00;121,6585171
24Jan2019 13:00:00;94,7789683
24Jan2019 14:00:00;66,5507957
24Jan2019 15:00:00;38,4347203
24Jan2019 16:00:00;15,6279849
24Jan2019 17:00:00;1,8419638
24Jan2019 18:00:00;0,0000000
24Jan2019 19:00:00;0,0000000
24Jan2019 20:00:00;0,0000348
24Jan2019 21:00:00;0,0000000
24Jan2019 22:00:00;0,0000000
24Jan2019 23:00:00;0,0000080
25Jan2019 0:00:00;0,0000000
25Jan2019 1:00:00;0,0000000
25Jan2019 2:00:00;0,0000080
25Jan2019 3:00:00;0,0000000
25Jan2019 4:00:00;0,0000080
25Jan2019 5:00:00;0,0000000
25Jan2019 6:00:00;0,0000000
25Jan2019 7:00:00;4,8361692
25Jan2019 8:00:00;30,4230951
25Jan2019 9:00:00;75,4728109
25Jan2019 10:00:00;113,0416145
25Jan2019 11:00:00;133,9240664
25Jan2019 12:00:00;133,5555754
25Jan2019 13:00:00;106,2014028
25Jan2019 14:00:00;71,8285467
25Jan2019 15:00:00;37,9208947
25Jan2019 16:00:00;14,2573958
25Jan2019 17:00:00;1,8562073
25Jan2019 18:00:00;0,0000000
25Jan2019 19:00:00;0,0000080
25Jan2019 20:00:00;0,0000000
25Jan2019 21:00:00;0,0000000
25Jan2019 22:00:00;0,0000447
25Jan2019 23:00:00;0,0000000
26Jan2019 0:00:00;0,0000000
26Jan2019 1:00:00;0,0000080
26Jan2019 2:00:00;0,0000000
26Jan2019 3:00:00;0,0000000
26Jan2019 4:00:00;0,0000000
26Jan2019 5:00:00;0,0000000
26Jan2019 6:00:00;0,0000080
26Jan2019 7:00:00;1,4826438
26Jan2019 8:00:00;11,1739632
26Jan2019 9:00:00;36,6760146
26Jan2019 10:00:00;63,4561423
26Jan2019 11:00:00;68,0518992
26Jan2019 12:00:00;52,5687793
26Jan2019 13:00:00;33,4698713
26Jan2019 14:00:00;24,6059425
26Jan2019 15:00:00;21,2040896
26Jan2019 16:00:00;13,2881060
26Jan2019 17:00:00;3,0393735
26Jan2019 18:00:00;0,0000000
26Jan2019 19:00:00;0,0000000
26Jan2019 20:00:00;0,0000309
26Jan2019 21:00:00;0,0000000
26Jan2019 22:00:00;0,0000000
26Jan2019 23:00:00;0,0000000
27Jan2019 0:00:00;0,0000000
27Jan2019 1:00:00;0,0000000
27Jan2019 2:00:00;0,0000000
27Jan2019 3:00:00;0,0000000
27Jan2019 4:00:00;0,0000000
27Jan2019 5:00:00;0,0000000
27Jan2019 6:00:00;0,0000000
27Jan2019 7:00:00;2,5969581
27Jan2019 8:00:00;12,3535420
27Jan2019 9:00:00;25,7372303
27Jan2019 10:00:00;34,0413436
27Jan2019 11:00:00;46,1160519
27Jan2019 12:00:00;63,0144442
27Jan2019 13:00:00;68,1421055
27Jan2019 14:00:00;67,6482671
27Jan2019 15:00:00;48,3340179
27Jan2019 16:00:00;26,3306579
27Jan2019 17:00:00;5,7119657
27Jan2019 18:00:00;0,0029271
27Jan2019 19:00:00;0,0000000
27Jan2019 20:00:00;0,0000000
27Jan2019 21:00:00;0,0000000
27Jan2019 22:00:00;0,0000080
27Jan2019 23:00:00;0,0000000
28Jan2019 0:00:00;0,0000000
28Jan2019 1:00:00;0,0000522
28Jan2019 2:00:00;0,0000000
28Jan2019 3:00:00;0,0000080
28Jan2019 4:00:00;0,0000000
28Jan2019 5:00:00;0,0000000
28Jan2019 6:00:00;0,0000080
28Jan2019 7:00:00;4,9108619
28Jan2019 8:00:00;33,7571048
28Jan2019 9:00:00;89,1532217
28Jan2019 10:00:00;132,1596442
28Jan2019 11:00:00;156,3528675
28Jan2019 12:00:00;179,8040386
28Jan2019 13:00:00;199,7747033
28Jan2019 14:00:00;183,3677552
28Jan2019 15:00:00;118,3490835
28Jan2019 16:00:00;66,2916678
28Jan2019 17:00:00;19,2674264
28Jan2019 18:00:00;0,0529859
28Jan2019 19:00:00;0,0000000
28Jan2019 20:00:00;0,0000000
28Jan2019 21:00:00;0,0000080
28Jan2019 22:00:00;0,0000000
28Jan2019 23:00:00;0,0000000
29Jan2019 0:00:00;0,0000080
29Jan2019 1:00:00;0,0000000
29Jan2019 2:00:00;0,0000080
29Jan2019 3:00:00;0,0000000
29Jan2019 4:00:00;0,0000000
29Jan2019 5:00:00;0,0000000
29Jan2019 6:00:00;0,0026910
29Jan2019 7:00:00;8,4366784
29Jan2019 8:00:00;48,4783725
29Jan2019 9:00:00;122,0242086
29Jan2019 10:00:00;188,1945206
29Jan2019 11:00:00;219,2894616
29Jan2019 12:00:00;229,1873779
29Jan2019 13:00:00;221,7105186
29Jan2019 14:00:00;180,5675621
29Jan2019 15:00:00;119,8828192
29Jan2019 16:00:00;59,8319986
29Jan2019 17:00:00;10,1009788
29Jan2019 18:00:00;0,0000000
29Jan2019 19:00:00;0,0000080
29Jan2019 20:00:00;0,0000000
29Jan2019 21:00:00;0,0000000
29Jan2019 22:00:00;0,0000080
29Jan2019 23:00:00;0,0000000
30Jan2019 0:00:00;0,0000501
30Jan2019 1:00:00;0,0000000
30Jan2019 2:00:00;0,0000000
30Jan2019 3:00:00;0,0000080
30Jan2019 4:00:00;0,0000000
30Jan2019 5:00:00;0,0000000
30Jan2019 6:00:00;0,0000000
30Jan2019 7:00:00;5,8280842
30Jan2019 8:00:00;18,0828623
30Jan2019 9:00:00;57,9497800
30Jan2019 10:00:00;100,0628849
30Jan2019 11:00:00;127,0454151
30Jan2019 12:00:00;132,0318430
30Jan2019 13:00:00;132,4893183
30Jan2019 14:00:00;102,4674635
30Jan2019 15:00:00;60,9067617
30Jan2019 16:00:00;26,4239480
30Jan2019 17:00:00;5,4475879
30Jan2019 18:00:00;0,0014690
30Jan2019 19:00:00;0,0000080
30Jan2019 20:00:00;0,0440854
30Jan2019 21:00:00;0,0000000
30Jan2019 22:00:00;0,0000080
30Jan2019 23:00:00;0,0000000
31Jan2019 0:00:00;0,0000080
31Jan2019 1:00:00;0,0000000
31Jan2019 2:00:00;0,0000000
31Jan2019 3:00:00;0,0000080
31Jan2019 4:00:00;0,0000000
31Jan2019 5:00:00;0,0000000
31Jan2019 6:00:00;0,0000080
31Jan2019 7:00:00;5,5814899
31Jan2019 8:00:00;31,3259549
31Jan2019 9:00:00;67,1898479
31Jan2019 10:00:00;110,9184743
31Jan2019 11:00:00;118,6739523
31Jan2019 12:00:00;95,4906444
31Jan2019 13:00:00;87,9330715
31Jan2019 14:00:00;75,2621968
31Jan2019 15:00:00;50,8140516
31Jan2019 16:00:00;19,7705371
31Jan2019 17:00:00;3,8714194
31Jan2019 18:00:00;0,0000000
31Jan2019 19:00:00;0,0000000
31Jan2019 20:00:00;0,0000000
31Jan2019 21:00:00;0,0000080
31Jan2019 22:00:00;0,0000000
31Jan2019 23:00:00;0,0000080
01Feb2019 0:00:00;0,0000000
01Feb2019 1:00:00;0,0000000
01Feb2019 2:00:00;0,0000080
01Feb2019 3:00:00;0,0000000
01Feb2019 4:00:00;0,0000000
01Feb2019 5:00:00;0,0000080
01Feb2019 6:00:00;0,0000000
01Feb2019 7:00:00;3,9433773
01Feb2019 8:00:00;29,3787664
01Feb2019 9:00:00;77,8145816
01Feb2019 10:00:00;100,0443790
01Feb2019 11:00:00;87,3888816
01Feb2019 12:00:00;87,7548555
01Feb2019 13:00:00;84,1762643
01Feb2019 14:00:00;70,1730513
01Feb2019 15:00:00;60,2014099
01Feb2019 16:00:00;34,1409239
01Feb2019 17:00:00;8,2741776
01Feb2019 18:00:00;0,0000080
01Feb2019 19:00:00;0,0000000
01Feb2019 20:00:00;0,0000000
01Feb2019 21:00:00;0,0000000
01Feb2019 22:00:00;0,0000080
01Feb2019 23:00:00;0,0000000
02Feb2019 0:00:00;0,0000000
02Feb2019 1:00:00;0,0000080
02Feb2019 2:00:00;0,0000000
02Feb2019 3:00:00;0,0000000
02Feb2019 4:00:00;0,0000080
02Feb2019 5:00:00;0,0000000
02Feb2019 6:00:00;0,0000000
02Feb2019 7:00:00;10,1233174
02Feb2019 8:00:00;62,9052962
02Feb2019 9:00:00;157,5937683
02Feb2019 10:00:00;235,7566406
02Feb2019 11:00:00;275,3157486
02Feb2019 12:00:00;287,8446356
02Feb2019 13:00:00;275,9410915
02Feb2019 14:00:00;237,1534407
02Feb2019 15:00:00;167,3296991
02Feb2019 16:00:00;75,5175508
02Feb2019 17:00:00;12,5310545
02Feb2019 18:00:00;0,0032640
02Feb2019 19:00:00;0,0000000
02Feb2019 20:00:00;0,0000000
02Feb2019 21:00:00;0,0000080
02Feb2019 22:00:00;0,0000000
02Feb2019 23:00:00;0,0000000
03Feb2019 0:00:00;0,0000080
03Feb2019 1:00:00;0,0000000
03Feb2019 2:00:00;0,0000000
03Feb2019 3:00:00;0,0000080
03Feb2019 4:00:00;0,0000000
03Feb2019 5:00:00;0,0000080
03Feb2019 6:00:00;0,0053082
03Feb2019 7:00:00;12,3145631
03Feb2019 8:00:00;68,5732646
03Feb2019 9:00:00;162,0769355
03Feb2019 10:00:00;237,1514907
03Feb2019 11:00:00;280,5510026
03Feb2019 12:00:00;294,1874836
03Feb2019 13:00:00;285,5653251
03Feb2019 14:00:00;250,0058531
03Feb2019 15:00:00;180,2510985
03Feb2019 16:00:00;83,1696664
03Feb2019 17:00:00;13,3889601
03Feb2019 18:00:00;0,0042760
03Feb2019 19:00:00;0,0000080
03Feb2019 20:00:00;0,0000000
03Feb2019 21:00:00;0,0000000
03Feb2019 22:00:00;0,0000080
03Feb2019 23:00:00;0,0000000
04Feb2019 0:00:00;0,0000000
04Feb2019 1:00:00;0,0000080
04Feb2019 2:00:00;0,0000000
04Feb2019 3:00:00;0,0000080
04Feb2019 4:00:00;0,0000000
04Feb2019 5:00:00;0,0000000
04Feb2019 6:00:00;0,0031230
04Feb2019 7:00:00;12,0579420
04Feb2019 8:00:00;63,7734163
04Feb2019 9:00:00;147,2296283
04Feb2019 10:00:00;225,1282852
04Feb2019 11:00:00;271,7509915
04Feb2019 12:00:00;284,1099843
04Feb2019 13:00:00;274,0550601
04Feb2019 14:00:00;250,4232116
04Feb2019 15:00:00;189,4760885
04Feb2019 16:00:00;107,5875138
04Feb2019 17:00:00;27,8478416
04Feb2019 18:00:00;0,0481383
04Feb2019 19:00:00;0,0000000
04Feb2019 20:00:00;0,0000000
04Feb2019 21:00:00;0,0000000
04Feb2019 22:00:00;0,0000000
04Feb2019 23:00:00;0,0000000
05Feb2019 0:00:00;0,0000080
05Feb2019 1:00:00;0,0000000
05Feb2019 2:00:00;0,0000080
05Feb2019 3:00:00;0,0000000
05Feb2019 4:00:00;0,0000000
05Feb2019 5:00:00;0,0000080
05Feb2019 6:00:00;0,0038090
05Feb2019 7:00:00;13,1943605
05Feb2019 8:00:00;71,4392337
05Feb2019 9:00:00;165,4484230
05Feb2019 10:00:00;240,5934921
05Feb2019 11:00:00;282,9184508
05Feb2019 12:00:00;299,2623716
05Feb2019 13:00:00;294,3963642
05Feb2019 14:00:00;266,1514250
05Feb2019 15:00:00;206,7757203
05Feb2019 16:00:00;114,4009284
05Feb2019 17:00:00;29,6930002
05Feb2019 18:00:00;0,0858032
05Feb2019 19:00:00;0,0000000
05Feb2019 20:00:00;0,0000000
05Feb2019 21:00:00;0,0000080
05Feb2019 22:00:00;0,0000000
05Feb2019 23:00:00;0,0000000
06Feb2019 0:00:00;0,0000080
06Feb2019 1:00:00;0,0000000
06Feb2019 2:00:00;0,0000000
06Feb2019 3:00:00;0,0000080
06Feb2019 4:00:00;0,0000000
06Feb2019 5:00:00;0,0000080
06Feb2019 6:00:00;0,0000000
06Feb2019 7:00:00;0,7872992
06Feb2019 8:00:00;6,2855299
06Feb2019 9:00:00;18,8294946
06Feb2019 10:00:00;43,3254616
06Feb2019 11:00:00;58,5015175
06Feb2019 12:00:00;71,0564988
06Feb2019 13:00:00;72,3687098
06Feb2019 14:00:00;67,5730860
06Feb2019 15:00:00;63,5915778
06Feb2019 16:00:00;35,0972545
06Feb2019 17:00:00;9,8182994
06Feb2019 18:00:00;0,1115921
06Feb2019 19:00:00;0,0000000
06Feb2019 20:00:00;0,0000000
06Feb2019 21:00:00;0,0000080
06Feb2019 22:00:00;0,0000000
06Feb2019 23:00:00;0,0000000
07Feb2019 0:00:00;0,0051200
07Feb2019 1:00:00;0,0000000
07Feb2019 2:00:00;0,0000080
07Feb2019 3:00:00;0,0000000
07Feb2019 4:00:00;0,0000000
07Feb2019 5:00:00;0,0000080
07Feb2019 6:00:00;0,0000000
07Feb2019 7:00:00;1,0286287
07Feb2019 8:00:00;6,9636229
07Feb2019 9:00:00;19,9054417
07Feb2019 10:00:00;32,4244509
07Feb2019 11:00:00;49,9046839
07Feb2019 12:00:00;60,0375419
07Feb2019 13:00:00;64,9699957
07Feb2019 14:00:00;63,7848105
07Feb2019 15:00:00;49,9933869
07Feb2019 16:00:00;24,3402589
07Feb2019 17:00:00;6,2773630
07Feb2019 18:00:00;0,0097313
07Feb2019 19:00:00;0,0000000
07Feb2019 20:00:00;0,0000080
07Feb2019 21:00:00;0,0000000
07Feb2019 22:00:00;0,0000000
07Feb2019 23:00:00;0,0000080
08Feb2019 0:00:00;0,0000000
08Feb2019 1:00:00;0,0000000
08Feb2019 2:00:00;0,0000080
08Feb2019 3:00:00;0,0000000
08Feb2019 4:00:00;0,0000000
08Feb2019 5:00:00;0,0000080
08Feb2019 6:00:00;0,0000000
08Feb2019 7:00:00;1,7878161
08Feb2019 8:00:00;12,3116939
08Feb2019 9:00:00;34,2061273
08Feb2019 10:00:00;60,6498835
08Feb2019 11:00:00;68,3337765
08Feb2019 12:00:00;65,6022306
08Feb2019 13:00:00;55,5116336
08Feb2019 14:00:00;44,4974874
08Feb2019 15:00:00;29,4094322
08Feb2019 16:00:00;15,2190792
08Feb2019 17:00:00;4,4539014
08Feb2019 18:00:00;0,0013643
08Feb2019 19:00:00;0,0000000
08Feb2019 20:00:00;0,0000080
08Feb2019 21:00:00;0,0000000
08Feb2019 22:00:00;0,0000000
08Feb2019 23:00:00;0,0000080
09Feb2019 0:00:00;0,0000000
09Feb2019 1:00:00;0,0000080
09Feb2019 2:00:00;0,0000000
09Feb2019 3:00:00;0,0000000
09Feb2019 4:00:00;0,0000080
09Feb2019 5:00:00;0,0000000
09Feb2019 6:00:00;0,0000000
09Feb2019 7:00:00;1,4395164
09Feb2019 8:00:00;10,3073398
09Feb2019 9:00:00;26,9374826
09Feb2019 10:00:00;43,3955303
09Feb2019 11:00:00;53,6953190
09Feb2019 12:00:00;53,7491352
09Feb2019 13:00:00;51,6802031
09Feb2019 14:00:00;41,4073569
09Feb2019 15:00:00;26,0014639
09Feb2019 16:00:00;15,6727760
09Feb2019 17:00:00;4,7043330
09Feb2019 18:00:00;0,0207640
09Feb2019 19:00:00;0,0000080
09Feb2019 20:00:00;0,0000000
09Feb2019 21:00:00;0,0000000
09Feb2019 22:00:00;0,0000080
09Feb2019 23:00:00;0,0259500
10Feb2019 0:00:00;0,0000080
10Feb2019 1:00:00;0,0000000
10Feb2019 2:00:00;0,0000000
10Feb2019 3:00:00;0,0000080
10Feb2019 4:00:00;0,0000000
10Feb2019 5:00:00;0,0000000
10Feb2019 6:00:00;0,0000080
10Feb2019 7:00:00;0,6276969
10Feb2019 8:00:00;6,5676207
10Feb2019 9:00:00;27,8669264
10Feb2019 10:00:00;53,7178651
10Feb2019 11:00:00;81,5409869
10Feb2019 12:00:00;103,3154296
10Feb2019 13:00:00;105,8551534
10Feb2019 14:00:00;83,2784653
10Feb2019 15:00:00;68,8617729
10Feb2019 16:00:00;44,6817994
10Feb2019 17:00:00;10,6136930
10Feb2019 18:00:00;0,0513189
10Feb2019 19:00:00;0,0000000
10Feb2019 20:00:00;0,0000080
10Feb2019 21:00:00;0,0000000
10Feb2019 22:00:00;0,0000080
10Feb2019 23:00:00;0,0000000
11Feb2019 0:00:00;0,0000000
11Feb2019 1:00:00;0,0000080
11Feb2019 2:00:00;0,0000000
11Feb2019 3:00:00;0,0000000
11Feb2019 4:00:00;0,0000080
11Feb2019 5:00:00;0,0000000
11Feb2019 6:00:00;0,0063281
11Feb2019 7:00:00;12,3586663
11Feb2019 8:00:00;63,1670214
11Feb2019 9:00:00;138,4015906
11Feb2019 10:00:00;197,9462967
11Feb2019 11:00:00;233,2770546
11Feb2019 12:00:00;251,7025560
11Feb2019 13:00:00;259,2822418
11Feb2019 14:00:00;232,8269170
11Feb2019 15:00:00;177,2470103
11Feb2019 16:00:00;91,0410975
11Feb2019 17:00:00;28,2598320
11Feb2019 18:00:00;0,6149091
11Feb2019 19:00:00;0,0000000
11Feb2019 20:00:00;0,0000080
11Feb2019 21:00:00;0,0000000
11Feb2019 22:00:00;0,0000000
11Feb2019 23:00:00;0,0255410
12Feb2019 0:00:00;0,0000000
12Feb2019 1:00:00;0,0000000
12Feb2019 2:00:00;0,0000080
12Feb2019 3:00:00;0,0000000
12Feb2019 4:00:00;0,0000080
12Feb2019 5:00:00;0,0000000
12Feb2019 6:00:00;0,0718210
12Feb2019 7:00:00;14,7990479
12Feb2019 8:00:00;70,2600807
12Feb2019 9:00:00;145,2673464
12Feb2019 10:00:00;217,4574370
12Feb2019 11:00:00;259,2237703
12Feb2019 12:00:00;260,1090018
12Feb2019 13:00:00;243,3582358
12Feb2019 14:00:00;220,9586874
12Feb2019 15:00:00;163,5404541
12Feb2019 16:00:00;86,2525918
12Feb2019 17:00:00;17,1608214
12Feb2019 18:00:00;0,0618950
12Feb2019 19:00:00;0,0000000
12Feb2019 20:00:00;0,0000080
12Feb2019 21:00:00;0,0000000
12Feb2019 22:00:00;0,0000000
12Feb2019 23:00:00;0,0000080
13Feb2019 0:00:00;0,0000000
13Feb2019 1:00:00;0,0000080
13Feb2019 2:00:00;0,0000000
13Feb2019 3:00:00;0,0000000
13Feb2019 4:00:00;0,0000080
13Feb2019 5:00:00;0,0000000
13Feb2019 6:00:00;0,0000500
13Feb2019 7:00:00;4,7700407
13Feb2019 8:00:00;25,5058943
13Feb2019 9:00:00;65,7454434
13Feb2019 10:00:00;105,1244744
13Feb2019 11:00:00;133,8155072
13Feb2019 12:00:00;137,8943480
13Feb2019 13:00:00;112,9860602
13Feb2019 14:00:00;96,3646333
13Feb2019 15:00:00;67,0487069
13Feb2019 16:00:00;36,3614848
13Feb2019 17:00:00;8,9505345
13Feb2019 18:00:00;0,0268021
13Feb2019 19:00:00;0,0000000
13Feb2019 20:00:00;0,0000080
13Feb2019 21:00:00;0,0000000
13Feb2019 22:00:00;0,0000000
13Feb2019 23:00:00;0,0000080
14Feb2019 0:00:00;0,0000000
14Feb2019 1:00:00;0,0000080
14Feb2019 2:00:00;0,0000000
14Feb2019 3:00:00;0,0000000
14Feb2019 4:00:00;0,0000080
14Feb2019 5:00:00;0,0000000
14Feb2019 6:00:00;0,0000000
14Feb2019 7:00:00;2,5728227
14Feb2019 8:00:00;14,1456283
14Feb2019 9:00:00;38,2670719
14Feb2019 10:00:00;65,2681292
14Feb2019 11:00:00;86,4109691
14Feb2019 12:00:00;86,9486305
14Feb2019 13:00:00;82,3605448
14Feb2019 14:00:00;64,9733199
14Feb2019 15:00:00;49,1426564
14Feb2019 16:00:00;24,6521671
14Feb2019 17:00:00;7,4447065
14Feb2019 18:00:00;0,0225107
14Feb2019 19:00:00;0,0000000
14Feb2019 20:00:00;0,0000000
14Feb2019 21:00:00;0,0000080
14Feb2019 22:00:00;0,0000000
14Feb2019 23:00:00;0,0000080
15Feb2019 0:00:00;0,0000000
15Feb2019 1:00:00;0,0000000
15Feb2019 2:00:00;0,0000080
15Feb2019 3:00:00;0,0000000
15Feb2019 4:00:00;0,0000000
15Feb2019 5:00:00;0,0000080
15Feb2019 6:00:00;0,0025560
15Feb2019 7:00:00;2,6444379
15Feb2019 8:00:00;15,5811278
15Feb2019 9:00:00;42,3500649
15Feb2019 10:00:00;73,5797822
15Feb2019 11:00:00;117,8314212
15Feb2019 12:00:00;144,6753193
15Feb2019 13:00:00;144,4116416
15Feb2019 14:00:00;124,5277401
15Feb2019 15:00:00;101,3103782
15Feb2019 16:00:00;52,5601997
15Feb2019 17:00:00;13,3563158
15Feb2019 18:00:00;0,1757945
15Feb2019 19:00:00;0,0000000
15Feb2019 20:00:00;0,0000080
15Feb2019 21:00:00;0,0000000
15Feb2019 22:00:00;0,0000000
15Feb2019 23:00:00;0,0000080
16Feb2019 0:00:00;0,0083370
16Feb2019 1:00:00;0,0000000
16Feb2019 2:00:00;0,0000080
16Feb2019 3:00:00;0,0000000
16Feb2019 4:00:00;0,0000000
16Feb2019 5:00:00;0,0000080
16Feb2019 6:00:00;0,0208223
16Feb2019 7:00:00;7,2257398
16Feb2019 8:00:00;42,8032429
16Feb2019 9:00:00;108,4283882
16Feb2019 10:00:00;186,7725673
16Feb2019 11:00:00;228,1953310
16Feb2019 12:00:00;222,2889078
16Feb2019 13:00:00;188,6179913
16Feb2019 14:00:00;138,7587289
16Feb2019 15:00:00;101,0606274
16Feb2019 16:00:00;54,7706529
16Feb2019 17:00:00;16,2288196
16Feb2019 18:00:00;0,2152301
16Feb2019 19:00:00;0,0000000
16Feb2019 20:00:00;0,0000080
16Feb2019 21:00:00;0,0000000
16Feb2019 22:00:00;0,0000000
16Feb2019 23:00:00;0,0000080
17Feb2019 0:00:00;0,0000000
17Feb2019 1:00:00;0,0000000
17Feb2019 2:00:00;0,0000000
17Feb2019 3:00:00;0,0000000
17Feb2019 4:00:00;0,0000000
17Feb2019 5:00:00;0,0000080
17Feb2019 6:00:00;0,2931351
17Feb2019 7:00:00;19,9346739
17Feb2019 8:00:00;90,6350792
17Feb2019 9:00:00;187,9709529
17Feb2019 10:00:00;266,8061895
17Feb2019 11:00:00;302,9596123
17Feb2019 12:00:00;320,8027835
17Feb2019 13:00:00;314,6309088
17Feb2019 14:00:00;285,2385805
17Feb2019 15:00:00;224,4957079
17Feb2019 16:00:00;133,2520112
17Feb2019 17:00:00;42,1740053
17Feb2019 18:00:00;1,4476960
17Feb2019 19:00:00;0,0000000
17Feb2019 20:00:00;0,0000000
17Feb2019 21:00:00;0,0000080
17Feb2019 22:00:00;0,0000000
17Feb2019 23:00:00;0,0000000
18Feb2019 0:00:00;0,0000080
18Feb2019 1:00:00;0,0000000
18Feb2019 2:00:00;0,0000000
18Feb2019 3:00:00;0,0000080
18Feb2019 4:00:00;0,0000000
18Feb2019 5:00:00;0,0000080
18Feb2019 6:00:00;0,2663138
18Feb2019 7:00:00;19,6784992
18Feb2019 8:00:00;89,2352814
18Feb2019 9:00:00;185,9981441
18Feb2019 10:00:00;260,2550101
18Feb2019 11:00:00;302,9567758
18Feb2019 12:00:00;310,9101922
18Feb2019 13:00:00;306,8035617
18Feb2019 14:00:00;276,3539210
18Feb2019 15:00:00;221,5827073
18Feb2019 16:00:00;135,3553395
18Feb2019 17:00:00;44,0857962
18Feb2019 18:00:00;1,8452893
18Feb2019 19:00:00;0,0735650
18Feb2019 20:00:00;0,0000080
18Feb2019 21:00:00;0,0000000
18Feb2019 22:00:00;0,0000000
18Feb2019 23:00:00;0,0000080
19Feb2019 0:00:00;0,0000000
19Feb2019 1:00:00;0,0000000
19Feb2019 2:00:00;0,0000080
19Feb2019 3:00:00;0,0000000
19Feb2019 4:00:00;0,0000080
19Feb2019 5:00:00;0,0000000
19Feb2019 6:00:00;0,4039663
19Feb2019 7:00:00;21,3659065
19Feb2019 8:00:00;92,9771327
19Feb2019 9:00:00;188,6620376
19Feb2019 10:00:00;261,8416209
19Feb2019 11:00:00;293,7842266
19Feb2019 12:00:00;286,3591858
19Feb2019 13:00:00;276,3660931
19Feb2019 14:00:00;247,3628441
19Feb2019 15:00:00;203,1074861
19Feb2019 16:00:00;116,8285607
19Feb2019 17:00:00;39,5602806
19Feb2019 18:00:00;1,2598623
19Feb2019 19:00:00;0,0000000
19Feb2019 20:00:00;0,0000080
19Feb2019 21:00:00;0,0000000
19Feb2019 22:00:00;0,0000080
19Feb2019 23:00:00;0,0000000
20Feb2019 0:00:00;0,0000000
20Feb2019 1:00:00;0,0000080
20Feb2019 2:00:00;0,0000000
20Feb2019 3:00:00;0,0000000
20Feb2019 4:00:00;0,0000080
20Feb2019 5:00:00;0,0000000
20Feb2019 6:00:00;0,5515778
20Feb2019 7:00:00;24,4459577
20Feb2019 8:00:00;102,9085100
20Feb2019 9:00:00;203,1402129
20Feb2019 10:00:00;277,3150687
20Feb2019 11:00:00;314,8520635
20Feb2019 12:00:00;324,2992333
20Feb2019 13:00:00;315,0475737
20Feb2019 14:00:00;284,2828651
20Feb2019 15:00:00;213,6038066
20Feb2019 16:00:00;133,3019983
20Feb2019 17:00:00;46,1474964
20Feb2019 18:00:00;2,3465034
20Feb2019 19:00:00;0,0000000
20Feb2019 20:00:00;0,0000080
20Feb2019 21:00:00;0,0000000
20Feb2019 22:00:00;0,0000080
20Feb2019 23:00:00;0,0000000
21Feb2019 0:00:00;0,0000000
21Feb2019 1:00:00;0,0000080
21Feb2019 2:00:00;0,0000000
21Feb2019 3:00:00;0,0000000
21Feb2019 4:00:00;0,0000080
21Feb2019 5:00:00;0,0000000
21Feb2019 6:00:00;0,7490202
21Feb2019 7:00:00;24,1068723
21Feb2019 8:00:00;100,6078202
21Feb2019 9:00:00;198,0214569
21Feb2019 10:00:00;269,7851597
21Feb2019 11:00:00;299,3803907
21Feb2019 12:00:00;289,0052596
21Feb2019 13:00:00;255,9026742
21Feb2019 14:00:00;214,9619811
21Feb2019 15:00:00;152,8098502
21Feb2019 16:00:00;77,7246175
21Feb2019 17:00:00;23,3245849
21Feb2019 18:00:00;0,9220118
21Feb2019 19:00:00;0,0000000
21Feb2019 20:00:00;0,0000000
21Feb2019 21:00:00;0,0000080
21Feb2019 22:00:00;0,0000000
21Feb2019 23:00:00;0,0000000
22Feb2019 0:00:00;0,0000080
22Feb2019 1:00:00;0,0000000
22Feb2019 2:00:00;0,0000080
22Feb2019 3:00:00;0,0000000
22Feb2019 4:00:00;0,0000000
22Feb2019 5:00:00;0,0000080
22Feb2019 6:00:00;0,4803408
22Feb2019 7:00:00;19,5142070
22Feb2019 8:00:00;83,8273494
22Feb2019 9:00:00;174,6804423
22Feb2019 10:00:00;250,9446492
22Feb2019 11:00:00;289,1230927
22Feb2019 12:00:00;269,0947272
22Feb2019 13:00:00;230,7882465
22Feb2019 14:00:00;189,9423918
22Feb2019 15:00:00;139,1031844
22Feb2019 16:00:00;89,7004330
22Feb2019 17:00:00;32,6369204
22Feb2019 18:00:00;1,6832230
22Feb2019 19:00:00;0,0000000
22Feb2019 20:00:00;0,0000000
22Feb2019 21:00:00;0,0000000
22Feb2019 22:00:00;0,0000000
22Feb2019 23:00:00;0,0000080
23Feb2019 0:00:00;0,0000000
23Feb2019 1:00:00;0,0000000
23Feb2019 2:00:00;0,0000080
23Feb2019 3:00:00;0,0000000
23Feb2019 4:00:00;0,0000000
23Feb2019 5:00:00;0,0000080
23Feb2019 6:00:00;0,1220093
23Feb2019 7:00:00;5,1654259
23Feb2019 8:00:00;24,3940348
23Feb2019 9:00:00;62,2386302
23Feb2019 10:00:00;93,9253499
23Feb2019 11:00:00;112,2567972
23Feb2019 12:00:00;112,7141610
23Feb2019 13:00:00;115,6990791
23Feb2019 14:00:00;105,7662534
23Feb2019 15:00:00;78,9582679
23Feb2019 16:00:00;41,8872762
23Feb2019 17:00:00;12,9933413
23Feb2019 18:00:00;0,3781391
23Feb2019 19:00:00;0,0000080
23Feb2019 20:00:00;0,0000000
23Feb2019 21:00:00;0,0274605
23Feb2019 22:00:00;0,0000080
23Feb2019 23:00:00;0,0000000
24Feb2019 0:00:00;0,0000000
24Feb2019 1:00:00;0,0000080
24Feb2019 2:00:00;0,0000000
24Feb2019 3:00:00;0,0000080
24Feb2019 4:00:00;0,0000000
24Feb2019 5:00:00;0,0000000
24Feb2019 6:00:00;0,0544600
24Feb2019 7:00:00;2,6992573
24Feb2019 8:00:00;12,3956447
24Feb2019 9:00:00;32,0759589
24Feb2019 10:00:00;52,6533651
24Feb2019 11:00:00;70,6220439
24Feb2019 12:00:00;89,4215776
24Feb2019 13:00:00;102,8314585
24Feb2019 14:00:00;96,6007292
24Feb2019 15:00:00;81,2515284
24Feb2019 16:00:00;45,8051194
24Feb2019 17:00:00;14,1716205
24Feb2019 18:00:00;0,5730251
24Feb2019 19:00:00;0,0000080
24Feb2019 20:00:00;0,0000000
24Feb2019 21:00:00;0,0000000
24Feb2019 22:00:00;0,0000080
24Feb2019 23:00:00;0,0000000
25Feb2019 0:00:00;0,0000080
25Feb2019 1:00:00;0,0000000
25Feb2019 2:00:00;0,0000000
25Feb2019 3:00:00;0,0000080
25Feb2019 4:00:00;0,0000000
25Feb2019 5:00:00;0,0000000
25Feb2019 6:00:00;0,3321359
25Feb2019 7:00:00;11,5726844
25Feb2019 8:00:00;47,7844453
25Feb2019 9:00:00;95,9208794
25Feb2019 10:00:00;131,5366807
25Feb2019 11:00:00;149,9032982
25Feb2019 12:00:00;160,8688149
25Feb2019 13:00:00;175,6592133
25Feb2019 14:00:00;184,2141060
25Feb2019 15:00:00;166,6447553
25Feb2019 16:00:00;113,7079361
25Feb2019 17:00:00;41,8435402
25Feb2019 18:00:00;2,2548767
25Feb2019 19:00:00;0,0000000
25Feb2019 20:00:00;0,0000000
25Feb2019 21:00:00;0,0000080
25Feb2019 22:00:00;0,0000000
25Feb2019 23:00:00;0,0000000
26Feb2019 0:00:00;0,0000080
26Feb2019 1:00:00;0,0000000
26Feb2019 2:00:00;0,0000080
26Feb2019 3:00:00;0,0000000
26Feb2019 4:00:00;0,0000000
26Feb2019 5:00:00;0,0000080
26Feb2019 6:00:00;0,0685922
26Feb2019 7:00:00;4,7266409
26Feb2019 8:00:00;27,7331907
26Feb2019 9:00:00;72,4060751
26Feb2019 10:00:00;142,5632983
26Feb2019 11:00:00;211,9275171
26Feb2019 12:00:00;240,6962479
26Feb2019 13:00:00;231,2711541
26Feb2019 14:00:00;209,1764094
26Feb2019 15:00:00;161,1652364
26Feb2019 16:00:00;101,5267975
26Feb2019 17:00:00;34,7902735
26Feb2019 18:00:00;3,2229462
26Feb2019 19:00:00;0,0000000
26Feb2019 20:00:00;0,0000080
26Feb2019 21:00:00;0,0000000
26Feb2019 22:00:00;0,0000000
26Feb2019 23:00:00;0,0000080
27Feb2019 0:00:00;0,0000000
27Feb2019 1:00:00;0,0000080
27Feb2019 2:00:00;0,0000000
27Feb2019 3:00:00;0,0000000
27Feb2019 4:00:00;0,0000080
27Feb2019 5:00:00;0,0000000
27Feb2019 6:00:00;0,3808154
27Feb2019 7:00:00;10,9001161
27Feb2019 8:00:00;40,9203045
27Feb2019 9:00:00;79,3797109
27Feb2019 10:00:00;118,8372749
27Feb2019 11:00:00;128,8429502
27Feb2019 12:00:00;130,7974111
27Feb2019 13:00:00;110,3383102
27Feb2019 14:00:00;92,0650038
27Feb2019 15:00:00;78,6025369
27Feb2019 16:00:00;52,3094660
27Feb2019 17:00:00;20,9383379
27Feb2019 18:00:00;1,3254717
27Feb2019 19:00:00;0,0000080
27Feb2019 20:00:00;0,0000000
27Feb2019 21:00:00;0,0000000
27Feb2019 22:00:00;0,0000080
27Feb2019 23:00:00;0,0000000
28Feb2019 0:00:00;0,0000000
28Feb2019 1:00:00;0,0000080
28Feb2019 2:00:00;0,0000000
28Feb2019 3:00:00;0,0000000
28Feb2019 4:00:00;0,0000080
28Feb2019 5:00:00;0,0000000
28Feb2019 6:00:00;0,3492315
28Feb2019 7:00:00;10,5754452
28Feb2019 8:00:00;53,2389699
28Feb2019 9:00:00;121,7080864
28Feb2019 10:00:00;166,7329774
28Feb2019 11:00:00;195,7126711
28Feb2019 12:00:00;190,6868323
28Feb2019 13:00:00;189,2322768
28Feb2019 14:00:00;180,7715019
28Feb2019 15:00:00;141,5684834
28Feb2019 16:00:00;91,9520576
28Feb2019 17:00:00;41,5898804
28Feb2019 18:00:00;3,5814602
28Feb2019 19:00:00;0,0000080
28Feb2019 20:00:00;0,0000000
28Feb2019 21:00:00;0,0000000
28Feb2019 22:00:00;0,0000080
28Feb2019 23:00:00;0,0000000
01Mar2019 0:00:00;0,0000000
01Mar2019 1:00:00;0,0000080
01Mar2019 2:00:00;0,0000000
01Mar2019 3:00:00;0,0000080
01Mar2019 4:00:00;0,0000000
01Mar2019 5:00:00;0,0000000
01Mar2019 6:00:00;1,8837504
01Mar2019 7:00:00;32,6937648
01Mar2019 8:00:00;112,7038682
01Mar2019 9:00:00;207,8385158
01Mar2019 10:00:00;282,3190785
01Mar2019 11:00:00;320,1429727
01Mar2019 12:00:00;325,2402224
01Mar2019 13:00:00;318,8143124
01Mar2019 14:00:00;288,4197314
01Mar2019 15:00:00;228,5858167
01Mar2019 16:00:00;136,3316968
01Mar2019 17:00:00;51,3949977
01Mar2019 18:00:00;4,3958985
01Mar2019 19:00:00;0,0000000
01Mar2019 20:00:00;0,0000080
01Mar2019 21:00:00;0,0000000
01Mar2019 22:00:00;0,0000000
01Mar2019 23:00:00;0,0000080
02Mar2019 0:00:00;0,0000000
02Mar2019 1:00:00;0,0000080
02Mar2019 2:00:00;0,0000000
02Mar2019 3:00:00;0,0000000
02Mar2019 4:00:00;0,0000080
02Mar2019 5:00:00;0,0000000
02Mar2019 6:00:00;1,6480234
02Mar2019 7:00:00;27,9083461
02Mar2019 8:00:00;102,6801052
02Mar2019 9:00:00;189,7322488
02Mar2019 10:00:00;247,9726118
02Mar2019 11:00:00;257,4675339
02Mar2019 12:00:00;242,0105898
02Mar2019 13:00:00;210,3778811
02Mar2019 14:00:00;162,0053499
02Mar2019 15:00:00;107,9201178
02Mar2019 16:00:00;56,9733823
02Mar2019 17:00:00;15,8147471
02Mar2019 18:00:00;0,9422949
02Mar2019 19:00:00;0,0000000
02Mar2019 20:00:00;0,0000080
02Mar2019 21:00:00;0,0000000
02Mar2019 22:00:00;0,0000000
02Mar2019 23:00:00;0,0000080
03Mar2019 0:00:00;0,0000000
03Mar2019 1:00:00;0,0000080
03Mar2019 2:00:00;0,0000000
03Mar2019 3:00:00;0,0000000
03Mar2019 4:00:00;0,0000080
03Mar2019 5:00:00;0,0000000
03Mar2019 6:00:00;1,4330300
03Mar2019 7:00:00;22,6611026
03Mar2019 8:00:00;86,3187527
03Mar2019 9:00:00;181,6887206
03Mar2019 10:00:00;255,0352477
03Mar2019 11:00:00;273,0225549
03Mar2019 12:00:00;260,9621093
03Mar2019 13:00:00;234,7117696
03Mar2019 14:00:00;213,9125268
03Mar2019 15:00:00;169,0732387
03Mar2019 16:00:00;108,6250822
03Mar2019 17:00:00;44,0105896
03Mar2019 18:00:00;4,2132515
03Mar2019 19:00:00;0,0000000
03Mar2019 20:00:00;0,0000000
03Mar2019 21:00:00;0,0000080
03Mar2019 22:00:00;0,0000000
03Mar2019 23:00:00;0,0000080
04Mar2019 0:00:00;0,0000000
04Mar2019 1:00:00;0,0000000
04Mar2019 2:00:00;0,0000000
04Mar2019 3:00:00;0,0000000
04Mar2019 4:00:00;0,0000000
04Mar2019 5:00:00;0,0000080
04Mar2019 6:00:00;2,9345384
04Mar2019 7:00:00;33,3572586
04Mar2019 8:00:00;113,2540675
04Mar2019 9:00:00;207,2159540
04Mar2019 10:00:00;274,2761788
04Mar2019 11:00:00;312,5035190
04Mar2019 12:00:00;321,2858640
04Mar2019 13:00:00;311,5554066
04Mar2019 14:00:00;271,5178443
04Mar2019 15:00:00;218,5436127
04Mar2019 16:00:00;140,2552704
04Mar2019 17:00:00;57,4412910
04Mar2019 18:00:00;5,2975466
04Mar2019 19:00:00;0,0000000
04Mar2019 20:00:00;0,0000000
04Mar2019 21:00:00;0,0000080
04Mar2019 22:00:00;0,0000000
04Mar2019 23:00:00;0,0000080
05Mar2019 0:00:00;0,0000000
05Mar2019 1:00:00;0,0000000
05Mar2019 2:00:00;0,0000080
05Mar2019 3:00:00;0,0000000
05Mar2019 4:00:00;0,0000000
05Mar2019 5:00:00;0,0000000
05Mar2019 6:00:00;3,5598708
05Mar2019 7:00:00;38,5991274
05Mar2019 8:00:00;117,1152416
05Mar2019 9:00:00;203,0355733
05Mar2019 10:00:00;271,5586517
05Mar2019 11:00:00;303,9012949
05Mar2019 12:00:00;292,9955451
05Mar2019 13:00:00;287,5210113
05Mar2019 14:00:00;253,5689620
05Mar2019 15:00:00;208,9898645
05Mar2019 16:00:00;142,9037166
05Mar2019 17:00:00;59,1070547
05Mar2019 18:00:00;7,1791808
05Mar2019 19:00:00;0,0000080
05Mar2019 20:00:00;0,0000000
05Mar2019 21:00:00;0,0000000
05Mar2019 22:00:00;0,0000080
05Mar2019 23:00:00;0,0000000
06Mar2019 0:00:00;0,0000000
06Mar2019 1:00:00;0,0000080
06Mar2019 2:00:00;0,0000000
06Mar2019 3:00:00;0,0000000
06Mar2019 4:00:00;0,0000080
06Mar2019 5:00:00;0,0000000
06Mar2019 6:00:00;1,5198826
06Mar2019 7:00:00;21,0889676
06Mar2019 8:00:00;82,2862359
06Mar2019 9:00:00;159,7365142
06Mar2019 10:00:00;199,3075893
06Mar2019 11:00:00;200,5969058
06Mar2019 12:00:00;198,8213862
06Mar2019 13:00:00;170,4095819
06Mar2019 14:00:00;135,4952357
06Mar2019 15:00:00;91,1365923
06Mar2019 16:00:00;41,3810446
06Mar2019 17:00:00;13,3641482
06Mar2019 18:00:00;0,7800906
06Mar2019 19:00:00;0,0000000
06Mar2019 20:00:00;0,0000000
06Mar2019 21:00:00;0,0000080
06Mar2019 22:00:00;0,0000000
06Mar2019 23:00:00;0,0000000
07Mar2019 0:00:00;0,0000080
07Mar2019 1:00:00;0,0000000
07Mar2019 2:00:00;0,0000080
07Mar2019 3:00:00;0,0000000
07Mar2019 4:00:00;0,0000000
07Mar2019 5:00:00;0,0000080
07Mar2019 6:00:00;3,4979843
07Mar2019 7:00:00;36,7294626
07Mar2019 8:00:00;116,1010014
07Mar2019 9:00:00;200,1363989
07Mar2019 10:00:00;268,2730032
07Mar2019 11:00:00;295,7470574
07Mar2019 12:00:00;319,8329756
07Mar2019 13:00:00;313,8291401
07Mar2019 14:00:00;299,9655637
07Mar2019 15:00:00;244,0549303
07Mar2019 16:00:00;161,5664174
07Mar2019 17:00:00;61,4258345
07Mar2019 18:00:00;5,9665181
07Mar2019 19:00:00;0,0000000
07Mar2019 20:00:00;1,1461070
07Mar2019 21:00:00;0,0000000
07Mar2019 22:00:00;0,0000000
07Mar2019 23:00:00;0,0000080
08Mar2019 0:00:00;0,0000000
08Mar2019 1:00:00;0,0000080
08Mar2019 2:00:00;0,0000000
08Mar2019 3:00:00;0,0000000
08Mar2019 4:00:00;0,0000080
08Mar2019 5:00:00;0,0000000
08Mar2019 6:00:00;5,5290881
08Mar2019 7:00:00;46,0642377
08Mar2019 8:00:00;137,2635143
08Mar2019 9:00:00;235,7736022
08Mar2019 10:00:00;303,2134973
08Mar2019 11:00:00;336,8147500
08Mar2019 12:00:00;338,0853038
08Mar2019 13:00:00;330,4302851
08Mar2019 14:00:00;306,9690745
08Mar2019 15:00:00;253,8238622
08Mar2019 16:00:00;165,4061534
08Mar2019 17:00:00;69,8718941
08Mar2019 18:00:00;9,0949393
08Mar2019 19:00:00;0,0000000
08Mar2019 20:00:00;0,0000080
08Mar2019 21:00:00;0,0000000
08Mar2019 22:00:00;0,0000080
08Mar2019 23:00:00;0,0000000
09Mar2019 0:00:00;0,0000000
09Mar2019 1:00:00;0,0000080
09Mar2019 2:00:00;0,0000000
09Mar2019 3:00:00;0,0000000
09Mar2019 4:00:00;0,0000080
09Mar2019 5:00:00;0,0000000
09Mar2019 6:00:00;4,7640574
09Mar2019 7:00:00;35,7484204
09Mar2019 8:00:00;112,7208894
09Mar2019 9:00:00;203,6933399
09Mar2019 10:00:00;276,8447866
09Mar2019 11:00:00;315,0947613
09Mar2019 12:00:00;325,5656843
09Mar2019 13:00:00;308,0461126
09Mar2019 14:00:00;267,9568810
09Mar2019 15:00:00;206,6336406
09Mar2019 16:00:00;140,8096681
09Mar2019 17:00:00;59,1238578
09Mar2019 18:00:00;8,7988996
09Mar2019 19:00:00;0,0000080
09Mar2019 20:00:00;0,0000000
09Mar2019 21:00:00;0,0000080
09Mar2019 22:00:00;0,0000000
09Mar2019 23:00:00;0,0000000
10Mar2019 0:00:00;0,0000080
10Mar2019 1:00:00;0,0000000
10Mar2019 2:00:00;0,0000000
10Mar2019 3:00:00;0,0000000
10Mar2019 4:00:00;0,0000000
10Mar2019 5:00:00;0,0000000
10Mar2019 6:00:00;3,9602776
10Mar2019 7:00:00;38,2927126
10Mar2019 8:00:00;122,8716887
10Mar2019 9:00:00;224,5083019
10Mar2019 10:00:00;293,1097809
10Mar2019 11:00:00;319,4508830
10Mar2019 12:00:00;322,0461767
10Mar2019 13:00:00;316,7645023
10Mar2019 14:00:00;272,7102468
10Mar2019 15:00:00;198,7481726
10Mar2019 16:00:00;111,8750162
10Mar2019 17:00:00;44,5560338
10Mar2019 18:00:00;6,8368104
10Mar2019 19:00:00;0,0537235
10Mar2019 20:00:00;0,0000000
10Mar2019 21:00:00;0,0000080
10Mar2019 22:00:00;0,0000000
10Mar2019 23:00:00;0,0000000
11Mar2019 0:00:00;0,0000080
11Mar2019 1:00:00;0,0000000
11Mar2019 2:00:00;0,0000080
11Mar2019 3:00:00;0,0000000
11Mar2019 4:00:00;0,0000000
11Mar2019 5:00:00;0,0000080
11Mar2019 6:00:00;3,7926955
11Mar2019 7:00:00;36,6310681
11Mar2019 8:00:00;114,8306423
11Mar2019 9:00:00;206,0716188
11Mar2019 10:00:00;280,0253326
11Mar2019 11:00:00;312,5510102
11Mar2019 12:00:00;321,6886629
11Mar2019 13:00:00;305,5843446
11Mar2019 14:00:00;270,3137404
11Mar2019 15:00:00;205,9127250
11Mar2019 16:00:00;124,8523941
11Mar2019 17:00:00;54,7913513
11Mar2019 18:00:00;10,0990326
11Mar2019 19:00:00;0,0000000
11Mar2019 20:00:00;0,9894900
11Mar2019 21:00:00;0,0000080
11Mar2019 22:00:00;0,0000000
11Mar2019 23:00:00;0,0000000
12Mar2019 0:00:00;0,0000080
12Mar2019 1:00:00;0,0000000
12Mar2019 2:00:00;0,0000080
12Mar2019 3:00:00;0,0000000
12Mar2019 4:00:00;0,0000000
12Mar2019 5:00:00;0,0000080
12Mar2019 6:00:00;1,7864606
12Mar2019 7:00:00;14,8538208
12Mar2019 8:00:00;42,3932033
12Mar2019 9:00:00;72,3475076
12Mar2019 10:00:00;108,5420193
12Mar2019 11:00:00;126,8894580
12Mar2019 12:00:00;129,4430337
12Mar2019 13:00:00;102,3822846
12Mar2019 14:00:00;70,2834030
12Mar2019 15:00:00;45,7512586
12Mar2019 16:00:00;23,1512328
12Mar2019 17:00:00;7,5379616
12Mar2019 18:00:00;0,5331034
12Mar2019 19:00:00;0,0000000
12Mar2019 20:00:00;0,0000080
12Mar2019 21:00:00;0,0000000
12Mar2019 22:00:00;0,0000000
12Mar2019 23:00:00;0,0000000
13Mar2019 0:00:00;0,0000000
13Mar2019 1:00:00;0,0000080
13Mar2019 2:00:00;0,0000000
13Mar2019 3:00:00;0,0000000
13Mar2019 4:00:00;0,0000080
13Mar2019 5:00:00;0,0000000
13Mar2019 6:00:00;0,7001186
13Mar2019 7:00:00;9,3837809
13Mar2019 8:00:00;31,1741905
13Mar2019 9:00:00;68,2926888
13Mar2019 10:00:00;116,5994353
13Mar2019 11:00:00;152,2407158
13Mar2019 12:00:00;178,6920322
13Mar2019 13:00:00;174,4789269
13Mar2019 14:00:00;143,1364207
13Mar2019 15:00:00;93,9600585
13Mar2019 16:00:00;50,3971758
13Mar2019 17:00:00;19,2989009
13Mar2019 18:00:00;2,9929103
13Mar2019 19:00:00;0,0748800
13Mar2019 20:00:00;0,0000000
13Mar2019 21:00:00;0,0000000
13Mar2019 22:00:00;0,0000080
13Mar2019 23:00:00;0,0000000
14Mar2019 0:00:00;0,0000080
14Mar2019 1:00:00;0,0000000
14Mar2019 2:00:00;0,0000000
14Mar2019 3:00:00;0,0000080
14Mar2019 4:00:00;0,0000000
14Mar2019 5:00:00;0,0000000
14Mar2019 6:00:00;4,2151782
14Mar2019 7:00:00;32,9298458
14Mar2019 8:00:00;93,5865144
14Mar2019 9:00:00;158,1866256
14Mar2019 10:00:00;223,7847916
14Mar2019 11:00:00;274,6586949
14Mar2019 12:00:00;305,7599440
14Mar2019 13:00:00;296,9273109
14Mar2019 14:00:00;257,1989876
14Mar2019 15:00:00;189,6313379
14Mar2019 16:00:00;111,9070487
14Mar2019 17:00:00;46,9647825
14Mar2019 18:00:00;6,6277682
14Mar2019 19:00:00;0,0000080
14Mar2019 20:00:00;0,0000000
14Mar2019 21:00:00;0,0000000
14Mar2019 22:00:00;0,0000080
14Mar2019 23:00:00;0,0000000
15Mar2019 0:00:00;0,0000000
15Mar2019 1:00:00;0,0000080
15Mar2019 2:00:00;0,0000000
15Mar2019 3:00:00;0,0000000
15Mar2019 4:00:00;0,0000080
15Mar2019 5:00:00;0,0000000
15Mar2019 6:00:00;1,3317671
15Mar2019 7:00:00;11,6479067
15Mar2019 8:00:00;35,6408663
15Mar2019 9:00:00;69,5324283
15Mar2019 10:00:00;95,4812647
15Mar2019 11:00:00;104,9005180
15Mar2019 12:00:00;118,8680339
15Mar2019 13:00:00;104,9690703
15Mar2019 14:00:00;100,7355864
15Mar2019 15:00:00;89,0650905
15Mar2019 16:00:00;47,9653628
15Mar2019 17:00:00;16,1007252
15Mar2019 18:00:00;2,0254740
15Mar2019 19:00:00;0,0134668
15Mar2019 20:00:00;0,0251230
15Mar2019 21:00:00;0,0000000
15Mar2019 22:00:00;0,0000000
15Mar2019 23:00:00;0,0000080
16Mar2019 0:00:00;0,0000000
16Mar2019 1:00:00;0,0000080
16Mar2019 2:00:00;0,0000000
16Mar2019 3:00:00;0,0000000
16Mar2019 4:00:00;0,0000080
16Mar2019 5:00:00;0,0083580
16Mar2019 6:00:00;0,5840520
16Mar2019 7:00:00;7,4363838
16Mar2019 8:00:00;25,7460134
16Mar2019 9:00:00;48,7093836
16Mar2019 10:00:00;83,1920755
16Mar2019 11:00:00;100,9916669
16Mar2019 12:00:00;109,3224761
16Mar2019 13:00:00;113,0122966
16Mar2019 14:00:00;104,9263470
16Mar2019 15:00:00;99,3341024
16Mar2019 16:00:00;74,0133007
16Mar2019 17:00:00;33,2424268
16Mar2019 18:00:00;4,5765848
16Mar2019 19:00:00;0,0948080
16Mar2019 20:00:00;0,0101440
16Mar2019 21:00:00;0,0000000
16Mar2019 22:00:00;0,0000080
16Mar2019 23:00:00;0,0216190
17Mar2019 0:00:00;0,0000000
17Mar2019 1:00:00;0,0000080
17Mar2019 2:00:00;0,0000000
17Mar2019 3:00:00;0,0000080
17Mar2019 4:00:00;0,0000000
17Mar2019 5:00:00;0,0000000
17Mar2019 6:00:00;1,0458800
17Mar2019 7:00:00;10,9321393
17Mar2019 8:00:00;40,8520207
17Mar2019 9:00:00;89,3323663
17Mar2019 10:00:00;140,6623655
17Mar2019 11:00:00;204,8534066
17Mar2019 12:00:00;244,1534018
17Mar2019 13:00:00;255,6996420
17Mar2019 14:00:00;215,3035732
17Mar2019 15:00:00;154,2217752
17Mar2019 16:00:00;89,9234536
17Mar2019 17:00:00;44,8189115
17Mar2019 18:00:00;5,7310664
17Mar2019 19:00:00;0,0000080
17Mar2019 20:00:00;0,0000000
17Mar2019 21:00:00;0,0000000
17Mar2019 22:00:00;0,0000080
17Mar2019 23:00:00;0,0000000
18Mar2019 0:00:00;0,0000000
18Mar2019 1:00:00;0,0000000
18Mar2019 2:00:00;0,0000000
18Mar2019 3:00:00;0,0000080
18Mar2019 4:00:00;0,0000000
18Mar2019 5:00:00;0,0144780
18Mar2019 6:00:00;8,9005845
18Mar2019 7:00:00;57,6290011
18Mar2019 8:00:00;150,3308673
18Mar2019 9:00:00;237,5670379
18Mar2019 10:00:00;297,3953310
18Mar2019 11:00:00;324,5388509
18Mar2019 12:00:00;319,0065231
18Mar2019 13:00:00;305,7203510
18Mar2019 14:00:00;292,2392415
18Mar2019 15:00:00;243,6130644
18Mar2019 16:00:00;168,7765266
18Mar2019 17:00:00;75,1281251
18Mar2019 18:00:00;12,7908296
18Mar2019 19:00:00;0,0000080
18Mar2019 20:00:00;0,0000000
18Mar2019 21:00:00;0,0000000
18Mar2019 22:00:00;0,0000080
18Mar2019 23:00:00;0,0000000
19Mar2019 0:00:00;0,0000000
19Mar2019 1:00:00;0,0000080
19Mar2019 2:00:00;0,0000000
19Mar2019 3:00:00;0,0000000
19Mar2019 4:00:00;0,0000080
19Mar2019 5:00:00;0,0126000
19Mar2019 6:00:00;9,8438275
19Mar2019 7:00:00;60,6206318
19Mar2019 8:00:00;156,4067353
19Mar2019 9:00:00;244,4377406
19Mar2019 10:00:00;307,3819743
19Mar2019 11:00:00;335,2326484
19Mar2019 12:00:00;336,4257744
19Mar2019 13:00:00;324,3769549
19Mar2019 14:00:00;304,4380752
19Mar2019 15:00:00;252,6107603
19Mar2019 16:00:00;172,0727163
19Mar2019 17:00:00;76,7501653
19Mar2019 18:00:00;12,7159785
19Mar2019 19:00:00;0,0013300
19Mar2019 20:00:00;0,0000080
19Mar2019 21:00:00;0,0000000
19Mar2019 22:00:00;0,0000080
19Mar2019 23:00:00;0,0000000
20Mar2019 0:00:00;0,0000000
20Mar2019 1:00:00;0,0000080
20Mar2019 2:00:00;0,0000000
20Mar2019 3:00:00;0,0000000
20Mar2019 4:00:00;0,0000080
20Mar2019 5:00:00;0,0323820
20Mar2019 6:00:00;10,0075766
20Mar2019 7:00:00;61,1722997
20Mar2019 8:00:00;157,1385785
20Mar2019 9:00:00;250,1391698
20Mar2019 10:00:00;307,7685153
20Mar2019 11:00:00;334,0086978
20Mar2019 12:00:00;341,5010362
20Mar2019 13:00:00;333,6891379
20Mar2019 14:00:00;306,6610167
20Mar2019 15:00:00;253,2677081
20Mar2019 16:00:00;169,4542967
20Mar2019 17:00:00;70,3704114
20Mar2019 18:00:00;9,5776163
20Mar2019 19:00:00;0,0000080
20Mar2019 20:00:00;0,0000000
20Mar2019 21:00:00;0,0000000
20Mar2019 22:00:00;0,0000080
20Mar2019 23:00:00;0,0000000
21Mar2019 0:00:00;0,0000080
21Mar2019 1:00:00;0,0000000
21Mar2019 2:00:00;0,0000000
21Mar2019 3:00:00;0,0000080
21Mar2019 4:00:00;0,0000000
21Mar2019 5:00:00;0,0034770
21Mar2019 6:00:00;10,3303777
21Mar2019 7:00:00;59,9974147
21Mar2019 8:00:00;154,2301814
21Mar2019 9:00:00;252,6156730
21Mar2019 10:00:00;316,8538587
21Mar2019 11:00:00;346,1782609
21Mar2019 12:00:00;348,5123232
21Mar2019 13:00:00;341,0188059
21Mar2019 14:00:00;315,0582117
21Mar2019 15:00:00;259,5872537
21Mar2019 16:00:00;170,7672184
21Mar2019 17:00:00;78,3672785
21Mar2019 18:00:00;13,3327101
21Mar2019 19:00:00;0,0000080
21Mar2019 20:00:00;0,0000000
21Mar2019 21:00:00;0,0000000
21Mar2019 22:00:00;0,0000080
21Mar2019 23:00:00;0,0000000
22Mar2019 0:00:00;0,0000080
22Mar2019 1:00:00;0,0000000
22Mar2019 2:00:00;0,0000000
22Mar2019 3:00:00;0,0000080
22Mar2019 4:00:00;0,0000000
22Mar2019 5:00:00;0,0144090
22Mar2019 6:00:00;8,9308876
22Mar2019 7:00:00;51,4418617
22Mar2019 8:00:00;131,9540963
22Mar2019 9:00:00;225,1215530
22Mar2019 10:00:00;293,9398370
22Mar2019 11:00:00;336,2078510
22Mar2019 12:00:00;342,1652176
22Mar2019 13:00:00;337,5675351
22Mar2019 14:00:00;313,5308275
22Mar2019 15:00:00;256,7198756
22Mar2019 16:00:00;177,4449305
22Mar2019 17:00:00;79,7333538
22Mar2019 18:00:00;14,0895743
22Mar2019 19:00:00;0,0042480
22Mar2019 20:00:00;0,0000000
22Mar2019 21:00:00;0,0000000
22Mar2019 22:00:00;0,0000080
22Mar2019 23:00:00;0,0000000
23Mar2019 0:00:00;0,0000000
23Mar2019 1:00:00;0,0000080
23Mar2019 2:00:00;0,0000000
23Mar2019 3:00:00;0,0000080
23Mar2019 4:00:00;0,0000000
23Mar2019 5:00:00;0,0396215
23Mar2019 6:00:00;11,4876148
23Mar2019 7:00:00;61,3476384
23Mar2019 8:00:00;148,7641564
23Mar2019 9:00:00;232,9577449
23Mar2019 10:00:00;289,0312594
23Mar2019 11:00:00;321,5642636
23Mar2019 12:00:00;319,7605033
23Mar2019 13:00:00;314,0364096
23Mar2019 14:00:00;286,9179180
23Mar2019 15:00:00;232,3315372
23Mar2019 16:00:00;145,7893897
23Mar2019 17:00:00;59,0447079
23Mar2019 18:00:00;9,5958800
23Mar2019 19:00:00;0,0028950
23Mar2019 20:00:00;0,0000000
23Mar2019 21:00:00;0,0000080
23Mar2019 22:00:00;0,0000000
23Mar2019 23:00:00;0,0000000
24Mar2019 0:00:00;0,0000080
24Mar2019 1:00:00;0,0000000
24Mar2019 2:00:00;0,0000000
24Mar2019 3:00:00;0,0000080
24Mar2019 4:00:00;0,0000000
24Mar2019 5:00:00;0,0140470
24Mar2019 6:00:00;11,6831812
24Mar2019 7:00:00;63,7854221
24Mar2019 8:00:00;153,4142187
24Mar2019 9:00:00;199,8602349
24Mar2019 10:00:00;218,9805309
24Mar2019 11:00:00;231,8989790
24Mar2019 12:00:00;234,5649937
24Mar2019 13:00:00;225,6123693
24Mar2019 14:00:00;204,6374282
24Mar2019 15:00:00;163,0160591
24Mar2019 16:00:00;111,4088464
24Mar2019 17:00:00;55,5632823
24Mar2019 18:00:00;11,1630695
24Mar2019 19:00:00;0,0027730
24Mar2019 20:00:00;0,0000000
24Mar2019 21:00:00;0,0000000
24Mar2019 22:00:00;0,0000080
24Mar2019 23:00:00;0,0000000
25Mar2019 0:00:00;0,0000080
25Mar2019 1:00:00;0,0000000
25Mar2019 2:00:00;0,0000000
25Mar2019 3:00:00;0,0000080
25Mar2019 4:00:00;0,0000000
25Mar2019 5:00:00;0,0766673
25Mar2019 6:00:00;13,7685532
25Mar2019 7:00:00;70,3314798
25Mar2019 8:00:00;168,8505991
25Mar2019 9:00:00;262,1834387
25Mar2019 10:00:00;324,5978054
25Mar2019 11:00:00;347,4350120
25Mar2019 12:00:00;353,9468280
25Mar2019 13:00:00;344,1850674
25Mar2019 14:00:00;324,0540534
25Mar2019 15:00:00;275,4852454
25Mar2019 16:00:00;189,8260714
25Mar2019 17:00:00;88,1795811
25Mar2019 18:00:00;17,0270416
25Mar2019 19:00:00;0,0059859
25Mar2019 20:00:00;0,0000080
25Mar2019 21:00:00;0,0000000
25Mar2019 22:00:00;0,0000000
25Mar2019 23:00:00;0,0000080
26Mar2019 0:00:00;0,0000000
26Mar2019 1:00:00;0,0000000
26Mar2019 2:00:00;0,0000080
26Mar2019 3:00:00;0,0000000
26Mar2019 4:00:00;0,0000080
26Mar2019 5:00:00;0,1216203
26Mar2019 6:00:00;15,4047172
26Mar2019 7:00:00;75,5248244
26Mar2019 8:00:00;172,9380661
26Mar2019 9:00:00;263,4329443
26Mar2019 10:00:00;316,6788406
26Mar2019 11:00:00;338,4393014
26Mar2019 12:00:00;332,0676962
26Mar2019 13:00:00;330,9874530
26Mar2019 14:00:00;312,1166641
26Mar2019 15:00:00;259,1947010
26Mar2019 16:00:00;182,1946295
26Mar2019 17:00:00;81,6011994
26Mar2019 18:00:00;14,8577958
26Mar2019 19:00:00;0,0038710
26Mar2019 20:00:00;0,0000000
26Mar2019 21:00:00;0,0000000
26Mar2019 22:00:00;0,0000080
26Mar2019 23:00:00;0,0000000
27Mar2019 0:00:00;0,0000080
27Mar2019 1:00:00;0,0000000
27Mar2019 2:00:00;0,0000000
27Mar2019 3:00:00;0,0000080
27Mar2019 4:00:00;0,0000000
27Mar2019 5:00:00;0,0595176
27Mar2019 6:00:00;13,1338105
27Mar2019 7:00:00;65,3514464
27Mar2019 8:00:00;151,0505536
27Mar2019 9:00:00;226,8945322
27Mar2019 10:00:00;286,2797884
27Mar2019 11:00:00;313,8046943
27Mar2019 12:00:00;324,9885726
27Mar2019 13:00:00;315,4556812
27Mar2019 14:00:00;292,8353218
27Mar2019 15:00:00;238,9499490
27Mar2019 16:00:00;155,8270023
27Mar2019 17:00:00;64,0531734
27Mar2019 18:00:00;12,4575404
27Mar2019 19:00:00;0,0229230
27Mar2019 20:00:00;0,0000000
27Mar2019 21:00:00;0,0000080
27Mar2019 22:00:00;0,0000000
27Mar2019 23:00:00;0,0000080
28Mar2019 0:00:00;0,0000000
28Mar2019 1:00:00;0,0000000
28Mar2019 2:00:00;0,0000080
28Mar2019 3:00:00;0,0000000
28Mar2019 4:00:00;0,0000000
28Mar2019 5:00:00;0,0429930
28Mar2019 6:00:00;7,0802162
28Mar2019 7:00:00;34,0058140
28Mar2019 8:00:00;83,5306140
28Mar2019 9:00:00;148,0383299
28Mar2019 10:00:00;220,9418363
28Mar2019 11:00:00;272,3241862
28Mar2019 12:00:00;289,8583080
28Mar2019 13:00:00;298,1400425
28Mar2019 14:00:00;288,5018566
28Mar2019 15:00:00;236,7992117
28Mar2019 16:00:00;152,2113088
28Mar2019 17:00:00;62,6627271
28Mar2019 18:00:00;11,5999833
28Mar2019 19:00:00;0,0043280
28Mar2019 20:00:00;0,0000000
28Mar2019 21:00:00;0,0000080
28Mar2019 22:00:00;0,0000000
28Mar2019 23:00:00;0,0000000
29Mar2019 0:00:00;0,0000080
29Mar2019 1:00:00;0,0000000
29Mar2019 2:00:00;0,0000080
29Mar2019 3:00:00;0,0000000
29Mar2019 4:00:00;0,0000000
29Mar2019 5:00:00;0,0219870
29Mar2019 6:00:00;6,5004631
29Mar2019 7:00:00;36,8371150
29Mar2019 8:00:00;95,6769732
29Mar2019 9:00:00;163,2155832
29Mar2019 10:00:00;216,6276741
29Mar2019 11:00:00;251,5537198
29Mar2019 12:00:00;275,6062305
29Mar2019 13:00:00;265,0435532
29Mar2019 14:00:00;243,9025332
29Mar2019 15:00:00;202,8740720
29Mar2019 16:00:00;137,3464839
29Mar2019 17:00:00;66,3434014
29Mar2019 18:00:00;14,9079334
29Mar2019 19:00:00;0,0146193
29Mar2019 20:00:00;0,0000000
29Mar2019 21:00:00;0,0000080
29Mar2019 22:00:00;0,0000000
29Mar2019 23:00:00;0,0000080
30Mar2019 0:00:00;0,0000000
30Mar2019 1:00:00;0,0000000
30Mar2019 2:00:00;0,0000000
30Mar2019 3:00:00;0,0000000
30Mar2019 4:00:00;0,0000000
30Mar2019 5:00:00;0,1854954
30Mar2019 6:00:00;14,8313563
30Mar2019 7:00:00;70,4838390
30Mar2019 8:00:00;159,0114364
30Mar2019 9:00:00;237,0688186
30Mar2019 10:00:00;288,1717581
30Mar2019 11:00:00;303,2348001
30Mar2019 12:00:00;310,8500740
30Mar2019 13:00:00;302,8103997
30Mar2019 14:00:00;281,9549819
30Mar2019 15:00:00;233,7835165
30Mar2019 16:00:00;170,8636716
30Mar2019 17:00:00;85,6116492
30Mar2019 18:00:00;17,4303166
30Mar2019 19:00:00;0,0276430
30Mar2019 20:00:00;0,0000000
30Mar2019 21:00:00;0,0000080
30Mar2019 22:00:00;0,0000000
30Mar2019 23:00:00;0,0000000
31Mar2019 0:00:00;0,0000080
31Mar2019 1:00:00;0,0000000
31Mar2019 2:00:00;0,0000080
31Mar2019 3:00:00;0,0000000
31Mar2019 4:00:00;0,0000000
31Mar2019 5:00:00;0,0000080
31Mar2019 6:00:00;0,3910395
31Mar2019 7:00:00;23,3965558
31Mar2019 8:00:00;57,7627009
31Mar2019 9:00:00;89,9785110
31Mar2019 10:00:00;114,4073580
31Mar2019 11:00:00;177,0294442
31Mar2019 12:00:00;222,1102591
31Mar2019 13:00:00;253,8737215
31Mar2019 14:00:00;266,9655675
31Mar2019 15:00:00;223,7328627
31Mar2019 16:00:00;115,0195665
31Mar2019 17:00:00;52,1676268
31Mar2019 18:00:00;13,1770311
31Mar2019 19:00:00;0,0345995
31Mar2019 20:00:00;0,0000000
31Mar2019 21:00:00;0,0000080
31Mar2019 22:00:00;0,0000000
31Mar2019 23:00:00;0,0000080
01Apr2019 0:00:00;0,0000000
01Apr2019 1:00:00;0,0000000
01Apr2019 2:00:00;0,0000080
01Apr2019 3:00:00;0,0000000
01Apr2019 4:00:00;0,0000000
01Apr2019 5:00:00;0,0000080
01Apr2019 6:00:00;0,1646680
01Apr2019 7:00:00;18,6172896
01Apr2019 8:00:00;67,1313818
01Apr2019 9:00:00;147,9066672
01Apr2019 10:00:00;187,1927591
01Apr2019 11:00:00;228,6042800
01Apr2019 12:00:00;230,4753936
01Apr2019 13:00:00;224,1933731
01Apr2019 14:00:00;217,8312983
01Apr2019 15:00:00;174,6758722
01Apr2019 16:00:00;125,9406855
01Apr2019 17:00:00;61,1913925
01Apr2019 18:00:00;13,6940140
01Apr2019 19:00:00;0,0357472
01Apr2019 20:00:00;0,0000080
01Apr2019 21:00:00;0,0000000
01Apr2019 22:00:00;0,0000000
01Apr2019 23:00:00;0,0000080
02Apr2019 0:00:00;0,0000000
02Apr2019 1:00:00;0,0000000
02Apr2019 2:00:00;0,0000080
02Apr2019 3:00:00;0,0000000
02Apr2019 4:00:00;0,0000000
02Apr2019 5:00:00;0,0000080
02Apr2019 6:00:00;0,1952800
02Apr2019 7:00:00;19,9980480
02Apr2019 8:00:00;64,9722586
02Apr2019 9:00:00;141,7311164
02Apr2019 10:00:00;236,2206946
02Apr2019 11:00:00;294,1729123
02Apr2019 12:00:00;298,9755946
02Apr2019 13:00:00;298,2505671
02Apr2019 14:00:00;292,1772524
02Apr2019 15:00:00;247,5439996
02Apr2019 16:00:00;160,4786244
02Apr2019 17:00:00;83,6710201
02Apr2019 18:00:00;21,3991421
02Apr2019 19:00:00;0,0566378
02Apr2019 20:00:00;0,0000000
02Apr2019 21:00:00;0,0000000
02Apr2019 22:00:00;0,0000080
02Apr2019 23:00:00;0,0000000
03Apr2019 0:00:00;0,0000000
03Apr2019 1:00:00;0,0000080
03Apr2019 2:00:00;0,0000000
03Apr2019 3:00:00;0,0000000
03Apr2019 4:00:00;0,0000080
03Apr2019 5:00:00;0,0000000
03Apr2019 6:00:00;0,7400136
03Apr2019 7:00:00;29,7685245
03Apr2019 8:00:00;91,7304714
03Apr2019 9:00:00;163,0582259
03Apr2019 10:00:00;229,5057624
03Apr2019 11:00:00;269,9087639
03Apr2019 12:00:00;295,8623154
03Apr2019 13:00:00;269,2142776
03Apr2019 14:00:00;242,4730111
03Apr2019 15:00:00;190,1218494
03Apr2019 16:00:00;133,3496627
03Apr2019 17:00:00;81,3033228
03Apr2019 18:00:00;21,7528711
03Apr2019 19:00:00;0,0637384
03Apr2019 20:00:00;0,0000080
03Apr2019 21:00:00;0,0000000
03Apr2019 22:00:00;0,0000000
03Apr2019 23:00:00;0,0000080
04Apr2019 0:00:00;0,0000000
04Apr2019 1:00:00;0,0000080
04Apr2019 2:00:00;0,0000000
04Apr2019 3:00:00;0,0000000
04Apr2019 4:00:00;0,0000080
04Apr2019 5:00:00;0,0000000
04Apr2019 6:00:00;0,8030039
04Apr2019 7:00:00;32,5930965
04Apr2019 8:00:00;116,8365299
04Apr2019 9:00:00;223,8750326
04Apr2019 10:00:00;298,2508864
04Apr2019 11:00:00;325,3977589
04Apr2019 12:00:00;298,9367126
04Apr2019 13:00:00;279,9515261
04Apr2019 14:00:00;258,3113589
04Apr2019 15:00:00;212,9963461
04Apr2019 16:00:00;169,0530301
04Apr2019 17:00:00;93,4234912
04Apr2019 18:00:00;22,3523965
04Apr2019 19:00:00;0,0498770
04Apr2019 20:00:00;0,0000000
04Apr2019 21:00:00;0,0000080
04Apr2019 22:00:00;0,0000000
04Apr2019 23:00:00;0,0000000
05Apr2019 0:00:00;0,0000080
05Apr2019 1:00:00;0,0000000
05Apr2019 2:00:00;0,0000080
05Apr2019 3:00:00;0,0000000
05Apr2019 4:00:00;0,0000000
05Apr2019 5:00:00;0,0000080
05Apr2019 6:00:00;1,3732543
05Apr2019 7:00:00;37,4009285
05Apr2019 8:00:00;118,6536809
05Apr2019 9:00:00;221,8706481
05Apr2019 10:00:00;293,3881006
05Apr2019 11:00:00;323,0401399
05Apr2019 12:00:00;295,4165136
05Apr2019 13:00:00;269,9664914
05Apr2019 14:00:00;256,6057886
05Apr2019 15:00:00;205,5432211
05Apr2019 16:00:00;154,1563346
05Apr2019 17:00:00;87,3507502
05Apr2019 18:00:00;22,5269870
05Apr2019 19:00:00;0,0897584
05Apr2019 20:00:00;0,0000000
05Apr2019 21:00:00;0,0000000
05Apr2019 22:00:00;0,0000080
05Apr2019 23:00:00;0,0000000
06Apr2019 0:00:00;0,0000000
06Apr2019 1:00:00;0,0000080
06Apr2019 2:00:00;0,0000000
06Apr2019 3:00:00;0,0000000
06Apr2019 4:00:00;0,0000080
06Apr2019 5:00:00;0,0000000
06Apr2019 6:00:00;2,4675810
06Apr2019 7:00:00;47,6513780
06Apr2019 8:00:00;135,2457701
06Apr2019 9:00:00;235,7426971
06Apr2019 10:00:00;302,6470153
06Apr2019 11:00:00;331,5384422
06Apr2019 12:00:00;315,4488335
06Apr2019 13:00:00;279,6084823
06Apr2019 14:00:00;254,7877097
06Apr2019 15:00:00;203,0379014
06Apr2019 16:00:00;139,2134974
06Apr2019 17:00:00;71,2654301
06Apr2019 18:00:00;22,5259391
06Apr2019 19:00:00;0,0655110
06Apr2019 20:00:00;0,0000000
06Apr2019 21:00:00;0,0000000
06Apr2019 22:00:00;0,0000000
06Apr2019 23:00:00;0,0000080
07Apr2019 0:00:00;0,0000000
07Apr2019 1:00:00;0,0000000
07Apr2019 2:00:00;0,0000080
07Apr2019 3:00:00;0,0000000
07Apr2019 4:00:00;0,0000080
07Apr2019 5:00:00;0,0000000
07Apr2019 6:00:00;0,9323724
07Apr2019 7:00:00;24,9894824
07Apr2019 8:00:00;89,0232810
07Apr2019 9:00:00;177,1904083
07Apr2019 10:00:00;262,9246181
07Apr2019 11:00:00;265,2859527
07Apr2019 12:00:00;245,5517607
07Apr2019 13:00:00;171,5648330
07Apr2019 14:00:00;125,6480099
07Apr2019 15:00:00;101,6943259
07Apr2019 16:00:00;82,8549951
07Apr2019 17:00:00;53,7253677
07Apr2019 18:00:00;18,1433907
07Apr2019 19:00:00;0,0602078
07Apr2019 20:00:00;0,0000000
07Apr2019 21:00:00;0,0000000
07Apr2019 22:00:00;0,0000000
07Apr2019 23:00:00;0,0000000
08Apr2019 0:00:00;0,0000000
08Apr2019 1:00:00;0,0000000
08Apr2019 2:00:00;0,0000000
08Apr2019 3:00:00;0,0000000
08Apr2019 4:00:00;0,0000000
08Apr2019 5:00:00;0,0000000
08Apr2019 6:00:00;2,5379588
08Apr2019 7:00:00;42,3853305
08Apr2019 8:00:00;123,8746339
08Apr2019 9:00:00;206,6439354
08Apr2019 10:00:00;268,4428896
08Apr2019 11:00:00;294,7963421
08Apr2019 12:00:00;289,4163833
08Apr2019 13:00:00;253,7963017
08Apr2019 14:00:00;230,9460694
08Apr2019 15:00:00;174,0710044
08Apr2019 16:00:00;125,2916550
08Apr2019 17:00:00;78,3138103
08Apr2019 18:00:00;23,6871180
08Apr2019 19:00:00;0,2806623
08Apr2019 20:00:00;0,0000080
08Apr2019 21:00:00;0,0000000
08Apr2019 22:00:00;0,0000080
08Apr2019 23:00:00;0,0000000
09Apr2019 0:00:00;0,0000000
09Apr2019 1:00:00;0,0000080
09Apr2019 2:00:00;0,0000000
09Apr2019 3:00:00;0,0000000
09Apr2019 4:00:00;0,0000080
09Apr2019 5:00:00;0,0000000
09Apr2019 6:00:00;3,5300728
09Apr2019 7:00:00;46,0153412
09Apr2019 8:00:00;116,6246989
09Apr2019 9:00:00;182,1721433
09Apr2019 10:00:00;188,3329930
09Apr2019 11:00:00;136,1427850
09Apr2019 12:00:00;90,8499538
09Apr2019 13:00:00;61,9337332
09Apr2019 14:00:00;68,9121843
09Apr2019 15:00:00;86,7653676
09Apr2019 16:00:00;97,6066968
09Apr2019 17:00:00;59,2745518
09Apr2019 18:00:00;19,3184367
09Apr2019 19:00:00;0,3135033
09Apr2019 20:00:00;0,0000080
09Apr2019 21:00:00;0,0000000
09Apr2019 22:00:00;0,1980790
09Apr2019 23:00:00;0,0000080
10Apr2019 0:00:00;0,0000000
10Apr2019 1:00:00;0,0000080
10Apr2019 2:00:00;0,0000000
10Apr2019 3:00:00;0,0000000
10Apr2019 4:00:00;0,0000080
10Apr2019 5:00:00;0,0000000
10Apr2019 6:00:00;3,5121379
10Apr2019 7:00:00;48,1940697
10Apr2019 8:00:00;122,7266247
10Apr2019 9:00:00;176,6438064
10Apr2019 10:00:00;218,8418579
10Apr2019 11:00:00;215,9764880
10Apr2019 12:00:00;203,6896844
10Apr2019 13:00:00;200,0032259
10Apr2019 14:00:00;173,3488077
10Apr2019 15:00:00;124,8962591
10Apr2019 16:00:00;79,0318064
10Apr2019 17:00:00;41,8815744
10Apr2019 18:00:00;12,6582797
10Apr2019 19:00:00;0,0783208
10Apr2019 20:00:00;0,0000000
10Apr2019 21:00:00;0,0000080
10Apr2019 22:00:00;0,0000000
10Apr2019 23:00:00;0,0000080
11Apr2019 0:00:00;0,0000000
11Apr2019 1:00:00;0,0000000
11Apr2019 2:00:00;0,0000080
11Apr2019 3:00:00;0,0000000
11Apr2019 4:00:00;0,0000000
11Apr2019 5:00:00;0,0000080
11Apr2019 6:00:00;1,6566038
11Apr2019 7:00:00;30,9604133
11Apr2019 8:00:00;76,2492729
11Apr2019 9:00:00;102,3443143
11Apr2019 10:00:00;101,0615333
11Apr2019 11:00:00;109,5974210
11Apr2019 12:00:00;105,1328019
11Apr2019 13:00:00;97,9684516
11Apr2019 14:00:00;109,9432250
11Apr2019 15:00:00;125,4298688
11Apr2019 16:00:00;127,2970232
11Apr2019 17:00:00;69,0798815
11Apr2019 18:00:00;18,1019873
11Apr2019 19:00:00;0,1485790
11Apr2019 20:00:00;0,0000000
11Apr2019 21:00:00;0,0000080
11Apr2019 22:00:00;0,0000000
11Apr2019 23:00:00;0,0000080
12Apr2019 0:00:00;0,0000000
12Apr2019 1:00:00;0,0000000
12Apr2019 2:00:00;0,0000080
12Apr2019 3:00:00;0,0000000
12Apr2019 4:00:00;0,0000000
12Apr2019 5:00:00;0,0000080
12Apr2019 6:00:00;4,2768125
12Apr2019 7:00:00;53,5157867
12Apr2019 8:00:00;143,9023086
12Apr2019 9:00:00;221,2708602
12Apr2019 10:00:00;265,6538648
12Apr2019 11:00:00;262,4067323
12Apr2019 12:00:00;233,9984478
12Apr2019 13:00:00;207,2833534
12Apr2019 14:00:00;156,0618445
12Apr2019 15:00:00;110,1871469
12Apr2019 16:00:00;85,0600207
12Apr2019 17:00:00;43,6536848
12Apr2019 18:00:00;8,6287349
12Apr2019 19:00:00;0,0467150
12Apr2019 20:00:00;0,0000080
12Apr2019 21:00:00;0,0000000
12Apr2019 22:00:00;0,0000000
12Apr2019 23:00:00;0,0000080
13Apr2019 0:00:00;0,0000000
13Apr2019 1:00:00;0,0000080
13Apr2019 2:00:00;0,0000000
13Apr2019 3:00:00;0,0000000
13Apr2019 4:00:00;0,0000080
13Apr2019 5:00:00;0,0000000
13Apr2019 6:00:00;3,4821092
13Apr2019 7:00:00;42,6912640
13Apr2019 8:00:00;113,6620321
13Apr2019 9:00:00;208,4151811
13Apr2019 10:00:00;267,6681211
13Apr2019 11:00:00;272,5093872
13Apr2019 12:00:00;233,0399045
13Apr2019 13:00:00;170,2951925
13Apr2019 14:00:00;88,6078084
13Apr2019 15:00:00;61,6727371
13Apr2019 16:00:00;48,6544612
13Apr2019 17:00:00;34,0004671
13Apr2019 18:00:00;12,6215471
13Apr2019 19:00:00;0,0383430
13Apr2019 20:00:00;0,0000000
13Apr2019 21:00:00;0,0000000
13Apr2019 22:00:00;0,0000080
13Apr2019 23:00:00;0,0000000
14Apr2019 0:00:00;0,0000080
14Apr2019 1:00:00;0,0000000
14Apr2019 2:00:00;0,0000000
14Apr2019 3:00:00;0,0000080
14Apr2019 4:00:00;0,0000000
14Apr2019 5:00:00;0,0000000
14Apr2019 6:00:00;4,3804112
14Apr2019 7:00:00;38,9395894
14Apr2019 8:00:00;105,9328951
14Apr2019 9:00:00;184,3288913
14Apr2019 10:00:00;214,9304700
14Apr2019 11:00:00;208,2456075
14Apr2019 12:00:00;168,4093434
14Apr2019 13:00:00;140,0149312
14Apr2019 14:00:00;127,5749885
14Apr2019 15:00:00;140,5143345
14Apr2019 16:00:00;91,8720673
14Apr2019 17:00:00;56,4641463
14Apr2019 18:00:00;25,2651206
14Apr2019 19:00:00;0,6451435
14Apr2019 20:00:00;0,2945250
14Apr2019 21:00:00;0,0000080
14Apr2019 22:00:00;0,0000000
14Apr2019 23:00:00;0,0000000
15Apr2019 0:00:00;0,0000080
15Apr2019 1:00:00;0,0000000
15Apr2019 2:00:00;0,2941240
15Apr2019 3:00:00;0,0000080
15Apr2019 4:00:00;0,0000000
15Apr2019 5:00:00;0,0000080
15Apr2019 6:00:00;1,9253028
15Apr2019 7:00:00;23,4288654
15Apr2019 8:00:00;74,5283406
15Apr2019 9:00:00;146,5298623
15Apr2019 10:00:00;193,1922772
15Apr2019 11:00:00;196,0105071
15Apr2019 12:00:00;180,2697275
15Apr2019 13:00:00;174,3256703
15Apr2019 14:00:00;165,2503413
15Apr2019 15:00:00;139,9840283
15Apr2019 16:00:00;96,4564877
15Apr2019 17:00:00;50,3942321
15Apr2019 18:00:00;19,8036520
15Apr2019 19:00:00;1,1275095
15Apr2019 20:00:00;0,0000000
15Apr2019 21:00:00;0,0000080
15Apr2019 22:00:00;0,0000000
15Apr2019 23:00:00;0,0000000
16Apr2019 0:00:00;0,0000000
16Apr2019 1:00:00;0,0000000
16Apr2019 2:00:00;0,0000000
16Apr2019 3:00:00;0,0000080
16Apr2019 4:00:00;0,0000000
16Apr2019 5:00:00;0,0000080
16Apr2019 6:00:00;2,2889951
16Apr2019 7:00:00;27,7218597
16Apr2019 8:00:00;75,3720491
16Apr2019 9:00:00;125,9168616
16Apr2019 10:00:00;158,5023587
16Apr2019 11:00:00;193,8970756
16Apr2019 12:00:00;207,9501259
16Apr2019 13:00:00;202,1456641
16Apr2019 14:00:00;166,6824136
16Apr2019 15:00:00;121,5855530
16Apr2019 16:00:00;81,4076579
16Apr2019 17:00:00;46,8940456
16Apr2019 18:00:00;16,1745708
16Apr2019 19:00:00;0,8347072
16Apr2019 20:00:00;0,0000000
16Apr2019 21:00:00;0,0000000
16Apr2019 22:00:00;0,0000000
16Apr2019 23:00:00;0,0000000
17Apr2019 0:00:00;0,0000080
17Apr2019 1:00:00;0,0000000
17Apr2019 2:00:00;0,0000000
17Apr2019 3:00:00;0,0000080
17Apr2019 4:00:00;0,0000000
17Apr2019 5:00:00;0,0000000
17Apr2019 6:00:00;3,8297211
17Apr2019 7:00:00;40,3514937
17Apr2019 8:00:00;108,4649139
17Apr2019 9:00:00;174,2960676
17Apr2019 10:00:00;229,2989198
17Apr2019 11:00:00;262,2262634
17Apr2019 12:00:00;264,1460351
17Apr2019 13:00:00;257,8039136
17Apr2019 14:00:00;230,8412833
17Apr2019 15:00:00;187,1989306
17Apr2019 16:00:00;148,2864054
17Apr2019 17:00:00;90,7866489
17Apr2019 18:00:00;27,8373208
17Apr2019 19:00:00;0,9288584
17Apr2019 20:00:00;0,0000000
17Apr2019 21:00:00;0,0000080
17Apr2019 22:00:00;0,0000000
17Apr2019 23:00:00;0,0000000
18Apr2019 0:00:00;0,0000080
18Apr2019 1:00:00;0,0000000
18Apr2019 2:00:00;0,0000000
18Apr2019 3:00:00;0,0000080
18Apr2019 4:00:00;0,0000000
18Apr2019 5:00:00;0,0000080
18Apr2019 6:00:00;6,3254308
18Apr2019 7:00:00;55,7159162
18Apr2019 8:00:00;139,0847309
18Apr2019 9:00:00;212,7847664
18Apr2019 10:00:00;242,3601508
18Apr2019 11:00:00;246,2625714
18Apr2019 12:00:00;244,8847579
18Apr2019 13:00:00;239,2619026
18Apr2019 14:00:00;223,9502050
18Apr2019 15:00:00;204,7613879
18Apr2019 16:00:00;152,5802742
18Apr2019 17:00:00;86,4947076
18Apr2019 18:00:00;25,3527013
18Apr2019 19:00:00;0,7554154
18Apr2019 20:00:00;0,0000000
18Apr2019 21:00:00;0,0000000
18Apr2019 22:00:00;0,0000080
18Apr2019 23:00:00;0,0000000
19Apr2019 0:00:00;0,0000000
19Apr2019 1:00:00;0,0000000
19Apr2019 2:00:00;0,0000000
19Apr2019 3:00:00;0,0000080
19Apr2019 4:00:00;0,0000000
19Apr2019 5:00:00;0,0000000
19Apr2019 6:00:00;4,9625316
19Apr2019 7:00:00;36,8283662
19Apr2019 8:00:00;83,7512444
19Apr2019 9:00:00;124,5811159
19Apr2019 10:00:00;161,1076786
19Apr2019 11:00:00;174,2418114
19Apr2019 12:00:00;198,3929744
19Apr2019 13:00:00;202,1030834
19Apr2019 14:00:00;168,8057585
19Apr2019 15:00:00;139,2300944
19Apr2019 16:00:00;108,3654987
19Apr2019 17:00:00;61,3591858
19Apr2019 18:00:00;18,9685038
19Apr2019 19:00:00;0,8353166
19Apr2019 20:00:00;0,0000080
19Apr2019 21:00:00;0,0000000
19Apr2019 22:00:00;0,0000000
19Apr2019 23:00:00;0,0000080
20Apr2019 0:00:00;0,0000000
20Apr2019 1:00:00;0,0000000
20Apr2019 2:00:00;0,0000080
20Apr2019 3:00:00;0,0000000
20Apr2019 4:00:00;0,0000080
20Apr2019 5:00:00;0,0000000
20Apr2019 6:00:00;7,0985371
20Apr2019 7:00:00;53,6340335
20Apr2019 8:00:00;128,9624191
20Apr2019 9:00:00;187,6463446
20Apr2019 10:00:00;227,0231813
20Apr2019 11:00:00;223,3603657
20Apr2019 12:00:00;221,7918980
20Apr2019 13:00:00;218,4149413
20Apr2019 14:00:00;190,6515012
20Apr2019 15:00:00;168,8400962
20Apr2019 16:00:00;130,4013932
20Apr2019 17:00:00;80,4731331
20Apr2019 18:00:00;27,4977096
20Apr2019 19:00:00;0,8263890
20Apr2019 20:00:00;0,0000000
20Apr2019 21:00:00;0,0000080
20Apr2019 22:00:00;0,0000000
20Apr2019 23:00:00;0,0000080
21Apr2019 0:00:00;0,0000000
21Apr2019 1:00:00;0,0000000
21Apr2019 2:00:00;0,0000080
21Apr2019 3:00:00;0,0000000
21Apr2019 4:00:00;0,0000000
21Apr2019 5:00:00;0,0000080
21Apr2019 6:00:00;1,7749674
21Apr2019 7:00:00;15,0975528
21Apr2019 8:00:00;40,3149606
21Apr2019 9:00:00;79,9094647
21Apr2019 10:00:00;118,9029841
21Apr2019 11:00:00;155,4420667
21Apr2019 12:00:00;171,5599862
21Apr2019 13:00:00;167,3946093
21Apr2019 14:00:00;175,4664814
21Apr2019 15:00:00;157,7835387
21Apr2019 16:00:00;136,9448814
21Apr2019 17:00:00;82,8917727
21Apr2019 18:00:00;28,4902607
21Apr2019 19:00:00;1,9172416
21Apr2019 20:00:00;0,0000080
21Apr2019 21:00:00;0,0000000
21Apr2019 22:00:00;0,0000000
21Apr2019 23:00:00;0,0000000
22Apr2019 0:00:00;0,0000000
22Apr2019 1:00:00;0,0000000
22Apr2019 2:00:00;0,0000080
22Apr2019 3:00:00;0,0000000
22Apr2019 4:00:00;0,0000080
22Apr2019 5:00:00;0,0000000
22Apr2019 6:00:00;8,1504846
22Apr2019 7:00:00;67,1338355
22Apr2019 8:00:00;167,5032349
22Apr2019 9:00:00;257,9572191
22Apr2019 10:00:00;302,9858306
22Apr2019 11:00:00;320,2301595
22Apr2019 12:00:00;316,7414783
22Apr2019 13:00:00;289,4447258
22Apr2019 14:00:00;249,6994102
22Apr2019 15:00:00;193,9503779
22Apr2019 16:00:00;140,9660325
22Apr2019 17:00:00;85,4306468
22Apr2019 18:00:00;27,8716718
22Apr2019 19:00:00;1,3253222
22Apr2019 20:00:00;0,0000000
22Apr2019 21:00:00;0,0000000
22Apr2019 22:00:00;0,0000080
22Apr2019 23:00:00;0,0000000
23Apr2019 0:00:00;0,0000080
23Apr2019 1:00:00;0,0000000
23Apr2019 2:00:00;0,0000000
23Apr2019 3:00:00;0,0000000
23Apr2019 4:00:00;0,0000000
23Apr2019 5:00:00;0,0188490
23Apr2019 6:00:00;12,8371270
23Apr2019 7:00:00;72,6548886
23Apr2019 8:00:00;164,5255161
23Apr2019 9:00:00;262,6779403
23Apr2019 10:00:00;316,0870261
23Apr2019 11:00:00;343,7562494
23Apr2019 12:00:00;347,0317490
23Apr2019 13:00:00;348,1822285
23Apr2019 14:00:00;332,9934177
23Apr2019 15:00:00;293,3028389
23Apr2019 16:00:00;225,2157399
23Apr2019 17:00:00;129,4696339
23Apr2019 18:00:00;36,9324876
23Apr2019 19:00:00;1,5935086
23Apr2019 20:00:00;0,0000080
23Apr2019 21:00:00;0,0000000
23Apr2019 22:00:00;0,0000000
23Apr2019 23:00:00;0,0000080
24Apr2019 0:00:00;0,0000000
24Apr2019 1:00:00;0,0000000
24Apr2019 2:00:00;0,0000080
24Apr2019 3:00:00;0,0000000
24Apr2019 4:00:00;0,0000080
24Apr2019 5:00:00;0,0000000
24Apr2019 6:00:00;3,7713229
24Apr2019 7:00:00;21,0695196
24Apr2019 8:00:00;43,7571787
24Apr2019 9:00:00;63,8087236
24Apr2019 10:00:00;82,4603188
24Apr2019 11:00:00;101,7115869
24Apr2019 12:00:00;184,6198043
24Apr2019 13:00:00;246,6182353
24Apr2019 14:00:00;271,7605460
24Apr2019 15:00:00;244,5810232
24Apr2019 16:00:00;177,3702865
24Apr2019 17:00:00;87,6439966
24Apr2019 18:00:00;27,5528258
24Apr2019 19:00:00;1,4332303
24Apr2019 20:00:00;0,0000000
24Apr2019 21:00:00;0,0000080
24Apr2019 22:00:00;0,0000000
24Apr2019 23:00:00;0,0000080
25Apr2019 0:00:00;0,0000000
25Apr2019 1:00:00;0,0000000
25Apr2019 2:00:00;0,0000080
25Apr2019 3:00:00;0,0000000
25Apr2019 4:00:00;0,0000000
25Apr2019 5:00:00;0,0000080
25Apr2019 6:00:00;11,1150063
25Apr2019 7:00:00;61,7269602
25Apr2019 8:00:00;141,1243084
25Apr2019 9:00:00;230,2452228
25Apr2019 10:00:00;306,9769654
25Apr2019 11:00:00;347,4906420
25Apr2019 12:00:00;353,5516195
25Apr2019 13:00:00;338,9225583
25Apr2019 14:00:00;308,7834241
25Apr2019 15:00:00;235,0761548
25Apr2019 16:00:00;148,0604177
25Apr2019 17:00:00;90,5261831
25Apr2019 18:00:00;31,7010048
25Apr2019 19:00:00;3,7465567
25Apr2019 20:00:00;0,0074240
25Apr2019 21:00:00;0,0000080
25Apr2019 22:00:00;0,0000000
25Apr2019 23:00:00;0,0000000
26Apr2019 0:00:00;0,0000080
26Apr2019 1:00:00;0,0000000
26Apr2019 2:00:00;0,0000000
26Apr2019 3:00:00;0,0000080
26Apr2019 4:00:00;0,0000000
26Apr2019 5:00:00;0,0083183
26Apr2019 6:00:00;13,4125631
26Apr2019 7:00:00;64,1300502
26Apr2019 8:00:00;153,7060886
26Apr2019 9:00:00;235,5744948
26Apr2019 10:00:00;282,9279026
26Apr2019 11:00:00;303,9749815
26Apr2019 12:00:00;277,4805065
26Apr2019 13:00:00;263,3462730
26Apr2019 14:00:00;226,6491765
26Apr2019 15:00:00;158,3960789
26Apr2019 16:00:00;107,7903677
26Apr2019 17:00:00;66,0658093
26Apr2019 18:00:00;25,5306368
26Apr2019 19:00:00;2,3813732
26Apr2019 20:00:00;0,0903900
26Apr2019 21:00:00;0,0000080
26Apr2019 22:00:00;0,0000000
26Apr2019 23:00:00;0,0000000
27Apr2019 0:00:00;0,0000080
27Apr2019 1:00:00;0,0000000
27Apr2019 2:00:00;0,0000000
27Apr2019 3:00:00;0,0000080
27Apr2019 4:00:00;0,0000000
27Apr2019 5:00:00;0,0000080
27Apr2019 6:00:00;11,2612609
27Apr2019 7:00:00;67,2247780
27Apr2019 8:00:00;160,0619801
27Apr2019 9:00:00;239,8268781
27Apr2019 10:00:00;308,6984158
27Apr2019 11:00:00;311,0913345
27Apr2019 12:00:00;312,2325229
27Apr2019 13:00:00;309,0839664
27Apr2019 14:00:00;295,1423722
27Apr2019 15:00:00;256,6911079
27Apr2019 16:00:00;197,6973569
27Apr2019 17:00:00;118,1132735
27Apr2019 18:00:00;38,9734786
27Apr2019 19:00:00;2,2965822
27Apr2019 20:00:00;0,0031450
27Apr2019 21:00:00;0,0000000
27Apr2019 22:00:00;0,0000000
27Apr2019 23:00:00;0,0000080
28Apr2019 0:00:00;0,0000000
28Apr2019 1:00:00;0,0000000
28Apr2019 2:00:00;0,0000080
28Apr2019 3:00:00;0,0000000
28Apr2019 4:00:00;0,0000000
28Apr2019 5:00:00;0,0099822
28Apr2019 6:00:00;12,2010530
28Apr2019 7:00:00;68,3094704
28Apr2019 8:00:00;156,8740591
28Apr2019 9:00:00;238,0738673
28Apr2019 10:00:00;293,2591161
28Apr2019 11:00:00;324,2486272
28Apr2019 12:00:00;317,2864722
28Apr2019 13:00:00;284,2901152
28Apr2019 14:00:00;215,7176814
28Apr2019 15:00:00;164,7868362
28Apr2019 16:00:00;105,8260579
28Apr2019 17:00:00;62,5699592
28Apr2019 18:00:00;24,0342329
28Apr2019 19:00:00;3,1532085
28Apr2019 20:00:00;0,0000000
28Apr2019 21:00:00;0,0000000
28Apr2019 22:00:00;0,0000000
28Apr2019 23:00:00;0,0000000
29Apr2019 0:00:00;0,0000000
29Apr2019 1:00:00;0,0000000
29Apr2019 2:00:00;0,0000000
29Apr2019 3:00:00;0,0000000
29Apr2019 4:00:00;0,0000000
29Apr2019 5:00:00;0,0036200
29Apr2019 6:00:00;11,8830214
29Apr2019 7:00:00;62,2383610
29Apr2019 8:00:00;155,3159456
29Apr2019 9:00:00;246,5729799
29Apr2019 10:00:00;305,6359363
29Apr2019 11:00:00;326,8843581
29Apr2019 12:00:00;314,3044249
29Apr2019 13:00:00;287,7556758
29Apr2019 14:00:00;276,7577807
29Apr2019 15:00:00;234,8722014
29Apr2019 16:00:00;173,5956770
29Apr2019 17:00:00;86,3120388
29Apr2019 18:00:00;25,1734360
29Apr2019 19:00:00;3,1125920
29Apr2019 20:00:00;4,1397190
29Apr2019 21:00:00;0,3271370
29Apr2019 22:00:00;0,0000000
29Apr2019 23:00:00;0,0000000
30Apr2019 0:00:00;0,0000000
30Apr2019 1:00:00;0,0000000
30Apr2019 2:00:00;0,0000000
30Apr2019 3:00:00;0,0000000
30Apr2019 4:00:00;0,0000000
30Apr2019 5:00:00;0,0048620
30Apr2019 6:00:00;12,3606529
30Apr2019 7:00:00;66,4977856
30Apr2019 8:00:00;152,7695699
30Apr2019 9:00:00;229,5356338
30Apr2019 10:00:00;289,1631858
30Apr2019 11:00:00;318,1618832
30Apr2019 12:00:00;309,6475412
30Apr2019 13:00:00;300,0106788
30Apr2019 14:00:00;281,5883921
30Apr2019 15:00:00;247,6041791
30Apr2019 16:00:00;187,0355288
30Apr2019 17:00:00;120,4513993
30Apr2019 18:00:00;40,0306079
30Apr2019 19:00:00;3,1989001
30Apr2019 20:00:00;0,0000000
30Apr2019 21:00:00;0,0000000
30Apr2019 22:00:00;0,0000000
30Apr2019 23:00:00;0,0000000
01May2019 0:00:00;0,0000000
01May2019 1:00:00;0,0000000
01May2019 2:00:00;0,0000000
01May2019 3:00:00;0,0000000
01May2019 4:00:00;0,0000000
01May2019 5:00:00;0,0342980
01May2019 6:00:00;14,7697999
01May2019 7:00:00;72,0971136
01May2019 8:00:00;161,5632934
01May2019 9:00:00;247,8907424
01May2019 10:00:00;290,8438924
01May2019 11:00:00;301,3060071
01May2019 12:00:00;302,2397961
01May2019 13:00:00;297,6490401
01May2019 14:00:00;313,2004997
01May2019 15:00:00;292,0771938
01May2019 16:00:00;210,4320356
01May2019 17:00:00;103,9374221
01May2019 18:00:00;34,8576855
01May2019 19:00:00;3,0934459
01May2019 20:00:00;0,0000000
01May2019 21:00:00;0,0000000
01May2019 22:00:00;0,0000000
01May2019 23:00:00;0,0006050
02May2019 0:00:00;0,0000000
02May2019 1:00:00;0,0000000
02May2019 2:00:00;0,0000000
02May2019 3:00:00;0,0000000
02May2019 4:00:00;0,0000000
02May2019 5:00:00;0,4974760
02May2019 6:00:00;7,7471392
02May2019 7:00:00;32,5141556
02May2019 8:00:00;43,6735960
02May2019 9:00:00;66,9791973
02May2019 10:00:00;95,7282642
02May2019 11:00:00;140,8888396
02May2019 12:00:00;164,1549123
02May2019 13:00:00;150,3012046
02May2019 14:00:00;135,5733158
02May2019 15:00:00;136,4453371
02May2019 16:00:00;134,3576355
02May2019 17:00:00;97,4077169
02May2019 18:00:00;37,4340135
02May2019 19:00:00;5,2939971
02May2019 20:00:00;0,0000000
02May2019 21:00:00;0,0000000
02May2019 22:00:00;0,0000000
02May2019 23:00:00;0,0000000
03May2019 0:00:00;0,0000000
03May2019 1:00:00;0,0000000
03May2019 2:00:00;0,0000000
03May2019 3:00:00;0,0000000
03May2019 4:00:00;0,0000000
03May2019 5:00:00;0,0195990
03May2019 6:00:00;12,2393591
03May2019 7:00:00;67,2706380
03May2019 8:00:00;153,7504616
03May2019 9:00:00;188,9573460
03May2019 10:00:00;202,0323521
03May2019 11:00:00;247,5941634
03May2019 12:00:00;263,0825737
03May2019 13:00:00;262,2043074
03May2019 14:00:00;239,1132958
03May2019 15:00:00;227,9241991
03May2019 16:00:00;176,3788027
03May2019 17:00:00;110,1999333
03May2019 18:00:00;37,0118754
03May2019 19:00:00;3,2966816
03May2019 20:00:00;0,0000000
03May2019 21:00:00;0,0000000
03May2019 22:00:00;0,0000000
03May2019 23:00:00;0,0000000
04May2019 0:00:00;0,0000000
04May2019 1:00:00;0,0000000
04May2019 2:00:00;0,0000000
04May2019 3:00:00;0,0000000
04May2019 4:00:00;0,0000000
04May2019 5:00:00;0,3455931
04May2019 6:00:00;14,7892654
04May2019 7:00:00;75,0014051
04May2019 8:00:00;167,5470409
04May2019 9:00:00;250,1661007
04May2019 10:00:00;312,1759860
04May2019 11:00:00;333,1357954
04May2019 12:00:00;330,2466474
04May2019 13:00:00;330,6725947
04May2019 14:00:00;319,9782676
04May2019 15:00:00;256,7608405
04May2019 16:00:00;184,9000223
04May2019 17:00:00;105,3978784
04May2019 18:00:00;30,9031674
04May2019 19:00:00;2,4128740
04May2019 20:00:00;0,0000000
04May2019 21:00:00;0,0000000
04May2019 22:00:00;0,0000000
04May2019 23:00:00;0,0000000
05May2019 0:00:00;0,0000000
05May2019 1:00:00;0,0000000
05May2019 2:00:00;0,0000000
05May2019 3:00:00;0,0000000
05May2019 4:00:00;0,0000000
05May2019 5:00:00;0,0000000
05May2019 6:00:00;6,5874957
05May2019 7:00:00;29,0023096
05May2019 8:00:00;70,5818877
05May2019 9:00:00;128,4957361
05May2019 10:00:00;213,1860220
05May2019 11:00:00;265,9233252
05May2019 12:00:00;287,5673077
05May2019 13:00:00;280,3736794
05May2019 14:00:00;247,0370643
05May2019 15:00:00;187,6504512
05May2019 16:00:00;119,9292199
05May2019 17:00:00;55,6105728
05May2019 18:00:00;14,9009374
05May2019 19:00:00;0,7251286
05May2019 20:00:00;0,0000000
05May2019 21:00:00;0,0000000
05May2019 22:00:00;0,0000000
05May2019 23:00:00;0,0000000
06May2019 0:00:00;0,0000000
06May2019 1:00:00;0,0000000
06May2019 2:00:00;0,0000000
06May2019 3:00:00;0,0000000
06May2019 4:00:00;0,0000000
06May2019 5:00:00;0,0111590
06May2019 6:00:00;14,1925492
06May2019 7:00:00;59,2227842
06May2019 8:00:00;132,5543465
06May2019 9:00:00;215,9592354
06May2019 10:00:00;264,7632298
06May2019 11:00:00;306,3079195
06May2019 12:00:00;303,5751545
06May2019 13:00:00;302,5936787
06May2019 14:00:00;279,4878278
06May2019 15:00:00;238,7974941
06May2019 16:00:00;168,6038313
06May2019 17:00:00;96,0635517
06May2019 18:00:00;38,9118098
06May2019 19:00:00;4,4117958
06May2019 20:00:00;0,0000000
06May2019 21:00:00;0,0000000
06May2019 22:00:00;0,0000000
06May2019 23:00:00;0,0000000
07May2019 0:00:00;0,0000000
07May2019 1:00:00;0,0000000
07May2019 2:00:00;0,0000000
07May2019 3:00:00;0,0000000
07May2019 4:00:00;0,0000000
07May2019 5:00:00;0,0838593
07May2019 6:00:00;16,7216276
07May2019 7:00:00;66,4202899
07May2019 8:00:00;145,5355982
07May2019 9:00:00;207,9061317
07May2019 10:00:00;234,8115330
07May2019 11:00:00;236,0482637
07May2019 12:00:00;249,3047255
07May2019 13:00:00;236,5782022
07May2019 14:00:00;229,8677729
07May2019 15:00:00;167,8905659
07May2019 16:00:00;128,5488217
07May2019 17:00:00;87,8550657
07May2019 18:00:00;38,1326647
07May2019 19:00:00;4,5044529
07May2019 20:00:00;0,0000000
07May2019 21:00:00;0,0000000
07May2019 22:00:00;0,0000000
07May2019 23:00:00;0,0000000
08May2019 0:00:00;0,0000000
08May2019 1:00:00;0,0000000
08May2019 2:00:00;0,0000000
08May2019 3:00:00;0,0000000
08May2019 4:00:00;0,0000000
08May2019 5:00:00;0,0416350
08May2019 6:00:00;8,0878807
08May2019 7:00:00;25,2223650
08May2019 8:00:00;51,1754019
08May2019 9:00:00;64,3139770
08May2019 10:00:00;89,5790314
08May2019 11:00:00;115,4767096
08May2019 12:00:00;135,4032786
08May2019 13:00:00;144,4666528
08May2019 14:00:00;142,1105300
08May2019 15:00:00;135,4228495
08May2019 16:00:00;88,5541042
08May2019 17:00:00;50,8099955
08May2019 18:00:00;25,9948936
08May2019 19:00:00;5,0254023
08May2019 20:00:00;0,0000000
08May2019 21:00:00;0,0000000
08May2019 22:00:00;0,0000000
08May2019 23:00:00;0,0000000
09May2019 0:00:00;0,0000000
09May2019 1:00:00;0,0000000
09May2019 2:00:00;0,0000000
09May2019 3:00:00;0,0000000
09May2019 4:00:00;0,0000000
09May2019 5:00:00;0,0711689
09May2019 6:00:00;13,2468997
09May2019 7:00:00;54,9280664
09May2019 8:00:00;115,2069585
09May2019 9:00:00;188,2194164
09May2019 10:00:00;212,5921152
09May2019 11:00:00;195,1580916
09May2019 12:00:00;197,5417377
09May2019 13:00:00;191,6189633
09May2019 14:00:00;199,1939633
09May2019 15:00:00;207,0479122
09May2019 16:00:00;173,7915349
09May2019 17:00:00;107,8683687
09May2019 18:00:00;43,4016735
09May2019 19:00:00;5,1058865
09May2019 20:00:00;0,0240590
09May2019 21:00:00;0,0000000
09May2019 22:00:00;0,0000000
09May2019 23:00:00;0,0000000
10May2019 0:00:00;0,0000000
10May2019 1:00:00;0,0000000
10May2019 2:00:00;0,0000000
10May2019 3:00:00;0,0000000
10May2019 4:00:00;0,0000000
10May2019 5:00:00;0,3293234
10May2019 6:00:00;19,6573801
10May2019 7:00:00;63,8719821
10May2019 8:00:00;124,6232856
10May2019 9:00:00;170,7264446
10May2019 10:00:00;167,9440451
10May2019 11:00:00;142,7145304
10May2019 12:00:00;121,4839027
10May2019 13:00:00;95,7774102
10May2019 14:00:00;74,0715878
10May2019 15:00:00;66,6012008
10May2019 16:00:00;56,2076223
10May2019 17:00:00;39,0455939
10May2019 18:00:00;17,6050224
10May2019 19:00:00;2,7775267
10May2019 20:00:00;0,0000000
10May2019 21:00:00;0,0000000
10May2019 22:00:00;0,0000000
10May2019 23:00:00;0,0000000
11May2019 0:00:00;0,0000000
11May2019 1:00:00;0,0000000
11May2019 2:00:00;0,0000000
11May2019 3:00:00;0,0000000
11May2019 4:00:00;0,0000000
11May2019 5:00:00;0,0064420
11May2019 6:00:00;10,8874053
11May2019 7:00:00;48,4964371
11May2019 8:00:00;116,9471997
11May2019 9:00:00;186,8547877
11May2019 10:00:00;230,2922940
11May2019 11:00:00;239,3367714
11May2019 12:00:00;210,3173334
11May2019 13:00:00;180,3481828
11May2019 14:00:00;147,3105813
11May2019 15:00:00;102,1296320
11May2019 16:00:00;56,3461546
11May2019 17:00:00;38,5331738
11May2019 18:00:00;24,6807162
11May2019 19:00:00;4,8312742
11May2019 20:00:00;0,0000000
11May2019 21:00:00;0,0068080
11May2019 22:00:00;0,0000000
11May2019 23:00:00;0,0000000
12May2019 0:00:00;0,0000000
12May2019 1:00:00;0,0000000
12May2019 2:00:00;0,0000000
12May2019 3:00:00;0,0000000
12May2019 4:00:00;0,0000000
12May2019 5:00:00;0,0979170
12May2019 6:00:00;16,4705485
12May2019 7:00:00;74,5387406
12May2019 8:00:00;162,1896197
12May2019 9:00:00;241,4729541
12May2019 10:00:00;283,3610510
12May2019 11:00:00;305,5040042
12May2019 12:00:00;303,5457947
12May2019 13:00:00;292,5154374
12May2019 14:00:00;274,8084633
12May2019 15:00:00;249,2592932
12May2019 16:00:00;196,3224604
12May2019 17:00:00;121,5512341
12May2019 18:00:00;43,0550263
12May2019 19:00:00;5,2597196
12May2019 20:00:00;0,0000000
12May2019 21:00:00;0,0000000
12May2019 22:00:00;0,0000000
12May2019 23:00:00;0,0000000
13May2019 0:00:00;0,0000000
13May2019 1:00:00;0,0000000
13May2019 2:00:00;0,0000000
13May2019 3:00:00;0,0000000
13May2019 4:00:00;0,0000000
13May2019 5:00:00;0,2417427
13May2019 6:00:00;15,5726745
13May2019 7:00:00;79,9298353
13May2019 8:00:00;179,2701225
13May2019 9:00:00;262,8222534
13May2019 10:00:00;284,4904233
13May2019 11:00:00;310,0776609
13May2019 12:00:00;305,1821538
13May2019 13:00:00;309,4132197
13May2019 14:00:00;306,3335528
13May2019 15:00:00;275,2731951
13May2019 16:00:00;213,7452523
13May2019 17:00:00;129,6383535
13May2019 18:00:00;44,3689378
13May2019 19:00:00;4,7515591
13May2019 20:00:00;0,0000000
13May2019 21:00:00;0,0000000
13May2019 22:00:00;0,0000000
13May2019 23:00:00;0,0000000
14May2019 0:00:00;0,0000000
14May2019 1:00:00;0,0000000
14May2019 2:00:00;0,0000000
14May2019 3:00:00;0,0000000
14May2019 4:00:00;0,0000000
14May2019 5:00:00;0,5836605
14May2019 6:00:00;21,4959056
14May2019 7:00:00;81,7142001
14May2019 8:00:00;168,6582922
14May2019 9:00:00;238,8085767
14May2019 10:00:00;283,3517810
14May2019 11:00:00;315,8357407
14May2019 12:00:00;334,3559455
14May2019 13:00:00;328,6775462
14May2019 14:00:00;310,6011359
14May2019 15:00:00;271,3333839
14May2019 16:00:00;209,6511027
14May2019 17:00:00;123,4118577
14May2019 18:00:00;42,6664157
14May2019 19:00:00;5,4657513
14May2019 20:00:00;0,0000000
14May2019 21:00:00;0,0000000
14May2019 22:00:00;0,0000000
14May2019 23:00:00;0,0000000
15May2019 0:00:00;0,0000000
15May2019 1:00:00;0,0000000
15May2019 2:00:00;0,0000000
15May2019 3:00:00;0,0000000
15May2019 4:00:00;0,0000000
15May2019 5:00:00;0,2923060
15May2019 6:00:00;15,6030081
15May2019 7:00:00;79,2590376
15May2019 8:00:00;175,2180835
15May2019 9:00:00;244,9699141
15May2019 10:00:00;287,7255775
15May2019 11:00:00;312,9886791
15May2019 12:00:00;321,2792379
15May2019 13:00:00;319,1495702
15May2019 14:00:00;304,2231376
15May2019 15:00:00;259,3299085
15May2019 16:00:00;201,8082222
15May2019 17:00:00;117,7774257
15May2019 18:00:00;44,0250896
15May2019 19:00:00;5,7332866
15May2019 20:00:00;0,0000000
15May2019 21:00:00;0,0000000
15May2019 22:00:00;0,0000000
15May2019 23:00:00;0,0000000
16May2019 0:00:00;0,0000000
16May2019 1:00:00;0,0000000
16May2019 2:00:00;0,0000000
16May2019 3:00:00;0,0000000
16May2019 4:00:00;0,0000000
16May2019 5:00:00;1,1679120
16May2019 6:00:00;23,4748825
16May2019 7:00:00;74,3566235
16May2019 8:00:00;121,8923755
16May2019 9:00:00;131,8293512
16May2019 10:00:00;127,7621467
16May2019 11:00:00;155,3683368
16May2019 12:00:00;165,7118277
16May2019 13:00:00;184,4229533
16May2019 14:00:00;222,8402103
16May2019 15:00:00;224,6319932
16May2019 16:00:00;185,2995129
16May2019 17:00:00;112,0584599
16May2019 18:00:00;46,9907052
16May2019 19:00:00;7,5311275
16May2019 20:00:00;0,0000000
16May2019 21:00:00;0,0000000
16May2019 22:00:00;0,0000000
16May2019 23:00:00;0,0000000
17May2019 0:00:00;0,0000000
17May2019 1:00:00;0,0000000
17May2019 2:00:00;0,0000000
17May2019 3:00:00;0,0000000
17May2019 4:00:00;0,0000000
17May2019 5:00:00;0,4984678
17May2019 6:00:00;19,3526801
17May2019 7:00:00;77,7160750
17May2019 8:00:00;158,4265686
17May2019 9:00:00;230,0575926
17May2019 10:00:00;286,3711591
17May2019 11:00:00;314,7673694
17May2019 12:00:00;331,9776427
17May2019 13:00:00;327,5465264
17May2019 14:00:00;273,0145229
17May2019 15:00:00;222,8274784
17May2019 16:00:00;141,7388818
17May2019 17:00:00;68,1360516
17May2019 18:00:00;26,0508329
17May2019 19:00:00;4,2279081
17May2019 20:00:00;0,0000000
17May2019 21:00:00;0,0000000
17May2019 22:00:00;0,0000000
17May2019 23:00:00;0,0000000
18May2019 0:00:00;0,0000000
18May2019 1:00:00;0,0000000
18May2019 2:00:00;0,0000000
18May2019 3:00:00;0,0000000
18May2019 4:00:00;0,0000000
18May2019 5:00:00;0,1229197
18May2019 6:00:00;12,5956866
18May2019 7:00:00;58,5075181
18May2019 8:00:00;130,6954277
18May2019 9:00:00;168,2977717
18May2019 10:00:00;192,8972140
18May2019 11:00:00;212,3265604
18May2019 12:00:00;203,0810754
18May2019 13:00:00;166,1403317
18May2019 14:00:00;138,1372686
18May2019 15:00:00;79,4851155
18May2019 16:00:00;54,8051431
18May2019 17:00:00;46,0054110
18May2019 18:00:00;31,0589574
18May2019 19:00:00;6,7048068
18May2019 20:00:00;0,0000000
18May2019 21:00:00;0,0000000
18May2019 22:00:00;0,0000000
18May2019 23:00:00;0,0000000
19May2019 0:00:00;0,0000000
19May2019 1:00:00;0,0000000
19May2019 2:00:00;0,0000000
19May2019 3:00:00;0,0000000
19May2019 4:00:00;0,0591320
19May2019 5:00:00;0,2247657
19May2019 6:00:00;9,8456472
19May2019 7:00:00;39,6469523
19May2019 8:00:00;94,9496012
19May2019 9:00:00;149,9297012
19May2019 10:00:00;208,6366226
19May2019 11:00:00;233,7867093
19May2019 12:00:00;219,0646628
19May2019 13:00:00;215,3659561
19May2019 14:00:00;237,5306416
19May2019 15:00:00;228,9338092
19May2019 16:00:00;165,7508339
19May2019 17:00:00;108,7897232
19May2019 18:00:00;40,5987080
19May2019 19:00:00;6,6150787
19May2019 20:00:00;0,0000000
19May2019 21:00:00;0,0000000
19May2019 22:00:00;0,0000000
19May2019 23:00:00;0,0000000
20May2019 0:00:00;0,0000000
20May2019 1:00:00;0,0000000
20May2019 2:00:00;0,0000000
20May2019 3:00:00;0,0000000
20May2019 4:00:00;0,0000000
20May2019 5:00:00;0,8714206
20May2019 6:00:00;20,3130534
20May2019 7:00:00;69,6071352
20May2019 8:00:00;143,2918845
20May2019 9:00:00;224,8573944
20May2019 10:00:00;281,7586373
20May2019 11:00:00;308,9934509
20May2019 12:00:00;314,2345728
20May2019 13:00:00;311,5538257
20May2019 14:00:00;283,8738581
20May2019 15:00:00;226,4763387
20May2019 16:00:00;139,9698256
20May2019 17:00:00;85,0519631
20May2019 18:00:00;37,2040868
20May2019 19:00:00;6,3985825
20May2019 20:00:00;0,0000000
20May2019 21:00:00;0,0000000
20May2019 22:00:00;0,0000000
20May2019 23:00:00;0,0000000
21May2019 0:00:00;0,0000000
21May2019 1:00:00;0,0000000
21May2019 2:00:00;0,0000000
21May2019 3:00:00;0,0000000
21May2019 4:00:00;0,0000000
21May2019 5:00:00;0,8174305
21May2019 6:00:00;25,3510230
21May2019 7:00:00;70,4353931
21May2019 8:00:00;121,1388472
21May2019 9:00:00;159,1838507
21May2019 10:00:00;182,0579130
21May2019 11:00:00;170,5666767
21May2019 12:00:00;159,8060885
21May2019 13:00:00;186,7401192
21May2019 14:00:00;225,7318244
21May2019 15:00:00;214,2122919
21May2019 16:00:00;150,3310578
21May2019 17:00:00;85,0826412
21May2019 18:00:00;31,7980407
21May2019 19:00:00;5,2855248
21May2019 20:00:00;0,0000000
21May2019 21:00:00;0,0000000
21May2019 22:00:00;0,0000000
21May2019 23:00:00;0,0000000
22May2019 0:00:00;0,0000000
22May2019 1:00:00;0,0000000
22May2019 2:00:00;0,0000000
22May2019 3:00:00;0,0000000
22May2019 4:00:00;0,0000000
22May2019 5:00:00;0,9614215
22May2019 6:00:00;20,9041010
22May2019 7:00:00;77,6314626
22May2019 8:00:00;162,2160935
22May2019 9:00:00;240,3780401
22May2019 10:00:00;281,2685179
22May2019 11:00:00;287,4609844
22May2019 12:00:00;257,7707751
22May2019 13:00:00;222,9361828
22May2019 14:00:00;214,9803510
22May2019 15:00:00;164,9555835
22May2019 16:00:00;90,6154328
22May2019 17:00:00;40,2038705
22May2019 18:00:00;14,5300842
22May2019 19:00:00;2,1631905
22May2019 20:00:00;0,0000000
22May2019 21:00:00;0,0123220
22May2019 22:00:00;0,0000000
22May2019 23:00:00;0,0000000
23May2019 0:00:00;0,0000000
23May2019 1:00:00;0,0000000
23May2019 2:00:00;0,0000000
23May2019 3:00:00;0,0000000
23May2019 4:00:00;0,0000000
23May2019 5:00:00;0,1326413
23May2019 6:00:00;12,7433448
23May2019 7:00:00;46,6714556
23May2019 8:00:00;99,3077118
23May2019 9:00:00;130,0166920
23May2019 10:00:00;173,7159336
23May2019 11:00:00;180,1322294
23May2019 12:00:00;186,4462118
23May2019 13:00:00;153,5499896
23May2019 14:00:00;114,8008614
23May2019 15:00:00;73,5731024
23May2019 16:00:00;67,1589596
23May2019 17:00:00;50,2130095
23May2019 18:00:00;25,4158835
23May2019 19:00:00;10,0750373
23May2019 20:00:00;0,0167779
23May2019 21:00:00;0,0000000
23May2019 22:00:00;0,0000000
23May2019 23:00:00;0,0000000
24May2019 0:00:00;0,0000000
24May2019 1:00:00;0,0000000
24May2019 2:00:00;0,0000000
24May2019 3:00:00;0,0000000
24May2019 4:00:00;0,0003610
24May2019 5:00:00;0,1338623
24May2019 6:00:00;14,8642121
24May2019 7:00:00;57,1947400
24May2019 8:00:00;84,9851924
24May2019 9:00:00;153,5672622
24May2019 10:00:00;254,9240380
24May2019 11:00:00;290,2245458
24May2019 12:00:00;294,3269933
24May2019 13:00:00;253,7309682
24May2019 14:00:00;227,8386628
24May2019 15:00:00;199,2990870
24May2019 16:00:00;172,4513317
24May2019 17:00:00;114,1358939
24May2019 18:00:00;50,1353972
24May2019 19:00:00;11,9332510
24May2019 20:00:00;0,0137960
24May2019 21:00:00;0,0000000
24May2019 22:00:00;0,0000000
24May2019 23:00:00;0,0000000
25May2019 0:00:00;0,0000000
25May2019 1:00:00;0,0000000
25May2019 2:00:00;0,0000000
25May2019 3:00:00;0,0000000
25May2019 4:00:00;0,0000000
25May2019 5:00:00;0,2332752
25May2019 6:00:00;13,4744095
25May2019 7:00:00;67,3719211
25May2019 8:00:00;148,0333667
25May2019 9:00:00;206,1474807
25May2019 10:00:00;248,9383103
25May2019 11:00:00;268,0225052
25May2019 12:00:00;268,9706154
25May2019 13:00:00;249,4107236
25May2019 14:00:00;242,4387685
25May2019 15:00:00;222,6056754
25May2019 16:00:00;162,8681273
25May2019 17:00:00;111,1879564
25May2019 18:00:00;45,7076594
25May2019 19:00:00;9,0974778
25May2019 20:00:00;0,0838750
25May2019 21:00:00;0,0000000
25May2019 22:00:00;0,0000000
25May2019 23:00:00;0,0000000
26May2019 0:00:00;0,0000000
26May2019 1:00:00;0,0000000
26May2019 2:00:00;0,0000000
26May2019 3:00:00;0,0000000
26May2019 4:00:00;0,0000000
26May2019 5:00:00;0,9408133
26May2019 6:00:00;19,8236385
26May2019 7:00:00;83,1425666
26May2019 8:00:00;175,6600527
26May2019 9:00:00;253,2326681
26May2019 10:00:00;299,4269400
26May2019 11:00:00;308,5721002
26May2019 12:00:00;306,3381367
26May2019 13:00:00;305,0819684
26May2019 14:00:00;285,4682103
26May2019 15:00:00;256,5580612
26May2019 16:00:00;198,0326914
26May2019 17:00:00;124,2973771
26May2019 18:00:00;47,0829083
26May2019 19:00:00;7,7288116
26May2019 20:00:00;0,0026970
26May2019 21:00:00;0,0000000
26May2019 22:00:00;0,0000000
26May2019 23:00:00;0,0000000
27May2019 0:00:00;0,0000000
27May2019 1:00:00;0,0000000
27May2019 2:00:00;0,0000000
27May2019 3:00:00;0,0000000
27May2019 4:00:00;0,0000000
27May2019 5:00:00;1,5708935
27May2019 6:00:00;22,5862734
27May2019 7:00:00;81,8135303
27May2019 8:00:00;167,9106585
27May2019 9:00:00;246,9953654
27May2019 10:00:00;294,1009233
27May2019 11:00:00;310,9605439
27May2019 12:00:00;301,6086461
27May2019 13:00:00;311,1953514
27May2019 14:00:00;301,0926348
27May2019 15:00:00;268,5367531
27May2019 16:00:00;202,0511903
27May2019 17:00:00;121,7005945
27May2019 18:00:00;47,6215378
27May2019 19:00:00;8,1059062
27May2019 20:00:00;0,1813872
27May2019 21:00:00;0,0000000
27May2019 22:00:00;0,0000000
27May2019 23:00:00;0,0000000
28May2019 0:00:00;0,0000000
28May2019 1:00:00;0,0000000
28May2019 2:00:00;0,0000000
28May2019 3:00:00;0,0000000
28May2019 4:00:00;0,0000000
28May2019 5:00:00;1,0731328
28May2019 6:00:00;19,8775320
28May2019 7:00:00;77,1087731
28May2019 8:00:00;167,5110432
28May2019 9:00:00;240,3542266
28May2019 10:00:00;285,8329440
28May2019 11:00:00;315,1061540
28May2019 12:00:00;328,6947539
28May2019 13:00:00;323,9372222
28May2019 14:00:00;300,4412101
28May2019 15:00:00;258,5305536
28May2019 16:00:00;199,1602667
28May2019 17:00:00;119,8682637
28May2019 18:00:00;47,5671087
28May2019 19:00:00;9,5994455
28May2019 20:00:00;0,0053665
28May2019 21:00:00;0,0000000
28May2019 22:00:00;0,0000000
28May2019 23:00:00;0,0000000
29May2019 0:00:00;0,0000000
29May2019 1:00:00;0,0000000
29May2019 2:00:00;0,0000000
29May2019 3:00:00;0,0000000
29May2019 4:00:00;0,0000000
29May2019 5:00:00;1,1797652
29May2019 6:00:00;23,4434921
29May2019 7:00:00;76,9657086
29May2019 8:00:00;159,6219705
29May2019 9:00:00;226,6425041
29May2019 10:00:00;281,6299719
29May2019 11:00:00;314,4537044
29May2019 12:00:00;332,8029161
29May2019 13:00:00;312,7723878
29May2019 14:00:00;271,3063980
29May2019 15:00:00;228,0698105
29May2019 16:00:00;178,9238992
29May2019 17:00:00;114,8724207
29May2019 18:00:00;47,0422536
29May2019 19:00:00;8,6438615
29May2019 20:00:00;0,0071960
29May2019 21:00:00;0,0000000
29May2019 22:00:00;0,0000000
29May2019 23:00:00;0,0000000
30May2019 0:00:00;0,0000000
30May2019 1:00:00;0,0000000
30May2019 2:00:00;0,0000000
30May2019 3:00:00;0,0000000
30May2019 4:00:00;0,0000000
30May2019 5:00:00;1,5268970
30May2019 6:00:00;22,6130145
30May2019 7:00:00;77,2347485
30May2019 8:00:00;154,1623285
30May2019 9:00:00;219,8155404
30May2019 10:00:00;254,5633798
30May2019 11:00:00;286,9076659
30May2019 12:00:00;300,7028013
30May2019 13:00:00;298,7199343
30May2019 14:00:00;280,5715640
30May2019 15:00:00;233,0127619
30May2019 16:00:00;160,7935872
30May2019 17:00:00;101,3969278
30May2019 18:00:00;48,8053601
30May2019 19:00:00;10,8428265
30May2019 20:00:00;0,0425667
30May2019 21:00:00;0,0000000
30May2019 22:00:00;0,0000000
30May2019 23:00:00;0,0000000
31May2019 0:00:00;0,0000000
31May2019 1:00:00;0,0000000
31May2019 2:00:00;0,0000000
31May2019 3:00:00;0,0000000
31May2019 4:00:00;0,0000000
31May2019 5:00:00;1,3284557
31May2019 6:00:00;23,0996719
31May2019 7:00:00;75,6667432
31May2019 8:00:00;151,4642602
31May2019 9:00:00;211,6095539
31May2019 10:00:00;246,3484712
31May2019 11:00:00;277,5225931
31May2019 12:00:00;281,3797194
31May2019 13:00:00;268,9360272
31May2019 14:00:00;253,0288778
31May2019 15:00:00;211,2612077
31May2019 16:00:00;158,3621708
31May2019 17:00:00;109,6048965
31May2019 18:00:00;51,8877270
31May2019 19:00:00;12,9058534
31May2019 20:00:00;0,0457918
31May2019 21:00:00;0,0000000
31May2019 22:00:00;0,0000000
31May2019 23:00:00;0,0000000
01Jun2019 0:00:00;0,0000080
01Jun2019 1:00:00;0,0000000
01Jun2019 2:00:00;0,0000000
01Jun2019 3:00:00;0,0000080
01Jun2019 4:00:00;0,0001000
01Jun2019 5:00:00;1,9267847
01Jun2019 6:00:00;25,8821508
01Jun2019 7:00:00;82,1244028
01Jun2019 8:00:00;163,5846127
01Jun2019 9:00:00;235,8388147
01Jun2019 10:00:00;278,8510760
01Jun2019 11:00:00;306,9518032
01Jun2019 12:00:00;302,5447105
01Jun2019 13:00:00;305,7508159
01Jun2019 14:00:00;276,1815724
01Jun2019 15:00:00;196,7078445
01Jun2019 16:00:00;99,2315432
01Jun2019 17:00:00;39,4130017
01Jun2019 18:00:00;16,2095354
01Jun2019 19:00:00;6,0804541
01Jun2019 20:00:00;0,0237782
01Jun2019 21:00:00;0,0006800
01Jun2019 22:00:00;0,0082880
01Jun2019 23:00:00;0,0000000
02Jun2019 0:00:00;0,0000080
02Jun2019 1:00:00;0,0000000
02Jun2019 2:00:00;0,0000000
02Jun2019 3:00:00;0,0000000
02Jun2019 4:00:00;0,0000000
02Jun2019 5:00:00;2,1301149
02Jun2019 6:00:00;26,2951019
02Jun2019 7:00:00;77,6371233
02Jun2019 8:00:00;151,4341899
02Jun2019 9:00:00;213,3746031
02Jun2019 10:00:00;245,6699871
02Jun2019 11:00:00;252,4700040
02Jun2019 12:00:00;243,0491445
02Jun2019 13:00:00;246,7383559
02Jun2019 14:00:00;227,9232789
02Jun2019 15:00:00;166,9403452
02Jun2019 16:00:00;120,1805130
02Jun2019 17:00:00;76,1710711
02Jun2019 18:00:00;44,5133041
02Jun2019 19:00:00;11,3915748
02Jun2019 20:00:00;0,0166916
02Jun2019 21:00:00;0,0000000
02Jun2019 22:00:00;0,0000000
02Jun2019 23:00:00;0,0000000
03Jun2019 0:00:00;0,0000000
03Jun2019 1:00:00;0,0001200
03Jun2019 2:00:00;0,0000080
03Jun2019 3:00:00;0,0000000
03Jun2019 4:00:00;0,0000080
03Jun2019 5:00:00;1,4000501
03Jun2019 6:00:00;21,0729919
03Jun2019 7:00:00;79,4834022
03Jun2019 8:00:00;163,1752973
03Jun2019 9:00:00;246,6392558
03Jun2019 10:00:00;295,7996916
03Jun2019 11:00:00;310,6660680
03Jun2019 12:00:00;320,7471478
03Jun2019 13:00:00;313,8422162
03Jun2019 14:00:00;292,8703434
03Jun2019 15:00:00;254,4489981
03Jun2019 16:00:00;197,0732661
03Jun2019 17:00:00;125,2867160
03Jun2019 18:00:00;55,7618508
03Jun2019 19:00:00;10,7413623
03Jun2019 20:00:00;0,0216300
03Jun2019 21:00:00;0,0000000
03Jun2019 22:00:00;0,0000080
03Jun2019 23:00:00;0,0000000
04Jun2019 0:00:00;0,0000080
04Jun2019 1:00:00;0,0000000
04Jun2019 2:00:00;0,0000000
04Jun2019 3:00:00;0,0000080
04Jun2019 4:00:00;0,0000000
04Jun2019 5:00:00;1,8030367
04Jun2019 6:00:00;23,1489209
04Jun2019 7:00:00;82,2280678
04Jun2019 8:00:00;171,8429993
04Jun2019 9:00:00;249,1473673
04Jun2019 10:00:00;303,6893818
04Jun2019 11:00:00;316,2815705
04Jun2019 12:00:00;309,9213987
04Jun2019 13:00:00;293,3478064
04Jun2019 14:00:00;286,7338384
04Jun2019 15:00:00;250,2708777
04Jun2019 16:00:00;190,3240156
04Jun2019 17:00:00;121,5997658
04Jun2019 18:00:00;56,6108787
04Jun2019 19:00:00;14,4021995
04Jun2019 20:00:00;0,0628805
04Jun2019 21:00:00;0,0014420
04Jun2019 22:00:00;0,0000080
04Jun2019 23:00:00;0,0000000
05Jun2019 0:00:00;0,0000000
05Jun2019 1:00:00;0,0000000
05Jun2019 2:00:00;0,0000000
05Jun2019 3:00:00;0,0000000
05Jun2019 4:00:00;0,0000080
05Jun2019 5:00:00;1,3180630
05Jun2019 6:00:00;20,8073219
05Jun2019 7:00:00;81,9224126
05Jun2019 8:00:00;173,4395706
05Jun2019 9:00:00;253,7586779
05Jun2019 10:00:00;303,4753555
05Jun2019 11:00:00;323,8629117
05Jun2019 12:00:00;325,3182293
05Jun2019 13:00:00;313,8420541
05Jun2019 14:00:00;288,1432791
05Jun2019 15:00:00;244,5522072
05Jun2019 16:00:00;195,3183025
05Jun2019 17:00:00;126,1052204
05Jun2019 18:00:00;50,8111915
05Jun2019 19:00:00;12,7030780
05Jun2019 20:00:00;0,0821301
05Jun2019 21:00:00;0,0000080
05Jun2019 22:00:00;0,0000000
05Jun2019 23:00:00;0,0000080
06Jun2019 0:00:00;0,0001200
06Jun2019 1:00:00;0,0000000
06Jun2019 2:00:00;0,0000080
06Jun2019 3:00:00;0,0000000
06Jun2019 4:00:00;0,0000000
06Jun2019 5:00:00;1,4268253
06Jun2019 6:00:00;21,1427591
06Jun2019 7:00:00;89,4885288
06Jun2019 8:00:00;171,9361703
06Jun2019 9:00:00;251,4840663
06Jun2019 10:00:00;307,7595378
06Jun2019 11:00:00;327,7274675
06Jun2019 12:00:00;316,0711397
06Jun2019 13:00:00;299,4756584
06Jun2019 14:00:00;277,2136054
06Jun2019 15:00:00;236,1879497
06Jun2019 16:00:00;169,7174536
06Jun2019 17:00:00;98,5311958
06Jun2019 18:00:00;44,1464315
06Jun2019 19:00:00;13,7454932
06Jun2019 20:00:00;0,1091889
06Jun2019 21:00:00;0,0000080
06Jun2019 22:00:00;0,0000000
06Jun2019 23:00:00;0,0000000
07Jun2019 0:00:00;0,0000080
07Jun2019 1:00:00;0,0000000
07Jun2019 2:00:00;0,0000000
07Jun2019 3:00:00;0,0001280
07Jun2019 4:00:00;0,0000000
07Jun2019 5:00:00;1,3931266
07Jun2019 6:00:00;20,0891981
07Jun2019 7:00:00;81,0073677
07Jun2019 8:00:00;173,1530161
07Jun2019 9:00:00;256,5874920
07Jun2019 10:00:00;314,0241272
07Jun2019 11:00:00;344,9935046
07Jun2019 12:00:00;338,9351099
07Jun2019 13:00:00;316,7467400
07Jun2019 14:00:00;271,7630466
07Jun2019 15:00:00;198,9992654
07Jun2019 16:00:00;151,9464227
07Jun2019 17:00:00;88,3490101
07Jun2019 18:00:00;41,0756885
07Jun2019 19:00:00;12,3168740
07Jun2019 20:00:00;0,1796004
07Jun2019 21:00:00;0,0000000
07Jun2019 22:00:00;0,0000080
07Jun2019 23:00:00;0,0000000
08Jun2019 0:00:00;0,0000000
08Jun2019 1:00:00;0,0000080
08Jun2019 2:00:00;0,0001200
08Jun2019 3:00:00;0,0000080
08Jun2019 4:00:00;0,0000000
08Jun2019 5:00:00;1,6974860
08Jun2019 6:00:00;21,5501718
08Jun2019 7:00:00;82,6324078
08Jun2019 8:00:00;175,1941867
08Jun2019 9:00:00;255,7770963
08Jun2019 10:00:00;311,5854435
08Jun2019 11:00:00;335,2706332
08Jun2019 12:00:00;335,1489355
08Jun2019 13:00:00;319,3264299
08Jun2019 14:00:00;291,2796414
08Jun2019 15:00:00;245,0670785
08Jun2019 16:00:00;192,6973945
08Jun2019 17:00:00;125,0741109
08Jun2019 18:00:00;46,9612542
08Jun2019 19:00:00;13,2195427
08Jun2019 20:00:00;0,1743251
08Jun2019 21:00:00;0,0000000
08Jun2019 22:00:00;0,0011930
08Jun2019 23:00:00;0,0000080
09Jun2019 0:00:00;0,0000000
09Jun2019 1:00:00;0,0000080
09Jun2019 2:00:00;0,0000000
09Jun2019 3:00:00;0,0000000
09Jun2019 4:00:00;0,0000080
09Jun2019 5:00:00;1,4888793
09Jun2019 6:00:00;20,9526989
09Jun2019 7:00:00;72,6223453
09Jun2019 8:00:00;154,4474159
09Jun2019 9:00:00;226,6153081
09Jun2019 10:00:00;291,6974031
09Jun2019 11:00:00;325,0221020
09Jun2019 12:00:00;332,3862334
09Jun2019 13:00:00;311,2200319
09Jun2019 14:00:00;234,5515979
09Jun2019 15:00:00;139,8231242
09Jun2019 16:00:00;91,1683296
09Jun2019 17:00:00;44,2815601
09Jun2019 18:00:00;12,9459158
09Jun2019 19:00:00;2,3066481
09Jun2019 20:00:00;0,0246185
09Jun2019 21:00:00;0,0000000
09Jun2019 22:00:00;0,0000000
09Jun2019 23:00:00;0,0000000
10Jun2019 0:00:00;0,0000000
10Jun2019 1:00:00;0,0001200
10Jun2019 2:00:00;0,0015320
10Jun2019 3:00:00;0,0000000
10Jun2019 4:00:00;0,0000000
10Jun2019 5:00:00;1,2565852
10Jun2019 6:00:00;21,6531429
10Jun2019 7:00:00;77,3711009
10Jun2019 8:00:00;153,7005757
10Jun2019 9:00:00;226,1112386
10Jun2019 10:00:00;268,7356658
10Jun2019 11:00:00;278,4142410
10Jun2019 12:00:00;300,4556134
10Jun2019 13:00:00;311,1063736
10Jun2019 14:00:00;271,1126244
10Jun2019 15:00:00;208,6781062
10Jun2019 16:00:00;141,2832077
10Jun2019 17:00:00;68,5094385
10Jun2019 18:00:00;26,7818140
10Jun2019 19:00:00;6,6682217
10Jun2019 20:00:00;0,1947940
10Jun2019 21:00:00;0,0051640
10Jun2019 22:00:00;0,0096600
10Jun2019 23:00:00;0,0000000
11Jun2019 0:00:00;0,0000000
11Jun2019 1:00:00;0,0000000
11Jun2019 2:00:00;0,0000000
11Jun2019 3:00:00;0,0000000
11Jun2019 4:00:00;0,0000000
11Jun2019 5:00:00;1,7086782
11Jun2019 6:00:00;23,1736663
11Jun2019 7:00:00;68,9434668
11Jun2019 8:00:00;132,1914481
11Jun2019 9:00:00;194,6715651
11Jun2019 10:00:00;262,9711081
11Jun2019 11:00:00;301,9398133
11Jun2019 12:00:00;324,2018764
11Jun2019 13:00:00;297,4498960
11Jun2019 14:00:00;251,4946719
11Jun2019 15:00:00;165,9164643
11Jun2019 16:00:00;101,9997731
11Jun2019 17:00:00;53,2458087
11Jun2019 18:00:00;25,0160358
11Jun2019 19:00:00;5,3447974
11Jun2019 20:00:00;0,0789871
11Jun2019 21:00:00;0,0000000
11Jun2019 22:00:00;0,0000000
11Jun2019 23:00:00;0,0000000
12Jun2019 0:00:00;0,0000000
12Jun2019 1:00:00;0,0000000
12Jun2019 2:00:00;0,0000000
12Jun2019 3:00:00;0,0000000
12Jun2019 4:00:00;0,0000000
12Jun2019 5:00:00;0,8614256
12Jun2019 6:00:00;16,4448055
12Jun2019 7:00:00;54,4234780
12Jun2019 8:00:00;121,7495863
12Jun2019 9:00:00;182,1409430
12Jun2019 10:00:00;197,0343403
12Jun2019 11:00:00;205,7603020
12Jun2019 12:00:00;211,9679527
12Jun2019 13:00:00;183,9061129
12Jun2019 14:00:00;153,3458793
12Jun2019 15:00:00;122,5931128
12Jun2019 16:00:00;110,8573359
12Jun2019 17:00:00;80,7182252
12Jun2019 18:00:00;44,8394056
12Jun2019 19:00:00;12,3746526
12Jun2019 20:00:00;0,0485752
12Jun2019 21:00:00;0,0000000
12Jun2019 22:00:00;0,0000000
12Jun2019 23:00:00;0,0000000
13Jun2019 0:00:00;0,0000000
13Jun2019 1:00:00;0,0000000
13Jun2019 2:00:00;0,0000000
13Jun2019 3:00:00;0,0000000
13Jun2019 4:00:00;0,0000000
13Jun2019 5:00:00;1,1450654
13Jun2019 6:00:00;19,5352348
13Jun2019 7:00:00;64,0297361
13Jun2019 8:00:00;116,9889457
13Jun2019 9:00:00;185,6718193
13Jun2019 10:00:00;231,0681404
13Jun2019 11:00:00;267,1478728
13Jun2019 12:00:00;287,8637137
13Jun2019 13:00:00;253,8166363
13Jun2019 14:00:00;210,6892198
13Jun2019 15:00:00;162,9548244
13Jun2019 16:00:00;136,5710754
13Jun2019 17:00:00;95,5709625
13Jun2019 18:00:00;50,7462444
13Jun2019 19:00:00;16,4939954
13Jun2019 20:00:00;0,3188450
13Jun2019 21:00:00;0,0001200
13Jun2019 22:00:00;0,0000000
13Jun2019 23:00:00;0,0000000
14Jun2019 0:00:00;0,0000000
14Jun2019 1:00:00;0,0000000
14Jun2019 2:00:00;0,0000000
14Jun2019 3:00:00;0,0000000
14Jun2019 4:00:00;0,0000000
14Jun2019 5:00:00;1,5440920
14Jun2019 6:00:00;20,8105227
14Jun2019 7:00:00;78,9627515
14Jun2019 8:00:00;164,2468511
14Jun2019 9:00:00;239,6996490
14Jun2019 10:00:00;269,9343902
14Jun2019 11:00:00;282,6874166
14Jun2019 12:00:00;291,0816019
14Jun2019 13:00:00;284,3224200
14Jun2019 14:00:00;262,1184386
14Jun2019 15:00:00;227,6232203
14Jun2019 16:00:00;155,2395927
14Jun2019 17:00:00;96,0948703
14Jun2019 18:00:00;46,1307842
14Jun2019 19:00:00;14,2540991
14Jun2019 20:00:00;0,0776818
14Jun2019 21:00:00;0,0000000
14Jun2019 22:00:00;0,0000000
14Jun2019 23:00:00;0,0000000
15Jun2019 0:00:00;0,0000000
15Jun2019 1:00:00;0,0000000
15Jun2019 2:00:00;0,0000000
15Jun2019 3:00:00;0,0000000
15Jun2019 4:00:00;0,0000000
15Jun2019 5:00:00;0,8907966
15Jun2019 6:00:00;12,3577240
15Jun2019 7:00:00;45,8219148
15Jun2019 8:00:00;95,2616927
15Jun2019 9:00:00;129,2597903
15Jun2019 10:00:00;169,2944245
15Jun2019 11:00:00;222,7006602
15Jun2019 12:00:00;251,9537255
15Jun2019 13:00:00;239,8315729
15Jun2019 14:00:00;241,9532394
15Jun2019 15:00:00;208,7099465
15Jun2019 16:00:00;145,6795485
15Jun2019 17:00:00;77,0628189
15Jun2019 18:00:00;35,6688322
15Jun2019 19:00:00;7,1591957
15Jun2019 20:00:00;0,0426632
15Jun2019 21:00:00;0,0000000
15Jun2019 22:00:00;0,0010350
15Jun2019 23:00:00;0,0000000
16Jun2019 0:00:00;0,0000000
16Jun2019 1:00:00;0,0000000
16Jun2019 2:00:00;0,0000000
16Jun2019 3:00:00;0,0000000
16Jun2019 4:00:00;0,0113810
16Jun2019 5:00:00;1,8060563
16Jun2019 6:00:00;21,8658018
16Jun2019 7:00:00;69,0530956
16Jun2019 8:00:00;130,8954768
16Jun2019 9:00:00;177,0776291
16Jun2019 10:00:00;204,6194616
16Jun2019 11:00:00;233,4124517
16Jun2019 12:00:00;255,4316304
16Jun2019 13:00:00;241,0412259
16Jun2019 14:00:00;242,1970039
16Jun2019 15:00:00;212,6946042
16Jun2019 16:00:00;172,2024484
16Jun2019 17:00:00;106,7905973
16Jun2019 18:00:00;49,1669811
16Jun2019 19:00:00;12,1990240
16Jun2019 20:00:00;0,0693441
16Jun2019 21:00:00;0,0000000
16Jun2019 22:00:00;0,0000000
16Jun2019 23:00:00;0,0000000
17Jun2019 0:00:00;0,0000000
17Jun2019 1:00:00;0,0000000
17Jun2019 2:00:00;0,0000000
17Jun2019 3:00:00;0,0000000
17Jun2019 4:00:00;0,0000000
17Jun2019 5:00:00;1,2915675
17Jun2019 6:00:00;22,5176969
17Jun2019 7:00:00;67,5937689
17Jun2019 8:00:00;130,0508797
17Jun2019 9:00:00;189,2771006
17Jun2019 10:00:00;243,3870921
17Jun2019 11:00:00;268,2453113
17Jun2019 12:00:00;272,6738162
17Jun2019 13:00:00;264,2995188
17Jun2019 14:00:00;220,6746720
17Jun2019 15:00:00;145,3051564
17Jun2019 16:00:00;100,8843895
17Jun2019 17:00:00;78,2128591
17Jun2019 18:00:00;43,4665168
17Jun2019 19:00:00;13,4856728
17Jun2019 20:00:00;0,0652431
17Jun2019 21:00:00;0,0000000
17Jun2019 22:00:00;0,0000000
17Jun2019 23:00:00;0,0000000
18Jun2019 0:00:00;0,0000000
18Jun2019 1:00:00;0,0000000
18Jun2019 2:00:00;0,0000000
18Jun2019 3:00:00;0,0000000
18Jun2019 4:00:00;0,0000000
18Jun2019 5:00:00;1,0675107
18Jun2019 6:00:00;18,6793783
18Jun2019 7:00:00;54,9249918
18Jun2019 8:00:00;100,9127171
18Jun2019 9:00:00;156,5538111
18Jun2019 10:00:00;191,6305751
18Jun2019 11:00:00;202,6178853
18Jun2019 12:00:00;223,0822084
18Jun2019 13:00:00;229,2354144
18Jun2019 14:00:00;195,1992021
18Jun2019 15:00:00;163,4792738
18Jun2019 16:00:00;127,7375548
18Jun2019 17:00:00;54,1511950
18Jun2019 18:00:00;17,9250666
18Jun2019 19:00:00;4,6359227
18Jun2019 20:00:00;0,0150987
18Jun2019 21:00:00;0,0000000
18Jun2019 22:00:00;0,0000000
18Jun2019 23:00:00;0,0000000
19Jun2019 0:00:00;0,0000000
19Jun2019 1:00:00;0,0000000
19Jun2019 2:00:00;0,0000000
19Jun2019 3:00:00;0,0000000
19Jun2019 4:00:00;0,0000000
19Jun2019 5:00:00;1,4911041
19Jun2019 6:00:00;19,6897587
19Jun2019 7:00:00;61,2580870
19Jun2019 8:00:00;121,4358381
19Jun2019 9:00:00;196,3507642
19Jun2019 10:00:00;230,2692209
19Jun2019 11:00:00;254,4058485
19Jun2019 12:00:00;237,3911754
19Jun2019 13:00:00;174,5181618
19Jun2019 14:00:00;179,7066097
19Jun2019 15:00:00;181,7451413
19Jun2019 16:00:00;124,1243159
19Jun2019 17:00:00;58,6069092
19Jun2019 18:00:00;26,1829533
19Jun2019 19:00:00;7,1461586
19Jun2019 20:00:00;0,1162061
19Jun2019 21:00:00;0,0001200
19Jun2019 22:00:00;0,0000000
19Jun2019 23:00:00;0,0000000
20Jun2019 0:00:00;0,0000000
20Jun2019 1:00:00;0,0000000
20Jun2019 2:00:00;0,0000000
20Jun2019 3:00:00;0,0000000
20Jun2019 4:00:00;0,0000000
20Jun2019 5:00:00;0,3759300
20Jun2019 6:00:00;9,4738227
20Jun2019 7:00:00;30,4356418
20Jun2019 8:00:00;64,0303305
20Jun2019 9:00:00;107,4966857
20Jun2019 10:00:00;163,3397283
20Jun2019 11:00:00;186,3443893
20Jun2019 12:00:00;178,9502842
20Jun2019 13:00:00;203,3471498
20Jun2019 14:00:00;194,7900378
20Jun2019 15:00:00;182,1645566
20Jun2019 16:00:00;131,7859723
20Jun2019 17:00:00;72,8319533
20Jun2019 18:00:00;41,2276412
20Jun2019 19:00:00;11,0010144
20Jun2019 20:00:00;0,4292039
20Jun2019 21:00:00;0,0000000
20Jun2019 22:00:00;0,0000000
20Jun2019 23:00:00;0,0001200
21Jun2019 0:00:00;0,0000000
21Jun2019 1:00:00;0,0000000
21Jun2019 2:00:00;0,0000000
21Jun2019 3:00:00;0,0000000
21Jun2019 4:00:00;0,0000000
21Jun2019 5:00:00;0,8168815
21Jun2019 6:00:00;15,1287101
21Jun2019 7:00:00;54,9724095
21Jun2019 8:00:00;113,8649521
21Jun2019 9:00:00;161,3208640
21Jun2019 10:00:00;179,6972842
21Jun2019 11:00:00;180,6302546
21Jun2019 12:00:00;165,1342421
21Jun2019 13:00:00;169,9984600
21Jun2019 14:00:00;166,1172506
21Jun2019 15:00:00;145,8721952
21Jun2019 16:00:00;125,3438887
21Jun2019 17:00:00;82,1603399
21Jun2019 18:00:00;40,7721855
21Jun2019 19:00:00;10,6339813
21Jun2019 20:00:00;0,1435842
21Jun2019 21:00:00;0,0000000
21Jun2019 22:00:00;0,0000000
21Jun2019 23:00:00;0,0000000
22Jun2019 0:00:00;0,0000000
22Jun2019 1:00:00;0,0000000
22Jun2019 2:00:00;0,0000000
22Jun2019 3:00:00;0,0000000
22Jun2019 4:00:00;0,0000000
22Jun2019 5:00:00;3,3268626
22Jun2019 6:00:00;23,3868095
22Jun2019 7:00:00;49,5484828
22Jun2019 8:00:00;98,3142842
22Jun2019 9:00:00;157,9368293
22Jun2019 10:00:00;202,5555575
22Jun2019 11:00:00;237,2988602
22Jun2019 12:00:00;264,5976425
22Jun2019 13:00:00;271,9385862
22Jun2019 14:00:00;264,0239674
22Jun2019 15:00:00;217,4233785
22Jun2019 16:00:00;143,4756932
22Jun2019 17:00:00;86,1983197
22Jun2019 18:00:00;44,7607382
22Jun2019 19:00:00;15,7864638
22Jun2019 20:00:00;0,6369868
22Jun2019 21:00:00;0,0000000
22Jun2019 22:00:00;0,0044210
22Jun2019 23:00:00;0,0000000
23Jun2019 0:00:00;0,0000000
23Jun2019 1:00:00;0,0000000
23Jun2019 2:00:00;0,0000000
23Jun2019 3:00:00;0,0001200
23Jun2019 4:00:00;0,0000000
23Jun2019 5:00:00;1,4582166
23Jun2019 6:00:00;18,7067561
23Jun2019 7:00:00;75,2771875
23Jun2019 8:00:00;165,9987680
23Jun2019 9:00:00;243,6842069
23Jun2019 10:00:00;299,2471629
23Jun2019 11:00:00;321,5639025
23Jun2019 12:00:00;323,6693541
23Jun2019 13:00:00;315,4156222
23Jun2019 14:00:00;305,3011822
23Jun2019 15:00:00;270,1193574
23Jun2019 16:00:00;217,2423999
23Jun2019 17:00:00;134,5076917
23Jun2019 18:00:00;56,4000687
23Jun2019 19:00:00;12,1607010
23Jun2019 20:00:00;0,2661856
23Jun2019 21:00:00;0,0000000
23Jun2019 22:00:00;0,0062420
23Jun2019 23:00:00;0,0000000
24Jun2019 0:00:00;0,0000000
24Jun2019 1:00:00;0,0000000
24Jun2019 2:00:00;0,0000000
24Jun2019 3:00:00;0,0017250
24Jun2019 4:00:00;0,0000000
24Jun2019 5:00:00;1,3805087
24Jun2019 6:00:00;18,2338569
24Jun2019 7:00:00;75,6764659
24Jun2019 8:00:00;170,9268567
24Jun2019 9:00:00;241,9956826
24Jun2019 10:00:00;288,5829698
24Jun2019 11:00:00;309,5128310
24Jun2019 12:00:00;314,4080514
24Jun2019 13:00:00;308,2807876
24Jun2019 14:00:00;288,5220644
24Jun2019 15:00:00;256,2330662
24Jun2019 16:00:00;208,7121767
24Jun2019 17:00:00;139,6166502
24Jun2019 18:00:00;56,9568866
24Jun2019 19:00:00;12,6516883
24Jun2019 20:00:00;0,1411611
24Jun2019 21:00:00;0,0000000
24Jun2019 22:00:00;0,0000080
24Jun2019 23:00:00;0,0000000
25Jun2019 0:00:00;0,0000000
25Jun2019 1:00:00;0,0000080
25Jun2019 2:00:00;0,0000000
25Jun2019 3:00:00;0,0000080
25Jun2019 4:00:00;0,0000000
25Jun2019 5:00:00;1,3118358
25Jun2019 6:00:00;17,7071032
25Jun2019 7:00:00;72,9111743
25Jun2019 8:00:00;159,9589308
25Jun2019 9:00:00;230,1353992
25Jun2019 10:00:00;288,2740111
25Jun2019 11:00:00;305,9704303
25Jun2019 12:00:00;303,4947834
25Jun2019 13:00:00;309,9743116
25Jun2019 14:00:00;284,4331656
25Jun2019 15:00:00;249,1129321
25Jun2019 16:00:00;197,0053181
25Jun2019 17:00:00;129,4539847
25Jun2019 18:00:00;56,9067319
25Jun2019 19:00:00;12,7556572
25Jun2019 20:00:00;0,1477104
25Jun2019 21:00:00;0,0000000
25Jun2019 22:00:00;0,0000000
25Jun2019 23:00:00;0,0000080
26Jun2019 0:00:00;0,0000000
26Jun2019 1:00:00;0,0000080
26Jun2019 2:00:00;0,0000000
26Jun2019 3:00:00;0,0000000
26Jun2019 4:00:00;0,0000080
26Jun2019 5:00:00;1,4858899
26Jun2019 6:00:00;19,6185179
26Jun2019 7:00:00;71,9683923
26Jun2019 8:00:00;156,8203977
26Jun2019 9:00:00;235,0287212
26Jun2019 10:00:00;283,8469433
26Jun2019 11:00:00;328,0124220
26Jun2019 12:00:00;333,5321587
26Jun2019 13:00:00;305,9068032
26Jun2019 14:00:00;272,8820203
26Jun2019 15:00:00;256,2826488
26Jun2019 16:00:00;181,6303419
26Jun2019 17:00:00;106,0248896
26Jun2019 18:00:00;42,1906016
26Jun2019 19:00:00;8,3421456
26Jun2019 20:00:00;0,0630161
26Jun2019 21:00:00;0,0000000
26Jun2019 22:00:00;0,0000080
26Jun2019 23:00:00;0,0000000
27Jun2019 0:00:00;0,0000080
27Jun2019 1:00:00;0,0000000
27Jun2019 2:00:00;0,0000000
27Jun2019 3:00:00;0,0000080
27Jun2019 4:00:00;0,0000000
27Jun2019 5:00:00;1,3719248
27Jun2019 6:00:00;19,0191008
27Jun2019 7:00:00;71,9953561
27Jun2019 8:00:00;147,5833652
27Jun2019 9:00:00;218,6087904
27Jun2019 10:00:00;274,6656057
27Jun2019 11:00:00;307,1710051
27Jun2019 12:00:00;325,4194436
27Jun2019 13:00:00;323,5533217
27Jun2019 14:00:00;305,6947915
27Jun2019 15:00:00;257,0546971
27Jun2019 16:00:00;198,6387984
27Jun2019 17:00:00;131,3330912
27Jun2019 18:00:00;53,4237044
27Jun2019 19:00:00;12,9538107
27Jun2019 20:00:00;0,1615204
27Jun2019 21:00:00;0,0000000
27Jun2019 22:00:00;0,0000000
27Jun2019 23:00:00;0,0000080
28Jun2019 0:00:00;0,0000000
28Jun2019 1:00:00;0,0000000
28Jun2019 2:00:00;0,0000080
28Jun2019 3:00:00;0,0000000
28Jun2019 4:00:00;0,0000080
28Jun2019 5:00:00;1,3374951
28Jun2019 6:00:00;19,3530671
28Jun2019 7:00:00;76,9205775
28Jun2019 8:00:00;166,5137461
28Jun2019 9:00:00;236,0604661
28Jun2019 10:00:00;262,3714498
28Jun2019 11:00:00;286,9142326
28Jun2019 12:00:00;292,2530281
28Jun2019 13:00:00;296,1004051
28Jun2019 14:00:00;278,4481253
28Jun2019 15:00:00;255,6583595
28Jun2019 16:00:00;209,0523897
28Jun2019 17:00:00;145,6817101
28Jun2019 18:00:00;62,9202345
28Jun2019 19:00:00;14,3405838
28Jun2019 20:00:00;0,2256548
28Jun2019 21:00:00;0,0000000
28Jun2019 22:00:00;0,0000080
28Jun2019 23:00:00;0,0000000
29Jun2019 0:00:00;0,0000000
29Jun2019 1:00:00;0,0000080
29Jun2019 2:00:00;0,0000000
29Jun2019 3:00:00;0,0000000
29Jun2019 4:00:00;0,0000080
29Jun2019 5:00:00;0,9674933
29Jun2019 6:00:00;17,8308668
29Jun2019 7:00:00;56,8883668
29Jun2019 8:00:00;100,1943567
29Jun2019 9:00:00;157,5054523
29Jun2019 10:00:00;217,4347465
29Jun2019 11:00:00;245,7323982
29Jun2019 12:00:00;264,7771495
29Jun2019 13:00:00;261,4671207
29Jun2019 14:00:00;237,1014794
29Jun2019 15:00:00;195,1432875
29Jun2019 16:00:00;159,7243025
29Jun2019 17:00:00;120,4170249
29Jun2019 18:00:00;54,6611012
29Jun2019 19:00:00;13,8858487
29Jun2019 20:00:00;0,1855154
29Jun2019 21:00:00;0,0000000
29Jun2019 22:00:00;0,0000000
29Jun2019 23:00:00;0,0000080
30Jun2019 0:00:00;0,0000000
30Jun2019 1:00:00;0,0000080
30Jun2019 2:00:00;0,0000000
30Jun2019 3:00:00;0,0000000
30Jun2019 4:00:00;0,0000080
30Jun2019 5:00:00;0,9322770
30Jun2019 6:00:00;16,2776149
30Jun2019 7:00:00;75,7948856
30Jun2019 8:00:00;168,3794729
30Jun2019 9:00:00;240,2217171
30Jun2019 10:00:00;285,3441581
30Jun2019 11:00:00;298,9719960
30Jun2019 12:00:00;293,4926684
30Jun2019 13:00:00;276,9533589
30Jun2019 14:00:00;249,3420279
30Jun2019 15:00:00;233,7841562
30Jun2019 16:00:00;208,9750730
30Jun2019 17:00:00;132,8051441
30Jun2019 18:00:00;62,5392081
30Jun2019 19:00:00;13,6528578
30Jun2019 20:00:00;0,1406446
30Jun2019 21:00:00;0,0000000
30Jun2019 22:00:00;0,0000000
30Jun2019 23:00:00;0,0000000
01Jul2019 0:00:00;0,0000000
01Jul2019 1:00:00;0,0000000
01Jul2019 2:00:00;0,0000000
01Jul2019 3:00:00;0,0000000
01Jul2019 4:00:00;0,0000000
01Jul2019 5:00:00;0,9033772
01Jul2019 6:00:00;15,6957128
01Jul2019 7:00:00;75,1887298
01Jul2019 8:00:00;168,2851611
01Jul2019 9:00:00;241,1738041
01Jul2019 10:00:00;296,1001365
01Jul2019 11:00:00;329,5191922
01Jul2019 12:00:00;343,1666311
01Jul2019 13:00:00;338,2695011
01Jul2019 14:00:00;326,9915720
01Jul2019 15:00:00;294,6813102
01Jul2019 16:00:00;239,4680483
01Jul2019 17:00:00;152,9034793
01Jul2019 18:00:00;63,4226266
01Jul2019 19:00:00;14,4325556
01Jul2019 20:00:00;0,1201099
01Jul2019 21:00:00;0,0000000
01Jul2019 22:00:00;0,0000000
01Jul2019 23:00:00;0,0000000
02Jul2019 0:00:00;0,0000000
02Jul2019 1:00:00;0,0000000
02Jul2019 2:00:00;0,0017160
02Jul2019 3:00:00;0,0000000
02Jul2019 4:00:00;0,0000000
02Jul2019 5:00:00;0,9382574
02Jul2019 6:00:00;16,9636038
02Jul2019 7:00:00;82,1461545
02Jul2019 8:00:00;182,6312211
02Jul2019 9:00:00;267,1924349
02Jul2019 10:00:00;315,9623758
02Jul2019 11:00:00;350,7890378
02Jul2019 12:00:00;361,9998916
02Jul2019 13:00:00;357,7590641
02Jul2019 14:00:00;346,5262641
02Jul2019 15:00:00;306,6209138
02Jul2019 16:00:00;243,1460418
02Jul2019 17:00:00;155,9899442
02Jul2019 18:00:00;63,0927151
02Jul2019 19:00:00;11,6267500
02Jul2019 20:00:00;0,1431600
02Jul2019 21:00:00;0,0000000
02Jul2019 22:00:00;0,0000000
02Jul2019 23:00:00;0,0000000
03Jul2019 0:00:00;0,0000000
03Jul2019 1:00:00;0,0000000
03Jul2019 2:00:00;0,0000000
03Jul2019 3:00:00;0,0000000
03Jul2019 4:00:00;0,0000000
03Jul2019 5:00:00;0,9262177
03Jul2019 6:00:00;16,7353164
03Jul2019 7:00:00;78,7255878
03Jul2019 8:00:00;170,5905615
03Jul2019 9:00:00;249,3036873
03Jul2019 10:00:00;314,8926085
03Jul2019 11:00:00;350,5847834
03Jul2019 12:00:00;358,9773143
03Jul2019 13:00:00;363,0272104
03Jul2019 14:00:00;340,6067045
03Jul2019 15:00:00;301,9544926
03Jul2019 16:00:00;239,2469313
03Jul2019 17:00:00;149,2737345
03Jul2019 18:00:00;61,8245379
03Jul2019 19:00:00;13,4572018
03Jul2019 20:00:00;0,1360890
03Jul2019 21:00:00;0,0000000
03Jul2019 22:00:00;0,0007110
03Jul2019 23:00:00;0,0017160
04Jul2019 0:00:00;0,0000000
04Jul2019 1:00:00;0,0000000
04Jul2019 2:00:00;0,0000000
04Jul2019 3:00:00;0,0000000
04Jul2019 4:00:00;0,0017160
04Jul2019 5:00:00;0,9177195
04Jul2019 6:00:00;16,7171985
04Jul2019 7:00:00;77,6218374
04Jul2019 8:00:00;172,7955942
04Jul2019 9:00:00;254,5266733
04Jul2019 10:00:00;310,5961119
04Jul2019 11:00:00;346,9115762
04Jul2019 12:00:00;356,1674852
04Jul2019 13:00:00;341,2876124
04Jul2019 14:00:00;324,6474624
04Jul2019 15:00:00;274,3531336
04Jul2019 16:00:00;201,7635615
04Jul2019 17:00:00;120,6587121
04Jul2019 18:00:00;45,9161749
04Jul2019 19:00:00;10,5571582
04Jul2019 20:00:00;1,0781200
04Jul2019 21:00:00;0,0000000
04Jul2019 22:00:00;0,0000000
04Jul2019 23:00:00;0,0000000
05Jul2019 0:00:00;0,0000000
05Jul2019 1:00:00;0,0000000
05Jul2019 2:00:00;0,0000000
05Jul2019 3:00:00;0,0000000
05Jul2019 4:00:00;0,0000000
05Jul2019 5:00:00;0,9717692
05Jul2019 6:00:00;17,3886929
05Jul2019 7:00:00;70,9524758
05Jul2019 8:00:00;157,2443251
05Jul2019 9:00:00;236,3239982
05Jul2019 10:00:00;294,3303390
05Jul2019 11:00:00;314,6727541
05Jul2019 12:00:00;313,9321323
05Jul2019 13:00:00;280,7643351
05Jul2019 14:00:00;239,5383934
05Jul2019 15:00:00;188,3960484
05Jul2019 16:00:00;151,4341310
05Jul2019 17:00:00;110,3409453
05Jul2019 18:00:00;57,2258683
05Jul2019 19:00:00;16,1097845
05Jul2019 20:00:00;0,1758257
05Jul2019 21:00:00;0,0000000
05Jul2019 22:00:00;0,0000000
05Jul2019 23:00:00;0,0000000
06Jul2019 0:00:00;0,0000000
06Jul2019 1:00:00;0,0000000
06Jul2019 2:00:00;0,0000000
06Jul2019 3:00:00;0,0000000
06Jul2019 4:00:00;0,0000000
06Jul2019 5:00:00;0,8348039
06Jul2019 6:00:00;16,4055267
06Jul2019 7:00:00;63,2029733
06Jul2019 8:00:00;148,9229311
06Jul2019 9:00:00;224,4172337
06Jul2019 10:00:00;278,5993654
06Jul2019 11:00:00;282,0572412
06Jul2019 12:00:00;297,4704052
06Jul2019 13:00:00;292,0951635
06Jul2019 14:00:00;270,4238076
06Jul2019 15:00:00;239,0666531
06Jul2019 16:00:00;198,6828875
06Jul2019 17:00:00;131,4512948
06Jul2019 18:00:00;60,5993985
06Jul2019 19:00:00;15,0578425
06Jul2019 20:00:00;0,8983979
06Jul2019 21:00:00;0,0000000
06Jul2019 22:00:00;0,0000000
06Jul2019 23:00:00;0,0000000
07Jul2019 0:00:00;0,0000000
07Jul2019 1:00:00;0,0000000
07Jul2019 2:00:00;0,0000000
07Jul2019 3:00:00;0,0000000
07Jul2019 4:00:00;0,0000000
07Jul2019 5:00:00;0,9007483
07Jul2019 6:00:00;16,9794118
07Jul2019 7:00:00;72,8254939
07Jul2019 8:00:00;167,2181369
07Jul2019 9:00:00;248,3128670
07Jul2019 10:00:00;301,2402080
07Jul2019 11:00:00;332,6732971
07Jul2019 12:00:00;350,9562429
07Jul2019 13:00:00;346,1849515
07Jul2019 14:00:00;334,1756064
07Jul2019 15:00:00;295,4571057
07Jul2019 16:00:00;230,3494742
07Jul2019 17:00:00;143,8373270
07Jul2019 18:00:00;60,1672911
07Jul2019 19:00:00;13,1148402
07Jul2019 20:00:00;0,1641030
07Jul2019 21:00:00;0,0000000
07Jul2019 22:00:00;0,0000000
07Jul2019 23:00:00;0,0113870
08Jul2019 0:00:00;0,0000000
08Jul2019 1:00:00;0,0000000
08Jul2019 2:00:00;0,0000000
08Jul2019 3:00:00;0,0000000
08Jul2019 4:00:00;0,0000000
08Jul2019 5:00:00;0,7502870
08Jul2019 6:00:00;16,3274888
08Jul2019 7:00:00;73,7517598
08Jul2019 8:00:00;167,0123421
08Jul2019 9:00:00;250,4459831
08Jul2019 10:00:00;309,3868155
08Jul2019 11:00:00;339,3062192
08Jul2019 12:00:00;348,3965901
08Jul2019 13:00:00;347,2536891
08Jul2019 14:00:00;337,1114190
08Jul2019 15:00:00;293,7032102
08Jul2019 16:00:00;227,7307253
08Jul2019 17:00:00;148,1441743
08Jul2019 18:00:00;58,0890666
08Jul2019 19:00:00;12,1499686
08Jul2019 20:00:00;0,0555939
08Jul2019 21:00:00;0,0000000
08Jul2019 22:00:00;0,0000000
08Jul2019 23:00:00;0,0000000
09Jul2019 0:00:00;0,0000000
09Jul2019 1:00:00;0,0000000
09Jul2019 2:00:00;0,0000000
09Jul2019 3:00:00;0,0000000
09Jul2019 4:00:00;0,0000000
09Jul2019 5:00:00;0,6811434
09Jul2019 6:00:00;16,6623308
09Jul2019 7:00:00;73,2848115
09Jul2019 8:00:00;162,6160341
09Jul2019 9:00:00;246,4195519
09Jul2019 10:00:00;302,1434298
09Jul2019 11:00:00;337,7081138
09Jul2019 12:00:00;336,3052286
09Jul2019 13:00:00;329,7705431
09Jul2019 14:00:00;317,7748691
09Jul2019 15:00:00;281,9362858
09Jul2019 16:00:00;220,7241328
09Jul2019 17:00:00;138,7801462
09Jul2019 18:00:00;57,3212021
09Jul2019 19:00:00;11,9565610
09Jul2019 20:00:00;0,0742067
09Jul2019 21:00:00;0,0000000
09Jul2019 22:00:00;0,0000000
09Jul2019 23:00:00;0,0000000
10Jul2019 0:00:00;0,0000000
10Jul2019 1:00:00;0,0017160
10Jul2019 2:00:00;0,0000000
10Jul2019 3:00:00;0,0000000
10Jul2019 4:00:00;0,0000000
10Jul2019 5:00:00;0,7459297
10Jul2019 6:00:00;17,3868074
10Jul2019 7:00:00;67,9125358
10Jul2019 8:00:00;151,3681555
10Jul2019 9:00:00;233,4035643
10Jul2019 10:00:00;298,3617385
10Jul2019 11:00:00;339,5610124
10Jul2019 12:00:00;339,1399733
10Jul2019 13:00:00;311,4576374
10Jul2019 14:00:00;281,2928565
10Jul2019 15:00:00;222,9741276
10Jul2019 16:00:00;159,9205483
10Jul2019 17:00:00;92,2662595
10Jul2019 18:00:00;45,0496169
10Jul2019 19:00:00;12,2976488
10Jul2019 20:00:00;0,0518820
10Jul2019 21:00:00;0,0000000
10Jul2019 22:00:00;0,0000000
10Jul2019 23:00:00;0,0000000
11Jul2019 0:00:00;0,0000000
11Jul2019 1:00:00;0,0000000
11Jul2019 2:00:00;0,0000000
11Jul2019 3:00:00;0,0000000
11Jul2019 4:00:00;0,0000000
11Jul2019 5:00:00;0,5944255
11Jul2019 6:00:00;19,2136865
11Jul2019 7:00:00;68,6957734
11Jul2019 8:00:00;140,4996712
11Jul2019 9:00:00;210,2792713
11Jul2019 10:00:00;281,1702739
11Jul2019 11:00:00;284,2908282
11Jul2019 12:00:00;213,4045422
11Jul2019 13:00:00;163,9368194
11Jul2019 14:00:00;125,0114104
11Jul2019 15:00:00;33,2105436
11Jul2019 16:00:00;32,9056855
11Jul2019 17:00:00;43,4484701
11Jul2019 18:00:00;32,6370589
11Jul2019 19:00:00;11,3799082
11Jul2019 20:00:00;0,4820500
11Jul2019 21:00:00;0,0000000
11Jul2019 22:00:00;0,0000000
11Jul2019 23:00:00;0,0000000
12Jul2019 0:00:00;0,0137520
12Jul2019 1:00:00;0,0000000
12Jul2019 2:00:00;0,0000000
12Jul2019 3:00:00;0,0000000
12Jul2019 4:00:00;0,0000000
12Jul2019 5:00:00;0,4204531
12Jul2019 6:00:00;15,6274241
12Jul2019 7:00:00;53,8624668
12Jul2019 8:00:00;108,7514391
12Jul2019 9:00:00;172,7681812
12Jul2019 10:00:00;238,3582890
12Jul2019 11:00:00;243,2342561
12Jul2019 12:00:00;256,3071093
12Jul2019 13:00:00;250,6211951
12Jul2019 14:00:00;246,1678544
12Jul2019 15:00:00;233,0314274
12Jul2019 16:00:00;184,5540580
12Jul2019 17:00:00;117,3166213
12Jul2019 18:00:00;53,9241843
12Jul2019 19:00:00;13,3504445
12Jul2019 20:00:00;1,0712440
12Jul2019 21:00:00;0,0017140
12Jul2019 22:00:00;0,0000000
12Jul2019 23:00:00;0,0000000
13Jul2019 0:00:00;0,0000000
13Jul2019 1:00:00;0,0000000
13Jul2019 2:00:00;0,0000000
13Jul2019 3:00:00;0,0000000
13Jul2019 4:00:00;0,0000000
13Jul2019 5:00:00;0,5168919
13Jul2019 6:00:00;17,3846967
13Jul2019 7:00:00;73,9541853
13Jul2019 8:00:00;156,3591871
13Jul2019 9:00:00;232,0963577
13Jul2019 10:00:00;256,7751034
13Jul2019 11:00:00;245,7891632
13Jul2019 12:00:00;250,6744432
13Jul2019 13:00:00;270,0080925
13Jul2019 14:00:00;298,8935206
13Jul2019 15:00:00;272,4657531
13Jul2019 16:00:00;223,5527665
13Jul2019 17:00:00;143,9228198
13Jul2019 18:00:00;65,5156635
13Jul2019 19:00:00;13,7660095
13Jul2019 20:00:00;0,0672700
13Jul2019 21:00:00;0,0000000
13Jul2019 22:00:00;0,0017150
13Jul2019 23:00:00;0,0000000
14Jul2019 0:00:00;0,0000000
14Jul2019 1:00:00;0,0000000
14Jul2019 2:00:00;0,0000000
14Jul2019 3:00:00;0,0000000
14Jul2019 4:00:00;0,0000000
14Jul2019 5:00:00;0,3373592
14Jul2019 6:00:00;20,0548318
14Jul2019 7:00:00;61,2696590
14Jul2019 8:00:00;112,5317262
14Jul2019 9:00:00;156,5053799
14Jul2019 10:00:00;195,2521690
14Jul2019 11:00:00;248,2234161
14Jul2019 12:00:00;257,3290179
14Jul2019 13:00:00;267,6419995
14Jul2019 14:00:00;250,2613834
14Jul2019 15:00:00;195,7290537
14Jul2019 16:00:00;137,2948122
14Jul2019 17:00:00;69,3696340
14Jul2019 18:00:00;28,1223911
14Jul2019 19:00:00;5,4578112
14Jul2019 20:00:00;0,0071920
14Jul2019 21:00:00;0,0000000
14Jul2019 22:00:00;0,0000000
14Jul2019 23:00:00;0,0000000
15Jul2019 0:00:00;0,0000000
15Jul2019 1:00:00;0,0000000
15Jul2019 2:00:00;0,0000000
15Jul2019 3:00:00;0,0000000
15Jul2019 4:00:00;0,0000000
15Jul2019 5:00:00;0,1575288
15Jul2019 6:00:00;13,5080265
15Jul2019 7:00:00;53,8170747
15Jul2019 8:00:00;105,0391558
15Jul2019 9:00:00;134,8400899
15Jul2019 10:00:00;156,0733636
15Jul2019 11:00:00;169,7806459
15Jul2019 12:00:00;181,4562818
15Jul2019 13:00:00;190,7427176
15Jul2019 14:00:00;188,0376400
15Jul2019 15:00:00;168,1330958
15Jul2019 16:00:00;120,8655534
15Jul2019 17:00:00;92,9519139
15Jul2019 18:00:00;51,5886910
15Jul2019 19:00:00;12,9308089
15Jul2019 20:00:00;0,0622060
15Jul2019 21:00:00;0,0000000
15Jul2019 22:00:00;0,0000000
15Jul2019 23:00:00;0,0000000
16Jul2019 0:00:00;0,0000000
16Jul2019 1:00:00;0,0000000
16Jul2019 2:00:00;0,0017160
16Jul2019 3:00:00;0,0000000
16Jul2019 4:00:00;0,0000000
16Jul2019 5:00:00;0,2633469
16Jul2019 6:00:00;15,0464638
16Jul2019 7:00:00;72,8625145
16Jul2019 8:00:00;168,5605171
16Jul2019 9:00:00;240,8686939
16Jul2019 10:00:00;286,3714248
16Jul2019 11:00:00;300,4153458
16Jul2019 12:00:00;301,7884966
16Jul2019 13:00:00;293,9347351
16Jul2019 14:00:00;283,2507921
16Jul2019 15:00:00;247,0489318
16Jul2019 16:00:00;196,5849348
16Jul2019 17:00:00;128,0884562
16Jul2019 18:00:00;54,4401601
16Jul2019 19:00:00;15,7900010
16Jul2019 20:00:00;0,6475490
16Jul2019 21:00:00;0,0000000
16Jul2019 22:00:00;0,0000000
16Jul2019 23:00:00;0,0000000
17Jul2019 0:00:00;0,0000000
17Jul2019 1:00:00;0,0000000
17Jul2019 2:00:00;0,0000000
17Jul2019 3:00:00;0,0000000
17Jul2019 4:00:00;0,0000000
17Jul2019 5:00:00;0,0900540
17Jul2019 6:00:00;13,1934394
17Jul2019 7:00:00;48,7075028
17Jul2019 8:00:00;105,7468585
17Jul2019 9:00:00;161,5039423
17Jul2019 10:00:00;191,9964495
17Jul2019 11:00:00;205,5145034
17Jul2019 12:00:00;219,9220943
17Jul2019 13:00:00;191,7916554
17Jul2019 14:00:00;155,1345105
17Jul2019 15:00:00;125,8988976
17Jul2019 16:00:00;88,0138703
17Jul2019 17:00:00;57,6321185
17Jul2019 18:00:00;25,9273789
17Jul2019 19:00:00;5,6302898
17Jul2019 20:00:00;0,0052690
17Jul2019 21:00:00;0,0000000
17Jul2019 22:00:00;0,0000000
17Jul2019 23:00:00;0,0000000
18Jul2019 0:00:00;0,0000000
18Jul2019 1:00:00;0,0000000
18Jul2019 2:00:00;0,0000000
18Jul2019 3:00:00;0,0000000
18Jul2019 4:00:00;0,0000000
18Jul2019 5:00:00;0,0209010
18Jul2019 6:00:00;5,7849646
18Jul2019 7:00:00;25,5673415
18Jul2019 8:00:00;50,0701152
18Jul2019 9:00:00;86,9382953
18Jul2019 10:00:00;144,7200419
18Jul2019 11:00:00;188,2730242
18Jul2019 12:00:00;202,0227462
18Jul2019 13:00:00;183,9154814
18Jul2019 14:00:00;188,2339724
18Jul2019 15:00:00;171,6036666
18Jul2019 16:00:00;115,5817905
18Jul2019 17:00:00;75,0323541
18Jul2019 18:00:00;29,9512239
18Jul2019 19:00:00;6,4604432
18Jul2019 20:00:00;0,1464437
18Jul2019 21:00:00;0,0000000
18Jul2019 22:00:00;0,0000000
18Jul2019 23:00:00;0,0000000
19Jul2019 0:00:00;0,0000000
19Jul2019 1:00:00;0,0000000
19Jul2019 2:00:00;0,0000000
19Jul2019 3:00:00;0,0000000
19Jul2019 4:00:00;0,0000000
19Jul2019 5:00:00;0,1829591
19Jul2019 6:00:00;14,5628841
19Jul2019 7:00:00;65,7560208
19Jul2019 8:00:00;147,2242761
19Jul2019 9:00:00;222,5410612
19Jul2019 10:00:00;273,0660810
19Jul2019 11:00:00;288,8971111
19Jul2019 12:00:00;294,9385423
19Jul2019 13:00:00;280,7664441
19Jul2019 14:00:00;282,1904714
19Jul2019 15:00:00;257,5360884
19Jul2019 16:00:00;205,6424030
19Jul2019 17:00:00;134,3195183
19Jul2019 18:00:00;59,6009753
19Jul2019 19:00:00;12,6137805
19Jul2019 20:00:00;0,0427730
19Jul2019 21:00:00;0,0000000
19Jul2019 22:00:00;0,0017150
19Jul2019 23:00:00;0,0000000
20Jul2019 0:00:00;0,0000000
20Jul2019 1:00:00;0,0000000
20Jul2019 2:00:00;0,0000000
20Jul2019 3:00:00;0,0000000
20Jul2019 4:00:00;0,0000000
20Jul2019 5:00:00;0,2811995
20Jul2019 6:00:00;14,8860597
20Jul2019 7:00:00;68,5260443
20Jul2019 8:00:00;158,5219101
20Jul2019 9:00:00;248,2578137
20Jul2019 10:00:00;306,5652454
20Jul2019 11:00:00;346,6694052
20Jul2019 12:00:00;353,2481592
20Jul2019 13:00:00;344,2219235
20Jul2019 14:00:00;331,1116666
20Jul2019 15:00:00;280,2023461
20Jul2019 16:00:00;214,7542725
20Jul2019 17:00:00;140,1130778
20Jul2019 18:00:00;60,4374005
20Jul2019 19:00:00;11,7427545
20Jul2019 20:00:00;0,0312220
20Jul2019 21:00:00;0,0000000
20Jul2019 22:00:00;0,0000000
20Jul2019 23:00:00;0,0000000
21Jul2019 0:00:00;0,0000000
21Jul2019 1:00:00;0,0000000
21Jul2019 2:00:00;0,0000000
21Jul2019 3:00:00;0,0000000
21Jul2019 4:00:00;0,0000000
21Jul2019 5:00:00;0,2452971
21Jul2019 6:00:00;14,2010398
21Jul2019 7:00:00;70,8097799
21Jul2019 8:00:00;160,8859329
21Jul2019 9:00:00;241,9925130
21Jul2019 10:00:00;293,6655050
21Jul2019 11:00:00;334,4329691
21Jul2019 12:00:00;362,2019269
21Jul2019 13:00:00;355,3003645
21Jul2019 14:00:00;322,6382494
21Jul2019 15:00:00;297,1842657
21Jul2019 16:00:00;238,9946722
21Jul2019 17:00:00;147,6978070
21Jul2019 18:00:00;60,9614701
21Jul2019 19:00:00;10,9719682
21Jul2019 20:00:00;0,0587330
21Jul2019 21:00:00;0,0000000
21Jul2019 22:00:00;0,0000000
21Jul2019 23:00:00;0,0000000
22Jul2019 0:00:00;0,0000000
22Jul2019 1:00:00;0,0000000
22Jul2019 2:00:00;0,0000000
22Jul2019 3:00:00;0,0590250
22Jul2019 4:00:00;0,0000000
22Jul2019 5:00:00;0,0840379
22Jul2019 6:00:00;13,3275618
22Jul2019 7:00:00;60,3313958
22Jul2019 8:00:00;145,3692381
22Jul2019 9:00:00;232,8013581
22Jul2019 10:00:00;274,4743065
22Jul2019 11:00:00;290,7222272
22Jul2019 12:00:00;272,1132401
22Jul2019 13:00:00;263,7586371
22Jul2019 14:00:00;253,8962230
22Jul2019 15:00:00;223,9822682
22Jul2019 16:00:00;172,0172213
22Jul2019 17:00:00;115,3236583
22Jul2019 18:00:00;54,8347616
22Jul2019 19:00:00;11,3992716
22Jul2019 20:00:00;0,0343450
22Jul2019 21:00:00;0,0000000
22Jul2019 22:00:00;0,0000000
22Jul2019 23:00:00;0,0000000
23Jul2019 0:00:00;0,0000000
23Jul2019 1:00:00;0,0000000
23Jul2019 2:00:00;0,0000000
23Jul2019 3:00:00;0,0000000
23Jul2019 4:00:00;0,0000000
23Jul2019 5:00:00;0,1723659
23Jul2019 6:00:00;13,4038798
23Jul2019 7:00:00;67,8763275
23Jul2019 8:00:00;159,0087141
23Jul2019 9:00:00;245,3057589
23Jul2019 10:00:00;312,1626488
23Jul2019 11:00:00;345,8513648
23Jul2019 12:00:00;363,0727206
23Jul2019 13:00:00;356,7411901
23Jul2019 14:00:00;332,1006191
23Jul2019 15:00:00;286,9997088
23Jul2019 16:00:00;215,6469958
23Jul2019 17:00:00;134,1291192
23Jul2019 18:00:00;57,2364621
23Jul2019 19:00:00;11,2186080
23Jul2019 20:00:00;0,6470960
23Jul2019 21:00:00;0,2486270
23Jul2019 22:00:00;0,0000000
23Jul2019 23:00:00;0,0000000
24Jul2019 0:00:00;0,0000000
24Jul2019 1:00:00;0,0000000
24Jul2019 2:00:00;0,0000000
24Jul2019 3:00:00;0,0000000
24Jul2019 4:00:00;0,0000000
24Jul2019 5:00:00;0,1532446
24Jul2019 6:00:00;15,1248304
24Jul2019 7:00:00;68,3428558
24Jul2019 8:00:00;158,2562745
24Jul2019 9:00:00;237,6631653
24Jul2019 10:00:00;293,3749275
24Jul2019 11:00:00;321,8333574
24Jul2019 12:00:00;333,7431863
24Jul2019 13:00:00;312,5687014
24Jul2019 14:00:00;291,9596695
24Jul2019 15:00:00;236,4999376
24Jul2019 16:00:00;174,9137673
24Jul2019 17:00:00;101,2884275
24Jul2019 18:00:00;40,0237849
24Jul2019 19:00:00;6,3508968
24Jul2019 20:00:00;0,0124100
24Jul2019 21:00:00;0,0151950
24Jul2019 22:00:00;0,0000000
24Jul2019 23:00:00;0,0000000
25Jul2019 0:00:00;0,0000000
25Jul2019 1:00:00;0,0000000
25Jul2019 2:00:00;0,0000000
25Jul2019 3:00:00;0,0000000
25Jul2019 4:00:00;0,0000000
25Jul2019 5:00:00;0,0658200
25Jul2019 6:00:00;12,2031646
25Jul2019 7:00:00;52,0051184
25Jul2019 8:00:00;118,2803332
25Jul2019 9:00:00;175,8306033
25Jul2019 10:00:00;217,0610279
25Jul2019 11:00:00;236,2914812
25Jul2019 12:00:00;252,1618562
25Jul2019 13:00:00;259,7824854
25Jul2019 14:00:00;260,4963384
25Jul2019 15:00:00;239,2400086
25Jul2019 16:00:00;201,6734775
25Jul2019 17:00:00;131,2626831
25Jul2019 18:00:00;54,1074669
25Jul2019 19:00:00;10,3859002
25Jul2019 20:00:00;0,0233480
25Jul2019 21:00:00;0,0000000
25Jul2019 22:00:00;0,0000000
25Jul2019 23:00:00;0,0000000
26Jul2019 0:00:00;0,1180090
26Jul2019 1:00:00;0,0000000
26Jul2019 2:00:00;0,0000000
26Jul2019 3:00:00;0,0000000
26Jul2019 4:00:00;0,0000000
26Jul2019 5:00:00;0,0773347
26Jul2019 6:00:00;12,6467901
26Jul2019 7:00:00;69,2476398
26Jul2019 8:00:00;165,0561121
26Jul2019 9:00:00;253,1607072
26Jul2019 10:00:00;311,5256090
26Jul2019 11:00:00;334,6896801
26Jul2019 12:00:00;332,8148883
26Jul2019 13:00:00;335,0583481
26Jul2019 14:00:00;328,7186924
26Jul2019 15:00:00;286,9884134
26Jul2019 16:00:00;228,2443300
26Jul2019 17:00:00;146,4706103
26Jul2019 18:00:00;59,1562313
26Jul2019 19:00:00;9,2000925
26Jul2019 20:00:00;0,1292350
26Jul2019 21:00:00;0,0000000
26Jul2019 22:00:00;0,0000000
26Jul2019 23:00:00;0,0000000
27Jul2019 0:00:00;0,0000000
27Jul2019 1:00:00;0,0000000
27Jul2019 2:00:00;0,0000000
27Jul2019 3:00:00;0,0000000
27Jul2019 4:00:00;0,0000000
27Jul2019 5:00:00;0,0722280
27Jul2019 6:00:00;12,0100800
27Jul2019 7:00:00;66,2153146
27Jul2019 8:00:00;152,3419901
27Jul2019 9:00:00;239,7980730
27Jul2019 10:00:00;296,2894109
27Jul2019 11:00:00;336,0060607
27Jul2019 12:00:00;355,0092082
27Jul2019 13:00:00;352,4990158
27Jul2019 14:00:00;335,4810721
27Jul2019 15:00:00;296,1460494
27Jul2019 16:00:00;232,6052778
27Jul2019 17:00:00;146,5861906
27Jul2019 18:00:00;54,1043728
27Jul2019 19:00:00;10,1805235
27Jul2019 20:00:00;0,0213550
27Jul2019 21:00:00;0,0000000
27Jul2019 22:00:00;0,0000000
27Jul2019 23:00:00;0,0000000
28Jul2019 0:00:00;0,0000000
28Jul2019 1:00:00;0,0000000
28Jul2019 2:00:00;0,0000000
28Jul2019 3:00:00;0,0000000
28Jul2019 4:00:00;0,0000000
28Jul2019 5:00:00;0,0600230
28Jul2019 6:00:00;12,1621442
28Jul2019 7:00:00;65,7789255
28Jul2019 8:00:00;153,1273585
28Jul2019 9:00:00;239,8308495
28Jul2019 10:00:00;301,3124464
28Jul2019 11:00:00;339,9062243
28Jul2019 12:00:00;356,2308134
28Jul2019 13:00:00;350,2481656
28Jul2019 14:00:00;331,1915163
28Jul2019 15:00:00;293,9638685
28Jul2019 16:00:00;235,9412012
28Jul2019 17:00:00;146,4602700
28Jul2019 18:00:00;57,0993057
28Jul2019 19:00:00;9,4022112
28Jul2019 20:00:00;0,0183350
28Jul2019 21:00:00;0,0000000
28Jul2019 22:00:00;0,0000000
28Jul2019 23:00:00;0,0000000
29Jul2019 0:00:00;0,0000000
29Jul2019 1:00:00;0,0000000
29Jul2019 2:00:00;0,0000000
29Jul2019 3:00:00;0,0000000
29Jul2019 4:00:00;0,0000000
29Jul2019 5:00:00;0,0566149
29Jul2019 6:00:00;12,0327898
29Jul2019 7:00:00;64,0366997
29Jul2019 8:00:00;151,2476204
29Jul2019 9:00:00;238,2037436
29Jul2019 10:00:00;295,5518068
29Jul2019 11:00:00;336,4774074
29Jul2019 12:00:00;353,1357233
29Jul2019 13:00:00;352,4121045
29Jul2019 14:00:00;330,3662164
29Jul2019 15:00:00;291,1328927
29Jul2019 16:00:00;225,8335688
29Jul2019 17:00:00;142,6328077
29Jul2019 18:00:00;55,7508799
29Jul2019 19:00:00;8,9582066
29Jul2019 20:00:00;0,0059190
29Jul2019 21:00:00;0,0000000
29Jul2019 22:00:00;0,0000000
29Jul2019 23:00:00;0,0000000
30Jul2019 0:00:00;0,0000000
30Jul2019 1:00:00;0,0000000
30Jul2019 2:00:00;0,0000000
30Jul2019 3:00:00;0,0000000
30Jul2019 4:00:00;0,0000000
30Jul2019 5:00:00;0,0422320
30Jul2019 6:00:00;11,9161178
30Jul2019 7:00:00;63,1724995
30Jul2019 8:00:00;152,1073129
30Jul2019 9:00:00;239,9679369
30Jul2019 10:00:00;283,6695270
30Jul2019 11:00:00;327,6592744
30Jul2019 12:00:00;346,2616093
30Jul2019 13:00:00;347,8574057
30Jul2019 14:00:00;323,1911192
30Jul2019 15:00:00;285,1160881
30Jul2019 16:00:00;217,9863717
30Jul2019 17:00:00;138,3930123
30Jul2019 18:00:00;53,8990290
30Jul2019 19:00:00;8,6313120
30Jul2019 20:00:00;0,1173530
30Jul2019 21:00:00;0,0000000
30Jul2019 22:00:00;0,0000000
30Jul2019 23:00:00;0,0000000
31Jul2019 0:00:00;0,0000000
31Jul2019 1:00:00;0,0000000
31Jul2019 2:00:00;0,0000000
31Jul2019 3:00:00;0,0000000
31Jul2019 4:00:00;0,0000000
31Jul2019 5:00:00;0,0396310
31Jul2019 6:00:00;12,6571944
31Jul2019 7:00:00;62,4686607
31Jul2019 8:00:00;149,2657939
31Jul2019 9:00:00;228,4163829
31Jul2019 10:00:00;292,5919639
31Jul2019 11:00:00;327,3007666
31Jul2019 12:00:00;342,0295198
31Jul2019 13:00:00;339,2079411
31Jul2019 14:00:00;314,0577600
31Jul2019 15:00:00;263,6266786
31Jul2019 16:00:00;205,8897385
31Jul2019 17:00:00;132,9580338
31Jul2019 18:00:00;53,8538358
31Jul2019 19:00:00;9,1299298
31Jul2019 20:00:00;0,0417080
31Jul2019 21:00:00;0,0017140
31Jul2019 22:00:00;0,0000000
31Jul2019 23:00:00;0,0000000
01Aug2019 0:00:00;0,0000000
01Aug2019 1:00:00;0,0014940
01Aug2019 2:00:00;0,0000000
01Aug2019 3:00:00;0,0000000
01Aug2019 4:00:00;0,0000080
01Aug2019 5:00:00;0,0403932
01Aug2019 6:00:00;12,5403091
01Aug2019 7:00:00;62,3613236
01Aug2019 8:00:00;146,3620061
01Aug2019 9:00:00;235,2853267
01Aug2019 10:00:00;288,0957913
01Aug2019 11:00:00;321,3590094
01Aug2019 12:00:00;311,9739336
01Aug2019 13:00:00;288,6429906
01Aug2019 14:00:00;258,9791529
01Aug2019 15:00:00;205,3724636
01Aug2019 16:00:00;140,9482805
01Aug2019 17:00:00;94,8867706
01Aug2019 18:00:00;45,1297631
01Aug2019 19:00:00;9,9909613
01Aug2019 20:00:00;0,0000000
01Aug2019 21:00:00;0,0000000
01Aug2019 22:00:00;0,0000000
01Aug2019 23:00:00;0,0000000
02Aug2019 0:00:00;0,0000000
02Aug2019 1:00:00;0,0000080
02Aug2019 2:00:00;0,0000000
02Aug2019 3:00:00;0,0000080
02Aug2019 4:00:00;0,0000000
02Aug2019 5:00:00;0,0423839
02Aug2019 6:00:00;11,1512004
02Aug2019 7:00:00;61,2408441
02Aug2019 8:00:00;150,3438211
02Aug2019 9:00:00;233,3871997
02Aug2019 10:00:00;279,9369333
02Aug2019 11:00:00;316,6208388
02Aug2019 12:00:00;333,9291794
02Aug2019 13:00:00;324,7014409
02Aug2019 14:00:00;298,3208679
02Aug2019 15:00:00;240,8527209
02Aug2019 16:00:00;195,8364199
02Aug2019 17:00:00;118,7299701
02Aug2019 18:00:00;48,2981920
02Aug2019 19:00:00;7,9216705
02Aug2019 20:00:00;0,0058920
02Aug2019 21:00:00;0,0000000
02Aug2019 22:00:00;0,0000000
02Aug2019 23:00:00;0,0000000
03Aug2019 0:00:00;0,0000000
03Aug2019 1:00:00;0,0000000
03Aug2019 2:00:00;0,0000000
03Aug2019 3:00:00;0,0000000
03Aug2019 4:00:00;0,0000000
03Aug2019 5:00:00;0,0223184
03Aug2019 6:00:00;10,9840048
03Aug2019 7:00:00;60,4080235
03Aug2019 8:00:00;148,1542349
03Aug2019 9:00:00;226,7798286
03Aug2019 10:00:00;279,6424972
03Aug2019 11:00:00;316,5177668
03Aug2019 12:00:00;329,9768741
03Aug2019 13:00:00;317,0204834
03Aug2019 14:00:00;316,7521155
03Aug2019 15:00:00;273,7836889
03Aug2019 16:00:00;216,4680385
03Aug2019 17:00:00;140,1141525
03Aug2019 18:00:00;53,5860900
03Aug2019 19:00:00;9,2661423
03Aug2019 20:00:00;0,0000000
03Aug2019 21:00:00;0,0000080
03Aug2019 22:00:00;0,0000000
03Aug2019 23:00:00;0,0000000
04Aug2019 0:00:00;0,0000000
04Aug2019 1:00:00;0,0000000
04Aug2019 2:00:00;0,0000000
04Aug2019 3:00:00;0,0000080
04Aug2019 4:00:00;0,0000000
04Aug2019 5:00:00;0,0161288
04Aug2019 6:00:00;10,9807212
04Aug2019 7:00:00;56,5939071
04Aug2019 8:00:00;124,1824070
04Aug2019 9:00:00;170,1825397
04Aug2019 10:00:00;201,6577613
04Aug2019 11:00:00;203,6446166
04Aug2019 12:00:00;253,1338449
04Aug2019 13:00:00;254,7185002
04Aug2019 14:00:00;251,4014302
04Aug2019 15:00:00;216,1757532
04Aug2019 16:00:00;177,8624396
04Aug2019 17:00:00;120,1995343
04Aug2019 18:00:00;44,9598247
04Aug2019 19:00:00;7,8026168
04Aug2019 20:00:00;0,0000000
04Aug2019 21:00:00;0,0000080
04Aug2019 22:00:00;0,0000000
04Aug2019 23:00:00;0,0000000
05Aug2019 0:00:00;0,0000080
05Aug2019 1:00:00;0,0000000
05Aug2019 2:00:00;0,0000000
05Aug2019 3:00:00;0,0000080
05Aug2019 4:00:00;0,0000000
05Aug2019 5:00:00;0,0013100
05Aug2019 6:00:00;11,1091068
05Aug2019 7:00:00;60,9048410
05Aug2019 8:00:00;146,4755868
05Aug2019 9:00:00;217,6190107
05Aug2019 10:00:00;267,3198663
05Aug2019 11:00:00;287,8999360
05Aug2019 12:00:00;279,1236486
05Aug2019 13:00:00;255,6145083
05Aug2019 14:00:00;249,3683793
05Aug2019 15:00:00;228,1892229
05Aug2019 16:00:00;193,8771523
05Aug2019 17:00:00;125,1201195
05Aug2019 18:00:00;52,8895313
05Aug2019 19:00:00;7,6809157
05Aug2019 20:00:00;0,0044200
05Aug2019 21:00:00;0,0000000
05Aug2019 22:00:00;0,0000000
05Aug2019 23:00:00;0,0000000
06Aug2019 0:00:00;0,0000000
06Aug2019 1:00:00;0,0000080
06Aug2019 2:00:00;0,0000000
06Aug2019 3:00:00;0,0000000
06Aug2019 4:00:00;0,0000080
06Aug2019 5:00:00;0,0127850
06Aug2019 6:00:00;10,7094248
06Aug2019 7:00:00;65,6238867
06Aug2019 8:00:00;162,0268151
06Aug2019 9:00:00;248,8096264
06Aug2019 10:00:00;308,4152947
06Aug2019 11:00:00;342,4798630
06Aug2019 12:00:00;346,7231260
06Aug2019 13:00:00;355,6769766
06Aug2019 14:00:00;337,6563453
06Aug2019 15:00:00;294,7902809
06Aug2019 16:00:00;232,0665246
06Aug2019 17:00:00;141,2858929
06Aug2019 18:00:00;51,5442366
06Aug2019 19:00:00;7,0458075
06Aug2019 20:00:00;0,0003200
06Aug2019 21:00:00;0,0000080
06Aug2019 22:00:00;0,0000000
06Aug2019 23:00:00;0,0000000
07Aug2019 0:00:00;0,0000080
07Aug2019 1:00:00;0,0000000
07Aug2019 2:00:00;0,0000080
07Aug2019 3:00:00;0,0000000
07Aug2019 4:00:00;0,0000000
07Aug2019 5:00:00;0,0123660
07Aug2019 6:00:00;9,8327587
07Aug2019 7:00:00;62,9303571
07Aug2019 8:00:00;158,9866573
07Aug2019 9:00:00;251,9228278
07Aug2019 10:00:00;319,4553506
07Aug2019 11:00:00;360,2411010
07Aug2019 12:00:00;370,5815699
07Aug2019 13:00:00;367,7272545
07Aug2019 14:00:00;351,9803796
07Aug2019 15:00:00;304,6252492
07Aug2019 16:00:00;239,7074759
07Aug2019 17:00:00;145,9484671
07Aug2019 18:00:00;51,7724773
07Aug2019 19:00:00;6,4154317
07Aug2019 20:00:00;0,0028220
07Aug2019 21:00:00;0,0000080
07Aug2019 22:00:00;0,0000000
07Aug2019 23:00:00;0,0000080
08Aug2019 0:00:00;0,0000000
08Aug2019 1:00:00;0,0000000
08Aug2019 2:00:00;0,0000080
08Aug2019 3:00:00;0,0000000
08Aug2019 4:00:00;0,0000000
08Aug2019 5:00:00;0,0065412
08Aug2019 6:00:00;8,9536536
08Aug2019 7:00:00;63,9665676
08Aug2019 8:00:00;161,6422061
08Aug2019 9:00:00;248,5265127
08Aug2019 10:00:00;315,9855983
08Aug2019 11:00:00;344,1045456
08Aug2019 12:00:00;363,0389026
08Aug2019 13:00:00;363,2403806
08Aug2019 14:00:00;344,1065999
08Aug2019 15:00:00;291,9723181
08Aug2019 16:00:00;229,6108236
08Aug2019 17:00:00;142,8322259
08Aug2019 18:00:00;50,8558036
08Aug2019 19:00:00;5,6472878
08Aug2019 20:00:00;0,0000000
08Aug2019 21:00:00;0,0000080
08Aug2019 22:00:00;0,0000000
08Aug2019 23:00:00;0,0000000
09Aug2019 0:00:00;0,0000080
09Aug2019 1:00:00;0,0000000
09Aug2019 2:00:00;0,0000000
09Aug2019 3:00:00;0,0000080
09Aug2019 4:00:00;0,0000000
09Aug2019 5:00:00;0,0038740
09Aug2019 6:00:00;8,8002276
09Aug2019 7:00:00;63,8680733
09Aug2019 8:00:00;153,4419171
09Aug2019 9:00:00;241,9902007
09Aug2019 10:00:00;304,9000053
09Aug2019 11:00:00;348,9843003
09Aug2019 12:00:00;360,0702936
09Aug2019 13:00:00;363,7399639
09Aug2019 14:00:00;343,6812189
09Aug2019 15:00:00;300,8179909
09Aug2019 16:00:00;233,5505809
09Aug2019 17:00:00;143,2049789
09Aug2019 18:00:00;50,7385294
09Aug2019 19:00:00;5,3984606
09Aug2019 20:00:00;0,0000000
09Aug2019 21:00:00;0,0000000
09Aug2019 22:00:00;0,0000000
09Aug2019 23:00:00;0,0000000
10Aug2019 0:00:00;0,0000000
10Aug2019 1:00:00;0,0000000
10Aug2019 2:00:00;0,0000000
10Aug2019 3:00:00;0,0000000
10Aug2019 4:00:00;0,0000000
10Aug2019 5:00:00;0,0071980
10Aug2019 6:00:00;8,5623839
10Aug2019 7:00:00;61,5735569
10Aug2019 8:00:00;157,2742100
10Aug2019 9:00:00;247,9748513
10Aug2019 10:00:00;319,0515279
10Aug2019 11:00:00;356,2579378
10Aug2019 12:00:00;367,2944062
10Aug2019 13:00:00;366,7400606
10Aug2019 14:00:00;343,7168566
10Aug2019 15:00:00;303,6228179
10Aug2019 16:00:00;231,9943012
10Aug2019 17:00:00;140,9279428
10Aug2019 18:00:00;49,2328689
10Aug2019 19:00:00;6,3895246
10Aug2019 20:00:00;0,0000000
10Aug2019 21:00:00;0,0000000
10Aug2019 22:00:00;0,0000000
10Aug2019 23:00:00;0,0000000
11Aug2019 0:00:00;0,0000000
11Aug2019 1:00:00;0,0000000
11Aug2019 2:00:00;0,0000000
11Aug2019 3:00:00;0,0000000
11Aug2019 4:00:00;0,0000000
11Aug2019 5:00:00;0,0195730
11Aug2019 6:00:00;8,5603799
11Aug2019 7:00:00;63,0779231
11Aug2019 8:00:00;159,9423133
11Aug2019 9:00:00;255,7727150
11Aug2019 10:00:00;317,7681918
11Aug2019 11:00:00;355,5726994
11Aug2019 12:00:00;367,0112958
11Aug2019 13:00:00;365,3787718
11Aug2019 14:00:00;349,1654154
11Aug2019 15:00:00;304,2056496
11Aug2019 16:00:00;235,9155910
11Aug2019 17:00:00;142,1593232
11Aug2019 18:00:00;50,7725047
11Aug2019 19:00:00;4,8587709
11Aug2019 20:00:00;0,0012880
11Aug2019 21:00:00;0,0000000
11Aug2019 22:00:00;0,0000000
11Aug2019 23:00:00;0,0000000
12Aug2019 0:00:00;0,0000000
12Aug2019 1:00:00;0,0000000
12Aug2019 2:00:00;0,0000000
12Aug2019 3:00:00;0,0000000
12Aug2019 4:00:00;0,0000000
12Aug2019 5:00:00;0,0025460
12Aug2019 6:00:00;7,8814662
12Aug2019 7:00:00;62,8639235
12Aug2019 8:00:00;164,4002904
12Aug2019 9:00:00;258,1922757
12Aug2019 10:00:00;322,9176493
12Aug2019 11:00:00;360,2429570
12Aug2019 12:00:00;370,6750796
12Aug2019 13:00:00;362,9176146
12Aug2019 14:00:00;346,1255873
12Aug2019 15:00:00;306,5684056
12Aug2019 16:00:00;237,0477430
12Aug2019 17:00:00;143,7340512
12Aug2019 18:00:00;48,4755327
12Aug2019 19:00:00;4,6174533
12Aug2019 20:00:00;0,0000000
12Aug2019 21:00:00;0,0000000
12Aug2019 22:00:00;0,0000000
12Aug2019 23:00:00;0,0000080
13Aug2019 0:00:00;0,0000000
13Aug2019 1:00:00;0,0000000
13Aug2019 2:00:00;0,0000080
13Aug2019 3:00:00;0,0000000
13Aug2019 4:00:00;0,0000000
13Aug2019 5:00:00;0,0025540
13Aug2019 6:00:00;7,3130285
13Aug2019 7:00:00;61,8511645
13Aug2019 8:00:00;162,5395454
13Aug2019 9:00:00;254,2579937
13Aug2019 10:00:00;308,3674413
13Aug2019 11:00:00;343,5458410
13Aug2019 12:00:00;358,2611016
13Aug2019 13:00:00;358,0254246
13Aug2019 14:00:00;337,7883922
13Aug2019 15:00:00;288,8377663
13Aug2019 16:00:00;226,2852850
13Aug2019 17:00:00;131,4035689
13Aug2019 18:00:00;47,0680724
13Aug2019 19:00:00;4,2370090
13Aug2019 20:00:00;0,0000080
13Aug2019 21:00:00;0,0000000
13Aug2019 22:00:00;0,0000000
13Aug2019 23:00:00;0,0000080
14Aug2019 0:00:00;0,0000000
14Aug2019 1:00:00;0,0000000
14Aug2019 2:00:00;0,0000080
14Aug2019 3:00:00;0,0000000
14Aug2019 4:00:00;0,0000000
14Aug2019 5:00:00;0,0000080
14Aug2019 6:00:00;8,7581125
14Aug2019 7:00:00;55,3780766
14Aug2019 8:00:00;129,5022220
14Aug2019 9:00:00;199,2884833
14Aug2019 10:00:00;238,6882641
14Aug2019 11:00:00;243,1743918
14Aug2019 12:00:00;243,8564956
14Aug2019 13:00:00;250,2982705
14Aug2019 14:00:00;242,0441102
14Aug2019 15:00:00;219,2675595
14Aug2019 16:00:00;152,0628898
14Aug2019 17:00:00;88,1054662
14Aug2019 18:00:00;19,9976717
14Aug2019 19:00:00;1,4073607
14Aug2019 20:00:00;0,0058421
14Aug2019 21:00:00;0,0000000
14Aug2019 22:00:00;0,0000000
14Aug2019 23:00:00;0,0000000
15Aug2019 0:00:00;0,0000000
15Aug2019 1:00:00;0,0000000
15Aug2019 2:00:00;0,0000000
15Aug2019 3:00:00;0,0000000
15Aug2019 4:00:00;0,0000000
15Aug2019 5:00:00;0,0000000
15Aug2019 6:00:00;5,4741547
15Aug2019 7:00:00;26,4429356
15Aug2019 8:00:00;53,5668347
15Aug2019 9:00:00;95,4970061
15Aug2019 10:00:00;150,8518773
15Aug2019 11:00:00;187,2480956
15Aug2019 12:00:00;196,0548536
15Aug2019 13:00:00;198,3637026
15Aug2019 14:00:00;198,1722819
15Aug2019 15:00:00;214,9535646
15Aug2019 16:00:00;143,8272316
15Aug2019 17:00:00;66,6512109
15Aug2019 18:00:00;17,2150172
15Aug2019 19:00:00;1,0050219
15Aug2019 20:00:00;0,0000000
15Aug2019 21:00:00;0,0000000
15Aug2019 22:00:00;0,0000000
15Aug2019 23:00:00;0,0000000
16Aug2019 0:00:00;0,0000000
16Aug2019 1:00:00;0,0000000
16Aug2019 2:00:00;0,0000000
16Aug2019 3:00:00;0,0000000
16Aug2019 4:00:00;0,0000000
16Aug2019 5:00:00;0,0028430
16Aug2019 6:00:00;4,3428925
16Aug2019 7:00:00;27,3157451
16Aug2019 8:00:00;66,5896411
16Aug2019 9:00:00;140,4608550
16Aug2019 10:00:00;240,8537942
16Aug2019 11:00:00;294,7358983
16Aug2019 12:00:00;321,1079516
16Aug2019 13:00:00;330,9484829
16Aug2019 14:00:00;300,0987609
16Aug2019 15:00:00;245,4653108
16Aug2019 16:00:00;174,7882708
16Aug2019 17:00:00;92,8588054
16Aug2019 18:00:00;33,0841695
16Aug2019 19:00:00;4,9820120
16Aug2019 20:00:00;0,0000000
16Aug2019 21:00:00;0,0000000
16Aug2019 22:00:00;0,0000000
16Aug2019 23:00:00;0,0062790
17Aug2019 0:00:00;0,0000000
17Aug2019 1:00:00;0,0000000
17Aug2019 2:00:00;0,0000080
17Aug2019 3:00:00;0,0000000
17Aug2019 4:00:00;0,0000000
17Aug2019 5:00:00;0,0000080
17Aug2019 6:00:00;7,7141714
17Aug2019 7:00:00;53,0187122
17Aug2019 8:00:00;137,5409139
17Aug2019 9:00:00;219,2844129
17Aug2019 10:00:00;284,9775461
17Aug2019 11:00:00;308,1022988
17Aug2019 12:00:00;289,8958821
17Aug2019 13:00:00;269,7430688
17Aug2019 14:00:00;225,9182318
17Aug2019 15:00:00;142,2226555
17Aug2019 16:00:00;69,7838205
17Aug2019 17:00:00;36,2444068
17Aug2019 18:00:00;26,6876900
17Aug2019 19:00:00;2,9489259
17Aug2019 20:00:00;0,0497160
17Aug2019 21:00:00;0,0000080
17Aug2019 22:00:00;0,0000000
17Aug2019 23:00:00;0,0000000
18Aug2019 0:00:00;0,0000080
18Aug2019 1:00:00;0,0000000
18Aug2019 2:00:00;0,0000080
18Aug2019 3:00:00;0,0000000
18Aug2019 4:00:00;0,0000000
18Aug2019 5:00:00;0,0000080
18Aug2019 6:00:00;2,1064580
18Aug2019 7:00:00;25,8865771
18Aug2019 8:00:00;67,7651290
18Aug2019 9:00:00;97,9286907
18Aug2019 10:00:00;152,3298933
18Aug2019 11:00:00;217,6490006
18Aug2019 12:00:00;238,8510529
18Aug2019 13:00:00;252,3027702
18Aug2019 14:00:00;239,0685142
18Aug2019 15:00:00;198,8514872
18Aug2019 16:00:00;167,9910986
18Aug2019 17:00:00;113,3145393
18Aug2019 18:00:00;43,5088107
18Aug2019 19:00:00;3,7593741
18Aug2019 20:00:00;0,0000080
18Aug2019 21:00:00;0,0000000
18Aug2019 22:00:00;0,0000000
18Aug2019 23:00:00;0,0000080
19Aug2019 0:00:00;0,0000000
19Aug2019 1:00:00;0,0000000
19Aug2019 2:00:00;0,0000080
19Aug2019 3:00:00;0,0000000
19Aug2019 4:00:00;0,0000080
19Aug2019 5:00:00;0,0000000
19Aug2019 6:00:00;7,1672663
19Aug2019 7:00:00;52,4158740
19Aug2019 8:00:00;122,3246699
19Aug2019 9:00:00;187,9886344
19Aug2019 10:00:00;211,0015642
19Aug2019 11:00:00;217,1989625
19Aug2019 12:00:00;213,8846757
19Aug2019 13:00:00;217,7135002
19Aug2019 14:00:00;197,3962692
19Aug2019 15:00:00;169,1082554
19Aug2019 16:00:00;127,6165240
19Aug2019 17:00:00;67,4155160
19Aug2019 18:00:00;28,5252703
19Aug2019 19:00:00;1,7748131
19Aug2019 20:00:00;0,0000080
19Aug2019 21:00:00;0,0000000
19Aug2019 22:00:00;0,0000000
19Aug2019 23:00:00;0,0000080
20Aug2019 0:00:00;0,0000000
20Aug2019 1:00:00;0,0000080
20Aug2019 2:00:00;0,0000000
20Aug2019 3:00:00;0,0000000
20Aug2019 4:00:00;0,0000080
20Aug2019 5:00:00;0,0000000
20Aug2019 6:00:00;2,2431366
20Aug2019 7:00:00;18,5338907
20Aug2019 8:00:00;48,1600971
20Aug2019 9:00:00;85,3530539
20Aug2019 10:00:00;125,1518785
20Aug2019 11:00:00;167,2733672
20Aug2019 12:00:00;192,3724616
20Aug2019 13:00:00;213,3594611
20Aug2019 14:00:00;236,1415328
20Aug2019 15:00:00;205,3995382
20Aug2019 16:00:00;150,5157464
20Aug2019 17:00:00;68,4260229
20Aug2019 18:00:00;24,3038269
20Aug2019 19:00:00;2,2500246
20Aug2019 20:00:00;0,0027406
20Aug2019 21:00:00;0,0000080
20Aug2019 22:00:00;0,0000000
20Aug2019 23:00:00;0,0000000
21Aug2019 0:00:00;0,0000080
21Aug2019 1:00:00;0,0000000
21Aug2019 2:00:00;0,0000000
21Aug2019 3:00:00;0,0000080
21Aug2019 4:00:00;0,0000000
21Aug2019 5:00:00;0,0000080
21Aug2019 6:00:00;3,6371954
21Aug2019 7:00:00;31,7520963
21Aug2019 8:00:00;78,3360101
21Aug2019 9:00:00;142,2338290
21Aug2019 10:00:00;188,0816850
21Aug2019 11:00:00;191,0197371
21Aug2019 12:00:00;166,7896492
21Aug2019 13:00:00;157,8758443
21Aug2019 14:00:00;143,3313547
21Aug2019 15:00:00;138,4218032
21Aug2019 16:00:00;134,7231083
21Aug2019 17:00:00;83,0919962
21Aug2019 18:00:00;25,4381030
21Aug2019 19:00:00;2,5526198
21Aug2019 20:00:00;0,0000000
21Aug2019 21:00:00;0,0000000
21Aug2019 22:00:00;0,0000000
21Aug2019 23:00:00;0,0000080
22Aug2019 0:00:00;0,0000000
22Aug2019 1:00:00;0,0000000
22Aug2019 2:00:00;0,0000000
22Aug2019 3:00:00;0,0000000
22Aug2019 4:00:00;0,0000080
22Aug2019 5:00:00;0,0000000
22Aug2019 6:00:00;8,6880032
22Aug2019 7:00:00;43,0145066
22Aug2019 8:00:00;115,0749091
22Aug2019 9:00:00;192,1815377
22Aug2019 10:00:00;251,9657604
22Aug2019 11:00:00;249,5570687
22Aug2019 12:00:00;233,4231206
22Aug2019 13:00:00;210,2324376
22Aug2019 14:00:00;204,7168749
22Aug2019 15:00:00;206,2837476
22Aug2019 16:00:00;151,8397496
22Aug2019 17:00:00;90,7733104
22Aug2019 18:00:00;33,3709202
22Aug2019 19:00:00;2,1404263
22Aug2019 20:00:00;0,0000000
22Aug2019 21:00:00;0,0000000
22Aug2019 22:00:00;0,0000080
22Aug2019 23:00:00;0,0000000
23Aug2019 0:00:00;0,0000080
23Aug2019 1:00:00;0,0000000
23Aug2019 2:00:00;0,0000000
23Aug2019 3:00:00;0,0000080
23Aug2019 4:00:00;0,0000000
23Aug2019 5:00:00;0,0000000
23Aug2019 6:00:00;6,1024295
23Aug2019 7:00:00;53,9074225
23Aug2019 8:00:00;135,8628560
23Aug2019 9:00:00;225,9838688
23Aug2019 10:00:00;289,2720282
23Aug2019 11:00:00;305,8917996
23Aug2019 12:00:00;323,4608043
23Aug2019 13:00:00;323,1267329
23Aug2019 14:00:00;278,7085420
23Aug2019 15:00:00;214,1092189
23Aug2019 16:00:00;163,5778109
23Aug2019 17:00:00;92,9698799
23Aug2019 18:00:00;31,3276394
23Aug2019 19:00:00;1,9643960
23Aug2019 20:00:00;0,0000000
23Aug2019 21:00:00;0,0000080
23Aug2019 22:00:00;0,0012910
23Aug2019 23:00:00;0,0000000
24Aug2019 0:00:00;0,0000080
24Aug2019 1:00:00;0,0000000
24Aug2019 2:00:00;0,0000000
24Aug2019 3:00:00;0,0000080
24Aug2019 4:00:00;0,0000000
24Aug2019 5:00:00;0,0000080
24Aug2019 6:00:00;5,9606577
24Aug2019 7:00:00;55,0615604
24Aug2019 8:00:00;145,5290889
24Aug2019 9:00:00;236,8301325
24Aug2019 10:00:00;304,8159411
24Aug2019 11:00:00;344,4153158
24Aug2019 12:00:00;360,9931981
24Aug2019 13:00:00;356,0703098
24Aug2019 14:00:00;332,4404438
24Aug2019 15:00:00;280,0152725
24Aug2019 16:00:00;203,2805585
24Aug2019 17:00:00;118,4925395
24Aug2019 18:00:00;35,7190600
24Aug2019 19:00:00;1,7377240
24Aug2019 20:00:00;0,0000080
24Aug2019 21:00:00;0,0000000
24Aug2019 22:00:00;0,0000000
24Aug2019 23:00:00;0,0000080
25Aug2019 0:00:00;0,0000000
25Aug2019 1:00:00;0,0000000
25Aug2019 2:00:00;0,0000080
25Aug2019 3:00:00;0,0000000
25Aug2019 4:00:00;0,0000000
25Aug2019 5:00:00;0,0000080
25Aug2019 6:00:00;5,5506248
25Aug2019 7:00:00;55,1215151
25Aug2019 8:00:00;148,1813283
25Aug2019 9:00:00;234,1218820
25Aug2019 10:00:00;304,9495435
25Aug2019 11:00:00;349,8610206
25Aug2019 12:00:00;362,4752669
25Aug2019 13:00:00;355,1754547
25Aug2019 14:00:00;323,9124184
25Aug2019 15:00:00;273,8769194
25Aug2019 16:00:00;198,1852272
25Aug2019 17:00:00;111,6435990
25Aug2019 18:00:00;32,9351197
25Aug2019 19:00:00;1,1833886
25Aug2019 20:00:00;0,0000000
25Aug2019 21:00:00;0,0000080
25Aug2019 22:00:00;0,0000000
25Aug2019 23:00:00;0,0000000
26Aug2019 0:00:00;0,0000080
26Aug2019 1:00:00;0,0000000
26Aug2019 2:00:00;0,0000000
26Aug2019 3:00:00;0,0000080
26Aug2019 4:00:00;0,0000000
26Aug2019 5:00:00;0,0000080
26Aug2019 6:00:00;5,5436760
26Aug2019 7:00:00;55,9768340
26Aug2019 8:00:00;150,9444428
26Aug2019 9:00:00;237,8219057
26Aug2019 10:00:00;303,4883550
26Aug2019 11:00:00;344,8473886
26Aug2019 12:00:00;365,9782606
26Aug2019 13:00:00;351,5352633
26Aug2019 14:00:00;316,8358343
26Aug2019 15:00:00;272,7442949
26Aug2019 16:00:00;200,8822523
26Aug2019 17:00:00;112,7760025
26Aug2019 18:00:00;31,9121073
26Aug2019 19:00:00;1,2236677
26Aug2019 20:00:00;0,0000000
26Aug2019 21:00:00;0,0000080
26Aug2019 22:00:00;0,0000000
26Aug2019 23:00:00;0,0000080
27Aug2019 0:00:00;0,0000000
27Aug2019 1:00:00;0,0000000
27Aug2019 2:00:00;0,0000080
27Aug2019 3:00:00;0,0000000
27Aug2019 4:00:00;0,0000000
27Aug2019 5:00:00;0,0000080
27Aug2019 6:00:00;5,1434829
27Aug2019 7:00:00;57,3955957
27Aug2019 8:00:00;156,0096031
27Aug2019 9:00:00;243,1285834
27Aug2019 10:00:00;313,8856587
27Aug2019 11:00:00;345,4861820
27Aug2019 12:00:00;359,3442856
27Aug2019 13:00:00;351,3686491
27Aug2019 14:00:00;327,1769712
27Aug2019 15:00:00;283,5453346
27Aug2019 16:00:00;207,9939606
27Aug2019 17:00:00;116,7590266
27Aug2019 18:00:00;34,3472496
27Aug2019 19:00:00;0,9611840
27Aug2019 20:00:00;0,0000000
27Aug2019 21:00:00;0,0000080
27Aug2019 22:00:00;0,0000000
27Aug2019 23:00:00;0,0000000
28Aug2019 0:00:00;0,0000080
28Aug2019 1:00:00;0,0000000
28Aug2019 2:00:00;0,0000000
28Aug2019 3:00:00;0,0000080
28Aug2019 4:00:00;0,0000000
28Aug2019 5:00:00;0,0000080
28Aug2019 6:00:00;5,0580312
28Aug2019 7:00:00;56,8086617
28Aug2019 8:00:00;155,3995221
28Aug2019 9:00:00;245,4690230
28Aug2019 10:00:00;293,2025177
28Aug2019 11:00:00;324,4089549
28Aug2019 12:00:00;330,4473541
28Aug2019 13:00:00;326,2261596
28Aug2019 14:00:00;310,3192376
28Aug2019 15:00:00;276,2744922
28Aug2019 16:00:00;208,1316089
28Aug2019 17:00:00;113,6406151
28Aug2019 18:00:00;31,4755660
28Aug2019 19:00:00;1,0213199
28Aug2019 20:00:00;0,0000000
28Aug2019 21:00:00;0,0000000
28Aug2019 22:00:00;0,0006530
28Aug2019 23:00:00;0,0000000
29Aug2019 0:00:00;0,0000000
29Aug2019 1:00:00;0,0000080
29Aug2019 2:00:00;0,0000000
29Aug2019 3:00:00;0,0000000
29Aug2019 4:00:00;0,0000080
29Aug2019 5:00:00;0,0000000
29Aug2019 6:00:00;4,9104526
29Aug2019 7:00:00;52,8231736
29Aug2019 8:00:00;145,4870001
29Aug2019 9:00:00;230,4988281
29Aug2019 10:00:00;298,1563059
29Aug2019 11:00:00;329,6481598
29Aug2019 12:00:00;331,2336016
29Aug2019 13:00:00;337,5178793
29Aug2019 14:00:00;297,0454181
29Aug2019 15:00:00;256,2637766
29Aug2019 16:00:00;188,4605288
29Aug2019 17:00:00;105,8800828
29Aug2019 18:00:00;30,8783662
29Aug2019 19:00:00;0,6565560
29Aug2019 20:00:00;0,0000080
29Aug2019 21:00:00;0,0000000
29Aug2019 22:00:00;0,0000000
29Aug2019 23:00:00;0,0000080
30Aug2019 0:00:00;0,0000000
30Aug2019 1:00:00;0,0000000
30Aug2019 2:00:00;0,0000080
30Aug2019 3:00:00;0,0000000
30Aug2019 4:00:00;0,0000080
30Aug2019 5:00:00;0,0000000
30Aug2019 6:00:00;4,7520491
30Aug2019 7:00:00;52,4602632
30Aug2019 8:00:00;142,1667603
30Aug2019 9:00:00;234,4609392
30Aug2019 10:00:00;306,2766601
30Aug2019 11:00:00;329,8736136
30Aug2019 12:00:00;325,1681759
30Aug2019 13:00:00;332,1920988
30Aug2019 14:00:00;298,8148797
30Aug2019 15:00:00;253,2734604
30Aug2019 16:00:00;186,0035954
30Aug2019 17:00:00;102,3419062
30Aug2019 18:00:00;29,2134104
30Aug2019 19:00:00;0,6005629
30Aug2019 20:00:00;0,0000000
30Aug2019 21:00:00;0,0000080
30Aug2019 22:00:00;0,0000000
30Aug2019 23:00:00;0,0000080
31Aug2019 0:00:00;0,0000000
31Aug2019 1:00:00;0,0000000
31Aug2019 2:00:00;0,0000080
31Aug2019 3:00:00;0,0000000
31Aug2019 4:00:00;0,0000000
31Aug2019 5:00:00;0,0000080
31Aug2019 6:00:00;4,5638873
31Aug2019 7:00:00;53,3204974
31Aug2019 8:00:00;147,3634079
31Aug2019 9:00:00;241,4614242
31Aug2019 10:00:00;306,0166790
31Aug2019 11:00:00;326,9427387
31Aug2019 12:00:00;319,3297231
31Aug2019 13:00:00;313,7364618
31Aug2019 14:00:00;304,9924058
31Aug2019 15:00:00;263,3968995
31Aug2019 16:00:00;201,7224565
31Aug2019 17:00:00;110,2228922
31Aug2019 18:00:00;28,0358990
31Aug2019 19:00:00;0,4232066
31Aug2019 20:00:00;0,0017120
31Aug2019 21:00:00;0,0000000
31Aug2019 22:00:00;0,0000000
31Aug2019 23:00:00;0,0000080
01Sep2019 0:00:00;0,0000000
01Sep2019 1:00:00;0,0000080
01Sep2019 2:00:00;0,0000000
01Sep2019 3:00:00;0,0017250
01Sep2019 4:00:00;0,0000080
01Sep2019 5:00:00;0,0000000
01Sep2019 6:00:00;4,2149667
01Sep2019 7:00:00;53,2064408
01Sep2019 8:00:00;150,2572641
01Sep2019 9:00:00;243,6211450
01Sep2019 10:00:00;310,0104306
01Sep2019 11:00:00;341,4693714
01Sep2019 12:00:00;338,5365778
01Sep2019 13:00:00;331,8158344
01Sep2019 14:00:00;304,8912173
01Sep2019 15:00:00;257,6346073
01Sep2019 16:00:00;185,2189715
01Sep2019 17:00:00;99,1605126
01Sep2019 18:00:00;26,3467871
01Sep2019 19:00:00;0,2700126
01Sep2019 20:00:00;0,1633230
01Sep2019 21:00:00;0,0000000
01Sep2019 22:00:00;0,0000000
01Sep2019 23:00:00;0,0000000
02Sep2019 0:00:00;0,0000000
02Sep2019 1:00:00;0,0000000
02Sep2019 2:00:00;0,0000000
02Sep2019 3:00:00;0,0000000
02Sep2019 4:00:00;0,0000000
02Sep2019 5:00:00;0,0000000
02Sep2019 6:00:00;4,2302455
02Sep2019 7:00:00;47,6533322
02Sep2019 8:00:00;132,3204359
02Sep2019 9:00:00;220,6024233
02Sep2019 10:00:00;288,9972285
02Sep2019 11:00:00;326,3787212
02Sep2019 12:00:00;334,0573658
02Sep2019 13:00:00;313,7483119
02Sep2019 14:00:00;288,0019900
02Sep2019 15:00:00;244,7659985
02Sep2019 16:00:00;176,9842224
02Sep2019 17:00:00;95,8073777
02Sep2019 18:00:00;25,3561861
02Sep2019 19:00:00;0,5454347
02Sep2019 20:00:00;0,0000000
02Sep2019 21:00:00;0,0000080
02Sep2019 22:00:00;0,0000000
02Sep2019 23:00:00;0,0000000
03Sep2019 0:00:00;0,0000080
03Sep2019 1:00:00;0,0000000
03Sep2019 2:00:00;0,0000000
03Sep2019 3:00:00;0,0000080
03Sep2019 4:00:00;0,0000000
03Sep2019 5:00:00;0,0000080
03Sep2019 6:00:00;4,0884343
03Sep2019 7:00:00;50,0522700
03Sep2019 8:00:00;137,0808835
03Sep2019 9:00:00;229,5920083
03Sep2019 10:00:00;294,8273365
03Sep2019 11:00:00;331,2807770
03Sep2019 12:00:00;348,3724821
03Sep2019 13:00:00;336,2023555
03Sep2019 14:00:00;306,2934119
03Sep2019 15:00:00;234,2054294
03Sep2019 16:00:00;153,4849917
03Sep2019 17:00:00;72,8783001
03Sep2019 18:00:00;17,7598526
03Sep2019 19:00:00;0,1262868
03Sep2019 20:00:00;0,2182877
03Sep2019 21:00:00;0,0000000
03Sep2019 22:00:00;0,0000000
03Sep2019 23:00:00;0,0000000
04Sep2019 0:00:00;0,0000000
04Sep2019 1:00:00;0,0000000
04Sep2019 2:00:00;0,0000000
04Sep2019 3:00:00;0,0000000
04Sep2019 4:00:00;0,0000000
04Sep2019 5:00:00;0,0000000
04Sep2019 6:00:00;2,3749319
04Sep2019 7:00:00;35,7591939
04Sep2019 8:00:00;111,0833918
04Sep2019 9:00:00;213,6606805
04Sep2019 10:00:00;284,0597062
04Sep2019 11:00:00;339,4343194
04Sep2019 12:00:00;354,2354769
04Sep2019 13:00:00;345,2365453
04Sep2019 14:00:00;311,5704695
04Sep2019 15:00:00;239,8855566
04Sep2019 16:00:00;167,4801538
04Sep2019 17:00:00;75,5344193
04Sep2019 18:00:00;18,2844989
04Sep2019 19:00:00;0,1179036
04Sep2019 20:00:00;0,0000000
04Sep2019 21:00:00;0,1085017
04Sep2019 22:00:00;0,0000000
04Sep2019 23:00:00;0,0000000
05Sep2019 0:00:00;0,0000000
05Sep2019 1:00:00;0,0000000
05Sep2019 2:00:00;0,0000000
05Sep2019 3:00:00;0,0000000
05Sep2019 4:00:00;0,0000000
05Sep2019 5:00:00;0,0000000
05Sep2019 6:00:00;3,5821690
05Sep2019 7:00:00;44,4973094
05Sep2019 8:00:00;122,6180744
05Sep2019 9:00:00;186,5450343
05Sep2019 10:00:00;232,0031566
05Sep2019 11:00:00;258,1484954
05Sep2019 12:00:00;266,9705889
05Sep2019 13:00:00;252,8657101
05Sep2019 14:00:00;214,8884423
05Sep2019 15:00:00;175,2224757
05Sep2019 16:00:00;138,0929688
05Sep2019 17:00:00;88,6468284
05Sep2019 18:00:00;22,6941148
05Sep2019 19:00:00;0,0726685
05Sep2019 20:00:00;0,0000000
05Sep2019 21:00:00;0,0000000
05Sep2019 22:00:00;0,0000080
05Sep2019 23:00:00;0,0000000
06Sep2019 0:00:00;0,0000000
06Sep2019 1:00:00;0,0000000
06Sep2019 2:00:00;0,0000000
06Sep2019 3:00:00;0,0000080
06Sep2019 4:00:00;0,0000000
06Sep2019 5:00:00;0,0000000
06Sep2019 6:00:00;3,5471436
06Sep2019 7:00:00;36,9441893
06Sep2019 8:00:00;87,0255773
06Sep2019 9:00:00;156,2805465
06Sep2019 10:00:00;215,5721621
06Sep2019 11:00:00;261,0241135
06Sep2019 12:00:00;284,6355868
06Sep2019 13:00:00;285,1896855
06Sep2019 14:00:00;282,2510340
06Sep2019 15:00:00;242,5820166
06Sep2019 16:00:00;175,7928619
06Sep2019 17:00:00;89,8033415
06Sep2019 18:00:00;21,4578890
06Sep2019 19:00:00;0,1056450
06Sep2019 20:00:00;0,0000080
06Sep2019 21:00:00;0,0000000
06Sep2019 22:00:00;0,0000000
06Sep2019 23:00:00;0,0000080
07Sep2019 0:00:00;0,0000000
07Sep2019 1:00:00;0,0000000
07Sep2019 2:00:00;0,0000080
07Sep2019 3:00:00;0,0000000
07Sep2019 4:00:00;0,0000080
07Sep2019 5:00:00;0,0000000
07Sep2019 6:00:00;2,7915657
07Sep2019 7:00:00;44,8259763
07Sep2019 8:00:00;126,9878455
07Sep2019 9:00:00;224,8302737
07Sep2019 10:00:00;292,6725861
07Sep2019 11:00:00;321,8369555
07Sep2019 12:00:00;338,2278746
07Sep2019 13:00:00;333,8761161
07Sep2019 14:00:00;322,8756857
07Sep2019 15:00:00;271,2358818
07Sep2019 16:00:00;190,5621390
07Sep2019 17:00:00;99,2784298
07Sep2019 18:00:00;23,5460278
07Sep2019 19:00:00;0,4983230
07Sep2019 20:00:00;0,0000000
07Sep2019 21:00:00;0,0000000
07Sep2019 22:00:00;0,0000000
07Sep2019 23:00:00;0,0000000
08Sep2019 0:00:00;0,0000000
08Sep2019 1:00:00;0,0000000
08Sep2019 2:00:00;0,0000000
08Sep2019 3:00:00;0,0000000
08Sep2019 4:00:00;0,0000000
08Sep2019 5:00:00;0,0000000
08Sep2019 6:00:00;2,8348823
08Sep2019 7:00:00;50,7035073
08Sep2019 8:00:00;143,9074520
08Sep2019 9:00:00;242,9548128
08Sep2019 10:00:00;309,1247801
08Sep2019 11:00:00;324,4661414
08Sep2019 12:00:00;314,5838847
08Sep2019 13:00:00;317,9483005
08Sep2019 14:00:00;300,2921133
08Sep2019 15:00:00;261,6333196
08Sep2019 16:00:00;182,6968437
08Sep2019 17:00:00;91,1556303
08Sep2019 18:00:00;19,3177962
08Sep2019 19:00:00;0,0452680
08Sep2019 20:00:00;0,0000080
08Sep2019 21:00:00;0,0000000
08Sep2019 22:00:00;0,0000000
08Sep2019 23:00:00;0,0000080
09Sep2019 0:00:00;0,0000000
09Sep2019 1:00:00;0,0000000
09Sep2019 2:00:00;0,0000080
09Sep2019 3:00:00;0,0000000
09Sep2019 4:00:00;0,0000080
09Sep2019 5:00:00;0,0000000
09Sep2019 6:00:00;2,9423412
09Sep2019 7:00:00;50,5899985
09Sep2019 8:00:00;149,8946780
09Sep2019 9:00:00;241,9226770
09Sep2019 10:00:00;305,5355113
09Sep2019 11:00:00;344,0912719
09Sep2019 12:00:00;335,0961996
09Sep2019 13:00:00;328,9095583
09Sep2019 14:00:00;304,7135064
09Sep2019 15:00:00;251,0707224
09Sep2019 16:00:00;186,3711775
09Sep2019 17:00:00;100,6660480
09Sep2019 18:00:00;20,3234883
09Sep2019 19:00:00;0,0271080
09Sep2019 20:00:00;0,0000000
09Sep2019 21:00:00;0,0000000
09Sep2019 22:00:00;0,0000080
09Sep2019 23:00:00;0,0000000
10Sep2019 0:00:00;0,0000000
10Sep2019 1:00:00;0,0000080
10Sep2019 2:00:00;0,0000000
10Sep2019 3:00:00;0,0000080
10Sep2019 4:00:00;0,0000000
10Sep2019 5:00:00;0,0000000
10Sep2019 6:00:00;2,6996100
10Sep2019 7:00:00;48,9336473
10Sep2019 8:00:00;145,2195217
10Sep2019 9:00:00;230,2273921
10Sep2019 10:00:00;291,9611436
10Sep2019 11:00:00;318,1664273
10Sep2019 12:00:00;320,5085932
10Sep2019 13:00:00;318,5077191
10Sep2019 14:00:00;290,0387125
10Sep2019 15:00:00;243,2487186
10Sep2019 16:00:00;182,3105498
10Sep2019 17:00:00;92,7090205
10Sep2019 18:00:00;19,1609130
10Sep2019 19:00:00;0,0188910
10Sep2019 20:00:00;0,0000000
10Sep2019 21:00:00;0,0000000
10Sep2019 22:00:00;0,0000080
10Sep2019 23:00:00;0,0000000
11Sep2019 0:00:00;0,0000080
11Sep2019 1:00:00;0,0000000
11Sep2019 2:00:00;0,0000000
11Sep2019 3:00:00;0,0000080
11Sep2019 4:00:00;0,0000000
11Sep2019 5:00:00;0,0000000
11Sep2019 6:00:00;2,7030570
11Sep2019 7:00:00;50,3374090
11Sep2019 8:00:00;147,1194975
11Sep2019 9:00:00;237,6513469
11Sep2019 10:00:00;301,2979133
11Sep2019 11:00:00;336,0969982
11Sep2019 12:00:00;340,2801172
11Sep2019 13:00:00;325,8739085
11Sep2019 14:00:00;305,7138637
11Sep2019 15:00:00;253,5330874
11Sep2019 16:00:00;188,5254098
11Sep2019 17:00:00;87,1261234
11Sep2019 18:00:00;15,9061540
11Sep2019 19:00:00;0,4848387
11Sep2019 20:00:00;0,0000000
11Sep2019 21:00:00;0,0000080
11Sep2019 22:00:00;0,0000000
11Sep2019 23:00:00;0,0000000
12Sep2019 0:00:00;0,0000080
12Sep2019 1:00:00;0,0000000
12Sep2019 2:00:00;0,0000000
12Sep2019 3:00:00;0,0000080
12Sep2019 4:00:00;0,0000000
12Sep2019 5:00:00;0,0000080
12Sep2019 6:00:00;2,3451113
12Sep2019 7:00:00;49,3293734
12Sep2019 8:00:00;143,9770156
12Sep2019 9:00:00;238,0160244
12Sep2019 10:00:00;302,7642675
12Sep2019 11:00:00;337,4206631
12Sep2019 12:00:00;346,1259822
12Sep2019 13:00:00;343,4413925
12Sep2019 14:00:00;322,2585883
12Sep2019 15:00:00;271,8150469
12Sep2019 16:00:00;194,2863439
12Sep2019 17:00:00;95,3407294
12Sep2019 18:00:00;17,8981282
12Sep2019 19:00:00;0,0448900
12Sep2019 20:00:00;0,0000000
12Sep2019 21:00:00;0,0000000
12Sep2019 22:00:00;0,0000000
12Sep2019 23:00:00;0,0000000
13Sep2019 0:00:00;0,0000080
13Sep2019 1:00:00;0,0000000
13Sep2019 2:00:00;0,0000000
13Sep2019 3:00:00;0,0000080
13Sep2019 4:00:00;0,0000000
13Sep2019 5:00:00;0,0000080
13Sep2019 6:00:00;2,2948063
13Sep2019 7:00:00;50,8151971
13Sep2019 8:00:00;145,3837226
13Sep2019 9:00:00;243,4490597
13Sep2019 10:00:00;315,3959813
13Sep2019 11:00:00;353,9986043
13Sep2019 12:00:00;360,0881367
13Sep2019 13:00:00;363,3635699
13Sep2019 14:00:00;341,2687120
13Sep2019 15:00:00;277,1883062
13Sep2019 16:00:00;195,0270598
13Sep2019 17:00:00;90,3208350
13Sep2019 18:00:00;15,2580261
13Sep2019 19:00:00;0,0104460
13Sep2019 20:00:00;0,0000080
13Sep2019 21:00:00;0,0000000
13Sep2019 22:00:00;0,0000080
13Sep2019 23:00:00;0,0000000
14Sep2019 0:00:00;0,0000000
14Sep2019 1:00:00;0,0000080
14Sep2019 2:00:00;0,0000000
14Sep2019 3:00:00;0,0000000
14Sep2019 4:00:00;0,0000080
14Sep2019 5:00:00;0,0000000
14Sep2019 6:00:00;1,8384082
14Sep2019 7:00:00;41,1556908
14Sep2019 8:00:00;120,6256738
14Sep2019 9:00:00;196,9907368
14Sep2019 10:00:00;275,3245506
14Sep2019 11:00:00;317,5524815
14Sep2019 12:00:00;337,7980000
14Sep2019 13:00:00;344,5409932
14Sep2019 14:00:00;315,0789687
14Sep2019 15:00:00;259,7571529
14Sep2019 16:00:00;179,0675860
14Sep2019 17:00:00;80,2602140
14Sep2019 18:00:00;17,2316987
14Sep2019 19:00:00;0,0254830
14Sep2019 20:00:00;0,0000000
14Sep2019 21:00:00;0,0000000
14Sep2019 22:00:00;0,0000000
14Sep2019 23:00:00;0,0000000
15Sep2019 0:00:00;0,0000000
15Sep2019 1:00:00;0,0000000
15Sep2019 2:00:00;0,0000000
15Sep2019 3:00:00;0,0000000
15Sep2019 4:00:00;0,0000000
15Sep2019 5:00:00;0,0000000
15Sep2019 6:00:00;0,7441223
15Sep2019 7:00:00;34,6763799
15Sep2019 8:00:00;124,8687008
15Sep2019 9:00:00;207,5829004
15Sep2019 10:00:00;278,3539587
15Sep2019 11:00:00;297,9391420
15Sep2019 12:00:00;318,8752555
15Sep2019 13:00:00;322,4093653
15Sep2019 14:00:00;296,5404190
15Sep2019 15:00:00;256,8067188
15Sep2019 16:00:00;184,4684654
15Sep2019 17:00:00;89,3613304
15Sep2019 18:00:00;15,0868209
15Sep2019 19:00:00;0,0089340
15Sep2019 20:00:00;0,0000080
15Sep2019 21:00:00;0,0000000
15Sep2019 22:00:00;0,0000000
15Sep2019 23:00:00;0,0000080
16Sep2019 0:00:00;0,0000000
16Sep2019 1:00:00;0,0000080
16Sep2019 2:00:00;0,0000000
16Sep2019 3:00:00;0,0000000
16Sep2019 4:00:00;0,0000080
16Sep2019 5:00:00;0,0000000
16Sep2019 6:00:00;1,1298841
16Sep2019 7:00:00;24,8051003
16Sep2019 8:00:00;67,5329989
16Sep2019 9:00:00;112,8662102
16Sep2019 10:00:00;148,5690606
16Sep2019 11:00:00;188,2733673
16Sep2019 12:00:00;197,9252616
16Sep2019 13:00:00;171,5435382
16Sep2019 14:00:00;174,5940044
16Sep2019 15:00:00;138,4607675
16Sep2019 16:00:00;84,8211011
16Sep2019 17:00:00;42,4987022
16Sep2019 18:00:00;6,8433497
16Sep2019 19:00:00;0,0043300
16Sep2019 20:00:00;0,0000000
16Sep2019 21:00:00;0,0000000
16Sep2019 22:00:00;0,0000080
16Sep2019 23:00:00;0,0000000
17Sep2019 0:00:00;0,0000080
17Sep2019 1:00:00;0,0000000
17Sep2019 2:00:00;0,0000000
17Sep2019 3:00:00;0,0000080
17Sep2019 4:00:00;0,0000000
17Sep2019 5:00:00;0,0000000
17Sep2019 6:00:00;0,7774532
17Sep2019 7:00:00;36,8173603
17Sep2019 8:00:00;125,4398290
17Sep2019 9:00:00;219,3964867
17Sep2019 10:00:00;300,8052384
17Sep2019 11:00:00;337,0985184
17Sep2019 12:00:00;354,3990621
17Sep2019 13:00:00;352,3641625
17Sep2019 14:00:00;323,0611679
17Sep2019 15:00:00;264,8980608
17Sep2019 16:00:00;186,1579404
17Sep2019 17:00:00;90,5333062
17Sep2019 18:00:00;13,8941490
17Sep2019 19:00:00;0,2877300
17Sep2019 20:00:00;0,0000000
17Sep2019 21:00:00;0,0000080
17Sep2019 22:00:00;0,0000000
17Sep2019 23:00:00;0,0000000
18Sep2019 0:00:00;0,0000080
18Sep2019 1:00:00;0,0000000
18Sep2019 2:00:00;0,0000080
18Sep2019 3:00:00;0,0522440
18Sep2019 4:00:00;0,0000000
18Sep2019 5:00:00;0,0000080
18Sep2019 6:00:00;1,4174059
18Sep2019 7:00:00;47,2308318
18Sep2019 8:00:00;146,0334064
18Sep2019 9:00:00;238,6327183
18Sep2019 10:00:00;310,3836817
18Sep2019 11:00:00;346,7775568
18Sep2019 12:00:00;359,5613709
18Sep2019 13:00:00;354,1008932
18Sep2019 14:00:00;323,4718285
18Sep2019 15:00:00;272,5567241
18Sep2019 16:00:00;189,3239003
18Sep2019 17:00:00;91,2073713
18Sep2019 18:00:00;13,2385225
18Sep2019 19:00:00;0,0044070
18Sep2019 20:00:00;0,0000000
18Sep2019 21:00:00;0,0000000
18Sep2019 22:00:00;0,0000080
18Sep2019 23:00:00;0,0000000
19Sep2019 0:00:00;0,0000000
19Sep2019 1:00:00;0,0000080
19Sep2019 2:00:00;0,0000000
19Sep2019 3:00:00;0,0000080
19Sep2019 4:00:00;0,0000000
19Sep2019 5:00:00;0,0000000
19Sep2019 6:00:00;1,2534136
19Sep2019 7:00:00;43,0297149
19Sep2019 8:00:00;136,9127645
19Sep2019 9:00:00;233,5666013
19Sep2019 10:00:00;299,8220093
19Sep2019 11:00:00;341,1890125
19Sep2019 12:00:00;353,1026137
19Sep2019 13:00:00;340,5519002
19Sep2019 14:00:00;317,7496615
19Sep2019 15:00:00;252,1967834
19Sep2019 16:00:00;181,2913268
19Sep2019 17:00:00;84,0965763
19Sep2019 18:00:00;11,6556262
19Sep2019 19:00:00;0,0042720
19Sep2019 20:00:00;0,0000000
19Sep2019 21:00:00;0,0000080
19Sep2019 22:00:00;0,0000000
19Sep2019 23:00:00;0,0000080
20Sep2019 0:00:00;0,0000000
20Sep2019 1:00:00;0,0000000
20Sep2019 2:00:00;0,0000080
20Sep2019 3:00:00;0,0000000
20Sep2019 4:00:00;0,0000000
20Sep2019 5:00:00;0,0000080
20Sep2019 6:00:00;0,9584872
20Sep2019 7:00:00;38,9634761
20Sep2019 8:00:00;121,3439423
20Sep2019 9:00:00;211,4215398
20Sep2019 10:00:00;287,6790767
20Sep2019 11:00:00;331,4811297
20Sep2019 12:00:00;351,0936068
20Sep2019 13:00:00;329,7747844
20Sep2019 14:00:00;298,0821822
20Sep2019 15:00:00;239,4720761
20Sep2019 16:00:00;151,4138471
20Sep2019 17:00:00;59,3246395
20Sep2019 18:00:00;6,8434362
20Sep2019 19:00:00;0,0028580
20Sep2019 20:00:00;0,0000000
20Sep2019 21:00:00;0,0000000
20Sep2019 22:00:00;0,0000080
20Sep2019 23:00:00;0,0000000
21Sep2019 0:00:00;0,0000000
21Sep2019 1:00:00;0,0000080
21Sep2019 2:00:00;0,0000000
21Sep2019 3:00:00;0,0000080
21Sep2019 4:00:00;0,0000000
21Sep2019 5:00:00;0,0000000
21Sep2019 6:00:00;0,4957623
21Sep2019 7:00:00;26,5389081
21Sep2019 8:00:00;96,4066973
21Sep2019 9:00:00;202,8704597
21Sep2019 10:00:00;267,4255810
21Sep2019 11:00:00;311,8823924
21Sep2019 12:00:00;288,9537217
21Sep2019 13:00:00;302,6071430
21Sep2019 14:00:00;302,3423918
21Sep2019 15:00:00;267,5389931
21Sep2019 16:00:00;192,1474557
21Sep2019 17:00:00;91,3355479
21Sep2019 18:00:00;10,8959527
21Sep2019 19:00:00;0,6176070
21Sep2019 20:00:00;0,0094020
21Sep2019 21:00:00;0,0000080
21Sep2019 22:00:00;0,0000000
21Sep2019 23:00:00;0,0000080
22Sep2019 0:00:00;0,0000000
22Sep2019 1:00:00;0,0000000
22Sep2019 2:00:00;0,0000080
22Sep2019 3:00:00;0,0000000
22Sep2019 4:00:00;0,0000000
22Sep2019 5:00:00;0,0000080
22Sep2019 6:00:00;1,0497583
22Sep2019 7:00:00;47,7779848
22Sep2019 8:00:00;152,8856987
22Sep2019 9:00:00;253,9872194
22Sep2019 10:00:00;311,9014988
22Sep2019 11:00:00;350,1610694
22Sep2019 12:00:00;354,9114612
22Sep2019 13:00:00;349,1920393
22Sep2019 14:00:00;325,5863114
22Sep2019 15:00:00;275,1846574
22Sep2019 16:00:00;192,5088810
22Sep2019 17:00:00;87,5444618
22Sep2019 18:00:00;10,6313424
22Sep2019 19:00:00;0,0028880
22Sep2019 20:00:00;0,0000000
22Sep2019 21:00:00;0,0000000
22Sep2019 22:00:00;0,0000000
22Sep2019 23:00:00;0,0000000
23Sep2019 0:00:00;0,0000000
23Sep2019 1:00:00;0,0000000
23Sep2019 2:00:00;0,0000000
23Sep2019 3:00:00;0,0000000
23Sep2019 4:00:00;0,0000000
23Sep2019 5:00:00;0,0000000
23Sep2019 6:00:00;0,8903065
23Sep2019 7:00:00;46,4179870
23Sep2019 8:00:00;149,5736065
23Sep2019 9:00:00;241,5860460
23Sep2019 10:00:00;306,1256818
23Sep2019 11:00:00;341,3436784
23Sep2019 12:00:00;360,7835636
23Sep2019 13:00:00;352,9219138
23Sep2019 14:00:00;321,2932227
23Sep2019 15:00:00;265,9007409
23Sep2019 16:00:00;182,1691289
23Sep2019 17:00:00;78,7314410
23Sep2019 18:00:00;9,1459096
23Sep2019 19:00:00;0,0023460
23Sep2019 20:00:00;0,0000000
23Sep2019 21:00:00;0,0000000
23Sep2019 22:00:00;0,0000080
23Sep2019 23:00:00;0,0000000
24Sep2019 0:00:00;0,0000080
24Sep2019 1:00:00;0,0000000
24Sep2019 2:00:00;0,0000000
24Sep2019 3:00:00;0,0000080
24Sep2019 4:00:00;0,0000000
24Sep2019 5:00:00;0,0000000
24Sep2019 6:00:00;0,6904272
24Sep2019 7:00:00;42,5754548
24Sep2019 8:00:00;133,2048427
24Sep2019 9:00:00;201,0711281
24Sep2019 10:00:00;252,8389822
24Sep2019 11:00:00;305,2998771
24Sep2019 12:00:00;313,2502382
24Sep2019 13:00:00;321,3920490
24Sep2019 14:00:00;295,4794134
24Sep2019 15:00:00;240,1759324
24Sep2019 16:00:00;165,5910451
24Sep2019 17:00:00;73,3679668
24Sep2019 18:00:00;5,9599401
24Sep2019 19:00:00;0,0000000
24Sep2019 20:00:00;0,0000080
24Sep2019 21:00:00;0,0000000
24Sep2019 22:00:00;0,0000000
24Sep2019 23:00:00;0,0000080
25Sep2019 0:00:00;0,0000000
25Sep2019 1:00:00;0,0000000
25Sep2019 2:00:00;0,0000080
25Sep2019 3:00:00;0,0000000
25Sep2019 4:00:00;0,0000080
25Sep2019 5:00:00;0,0000000
25Sep2019 6:00:00;0,0070760
25Sep2019 7:00:00;10,3254865
25Sep2019 8:00:00;39,0492676
25Sep2019 9:00:00;70,5069125
25Sep2019 10:00:00;90,9644834
25Sep2019 11:00:00;80,1993031
25Sep2019 12:00:00;86,5682611
25Sep2019 13:00:00;113,2436913
25Sep2019 14:00:00;120,5589237
25Sep2019 15:00:00;107,8018187
25Sep2019 16:00:00;69,9008155
25Sep2019 17:00:00;28,8336587
25Sep2019 18:00:00;3,1602508
25Sep2019 19:00:00;0,0012450
25Sep2019 20:00:00;0,2521400
25Sep2019 21:00:00;0,0000080
25Sep2019 22:00:00;0,0000000
25Sep2019 23:00:00;0,0000000
26Sep2019 0:00:00;0,0000080
26Sep2019 1:00:00;0,0000000
26Sep2019 2:00:00;0,0000080
26Sep2019 3:00:00;0,0000000
26Sep2019 4:00:00;0,0000000
26Sep2019 5:00:00;0,0000080
26Sep2019 6:00:00;0,1602343
26Sep2019 7:00:00;16,7940937
26Sep2019 8:00:00;65,0759404
26Sep2019 9:00:00;140,4902099
26Sep2019 10:00:00;214,3345815
26Sep2019 11:00:00;269,1904363
26Sep2019 12:00:00;280,4571835
26Sep2019 13:00:00;264,0595370
26Sep2019 14:00:00;254,4067919
26Sep2019 15:00:00;215,7909726
26Sep2019 16:00:00;153,7172386
26Sep2019 17:00:00;64,6445638
26Sep2019 18:00:00;5,1465044
26Sep2019 19:00:00;0,0011510
26Sep2019 20:00:00;0,0000080
26Sep2019 21:00:00;0,0000000
26Sep2019 22:00:00;0,0000080
26Sep2019 23:00:00;0,0000000
27Sep2019 0:00:00;0,0000000
27Sep2019 1:00:00;0,0000080
27Sep2019 2:00:00;0,0000000
27Sep2019 3:00:00;0,0000000
27Sep2019 4:00:00;0,0000080
27Sep2019 5:00:00;0,0000000
27Sep2019 6:00:00;0,2808597
27Sep2019 7:00:00;31,7153731
27Sep2019 8:00:00;111,5965925
27Sep2019 9:00:00;206,1768611
27Sep2019 10:00:00;265,3021503
27Sep2019 11:00:00;293,9057751
27Sep2019 12:00:00;267,9728956
27Sep2019 13:00:00;266,3362654
27Sep2019 14:00:00;230,9446180
27Sep2019 15:00:00;173,8680402
27Sep2019 16:00:00;102,6603087
27Sep2019 17:00:00;44,9716565
27Sep2019 18:00:00;4,7865553
27Sep2019 19:00:00;0,0012600
27Sep2019 20:00:00;0,0000000
27Sep2019 21:00:00;0,0000000
27Sep2019 22:00:00;0,0000080
27Sep2019 23:00:00;0,0000000
28Sep2019 0:00:00;0,0000000
28Sep2019 1:00:00;0,0000080
28Sep2019 2:00:00;0,0000000
28Sep2019 3:00:00;0,0000080
28Sep2019 4:00:00;0,0000000
28Sep2019 5:00:00;0,0000000
28Sep2019 6:00:00;0,2925344
28Sep2019 7:00:00;37,6042478
28Sep2019 8:00:00;125,0256743
28Sep2019 9:00:00;220,6005996
28Sep2019 10:00:00;278,9545237
28Sep2019 11:00:00;286,1534600
28Sep2019 12:00:00;300,8697085
28Sep2019 13:00:00;312,9277563
28Sep2019 14:00:00;303,0096637
28Sep2019 15:00:00;258,9836292
28Sep2019 16:00:00;171,4333022
28Sep2019 17:00:00;75,5710212
28Sep2019 18:00:00;5,5958220
28Sep2019 19:00:00;0,0000080
28Sep2019 20:00:00;0,0000000
28Sep2019 21:00:00;0,0000000
28Sep2019 22:00:00;0,0000080
28Sep2019 23:00:00;0,0000000
29Sep2019 0:00:00;0,0000000
29Sep2019 1:00:00;0,0000080
29Sep2019 2:00:00;0,0000000
29Sep2019 3:00:00;0,0000080
29Sep2019 4:00:00;0,0000000
29Sep2019 5:00:00;0,0000000
29Sep2019 6:00:00;0,3102705
29Sep2019 7:00:00;41,8155909
29Sep2019 8:00:00;143,6931929
29Sep2019 9:00:00;238,0102868
29Sep2019 10:00:00;300,3411162
29Sep2019 11:00:00;326,3866822
29Sep2019 12:00:00;339,2893967
29Sep2019 13:00:00;337,5276800
29Sep2019 14:00:00;315,3829646
29Sep2019 15:00:00;260,6197252
29Sep2019 16:00:00;176,1003191
29Sep2019 17:00:00;72,2650044
29Sep2019 18:00:00;5,1489400
29Sep2019 19:00:00;0,0000080
29Sep2019 20:00:00;0,0000000
29Sep2019 21:00:00;0,0000000
29Sep2019 22:00:00;0,0000080
29Sep2019 23:00:00;0,0000000
30Sep2019 0:00:00;0,0000000
30Sep2019 1:00:00;0,0000080
30Sep2019 2:00:00;0,0000000
30Sep2019 3:00:00;0,0000080
30Sep2019 4:00:00;0,0000000
30Sep2019 5:00:00;0,0000000
30Sep2019 6:00:00;0,2608613
30Sep2019 7:00:00;40,6542746
30Sep2019 8:00:00;140,9038163
30Sep2019 9:00:00;233,8812292
30Sep2019 10:00:00;307,9501591
30Sep2019 11:00:00;337,3564847
30Sep2019 12:00:00;352,6711287
30Sep2019 13:00:00;344,1142119
30Sep2019 14:00:00;318,0017608
30Sep2019 15:00:00;259,1684897
30Sep2019 16:00:00;174,6124680
30Sep2019 17:00:00;69,3092707
30Sep2019 18:00:00;4,7562419
30Sep2019 19:00:00;0,0000000
30Sep2019 20:00:00;0,0000000
30Sep2019 21:00:00;0,0000000
30Sep2019 22:00:00;0,0000080
30Sep2019 23:00:00;0,0000000
01Oct2019 0:00:00;0,0000080
01Oct2019 1:00:00;0,0000000
01Oct2019 2:00:00;0,0000000
01Oct2019 3:00:00;0,0000080
01Oct2019 4:00:00;0,0000000
01Oct2019 5:00:00;0,0000000
01Oct2019 6:00:00;0,1879271
01Oct2019 7:00:00;39,8267117
01Oct2019 8:00:00;139,8696991
01Oct2019 9:00:00;230,6067965
01Oct2019 10:00:00;293,5763603
01Oct2019 11:00:00;327,7362628
01Oct2019 12:00:00;342,4435778
01Oct2019 13:00:00;338,0390004
01Oct2019 14:00:00;306,7068770
01Oct2019 15:00:00;251,6751750
01Oct2019 16:00:00;165,8577553
01Oct2019 17:00:00;66,5783064
01Oct2019 18:00:00;4,2483136
01Oct2019 19:00:00;0,0000080
01Oct2019 20:00:00;0,0000000
01Oct2019 21:00:00;0,0000000
01Oct2019 22:00:00;0,0000080
01Oct2019 23:00:00;0,0000000
02Oct2019 0:00:00;0,0000000
02Oct2019 1:00:00;0,0000080
02Oct2019 2:00:00;0,0000000
02Oct2019 3:00:00;0,0000000
02Oct2019 4:00:00;0,0000080
02Oct2019 5:00:00;0,0000000
02Oct2019 6:00:00;0,1637036
02Oct2019 7:00:00;38,8307591
02Oct2019 8:00:00;140,3454234
02Oct2019 9:00:00;238,1771952
02Oct2019 10:00:00;305,2289312
02Oct2019 11:00:00;344,0608614
02Oct2019 12:00:00;356,0320552
02Oct2019 13:00:00;338,9403594
02Oct2019 14:00:00;305,2723727
02Oct2019 15:00:00;247,1601509
02Oct2019 16:00:00;163,3167383
02Oct2019 17:00:00;59,9916594
02Oct2019 18:00:00;2,6729056
02Oct2019 19:00:00;0,0000080
02Oct2019 20:00:00;0,0000000
02Oct2019 21:00:00;0,0000080
02Oct2019 22:00:00;0,0000000
02Oct2019 23:00:00;0,0000000
03Oct2019 0:00:00;0,0000080
03Oct2019 1:00:00;0,0000000
03Oct2019 2:00:00;0,0000000
03Oct2019 3:00:00;0,0000080
03Oct2019 4:00:00;0,0000000
03Oct2019 5:00:00;0,0000080
03Oct2019 6:00:00;0,0596797
03Oct2019 7:00:00;28,9681981
03Oct2019 8:00:00;118,3100325
03Oct2019 9:00:00;217,4204733
03Oct2019 10:00:00;291,4502607
03Oct2019 11:00:00;333,2566075
03Oct2019 12:00:00;348,9884849
03Oct2019 13:00:00;333,1185260
03Oct2019 14:00:00;297,4718683
03Oct2019 15:00:00;236,3531442
03Oct2019 16:00:00;159,6649884
03Oct2019 17:00:00;60,1725323
03Oct2019 18:00:00;2,5674858
03Oct2019 19:00:00;0,2999500
03Oct2019 20:00:00;0,0000000
03Oct2019 21:00:00;0,0000000
03Oct2019 22:00:00;0,0000000
03Oct2019 23:00:00;0,0000000
04Oct2019 0:00:00;0,0000000
04Oct2019 1:00:00;0,0000000
04Oct2019 2:00:00;0,0000000
04Oct2019 3:00:00;0,0000000
04Oct2019 4:00:00;0,0000000
04Oct2019 5:00:00;0,0000000
04Oct2019 6:00:00;0,0824287
04Oct2019 7:00:00;35,2219637
04Oct2019 8:00:00;135,3925234
04Oct2019 9:00:00;223,4905068
04Oct2019 10:00:00;289,3384972
04Oct2019 11:00:00;323,3513473
04Oct2019 12:00:00;344,4382019
04Oct2019 13:00:00;337,8248999
04Oct2019 14:00:00;306,1376299
04Oct2019 15:00:00;248,8367082
04Oct2019 16:00:00;158,5688262
04Oct2019 17:00:00;57,6870808
04Oct2019 18:00:00;3,2329900
04Oct2019 19:00:00;0,0000000
04Oct2019 20:00:00;0,0000000
04Oct2019 21:00:00;0,0000000
04Oct2019 22:00:00;0,0000000
04Oct2019 23:00:00;0,0000000
05Oct2019 0:00:00;0,0000080
05Oct2019 1:00:00;0,0000000
05Oct2019 2:00:00;0,0000000
05Oct2019 3:00:00;0,0000080
05Oct2019 4:00:00;0,0000000
05Oct2019 5:00:00;0,0000080
05Oct2019 6:00:00;0,1092802
05Oct2019 7:00:00;25,1040734
05Oct2019 8:00:00;73,0343499
05Oct2019 9:00:00;125,1900357
05Oct2019 10:00:00;159,0754309
05Oct2019 11:00:00;177,6455028
05Oct2019 12:00:00;173,6037649
05Oct2019 13:00:00;172,6391095
05Oct2019 14:00:00;192,0027753
05Oct2019 15:00:00;138,1987110
05Oct2019 16:00:00;93,9951556
05Oct2019 17:00:00;34,2739221
05Oct2019 18:00:00;0,7605975
05Oct2019 19:00:00;0,0571690
05Oct2019 20:00:00;0,0000000
05Oct2019 21:00:00;0,0000080
05Oct2019 22:00:00;0,0000000
05Oct2019 23:00:00;0,0000000
06Oct2019 0:00:00;0,0000080
06Oct2019 1:00:00;0,0000000
06Oct2019 2:00:00;0,0000000
06Oct2019 3:00:00;0,0000000
06Oct2019 4:00:00;0,0000000
06Oct2019 5:00:00;0,0000080
06Oct2019 6:00:00;0,0321205
06Oct2019 7:00:00;11,6047309
06Oct2019 8:00:00;53,7269739
06Oct2019 9:00:00;114,1911148
06Oct2019 10:00:00;132,1426653
06Oct2019 11:00:00;104,0341168
06Oct2019 12:00:00;116,6224948
06Oct2019 13:00:00;148,9529092
06Oct2019 14:00:00;165,7235325
06Oct2019 15:00:00;159,3567392
06Oct2019 16:00:00;107,3974711
06Oct2019 17:00:00;44,8970189
06Oct2019 18:00:00;1,6011036
06Oct2019 19:00:00;0,0000000
06Oct2019 20:00:00;0,0000000
06Oct2019 21:00:00;0,0000080
06Oct2019 22:00:00;0,0000000
06Oct2019 23:00:00;0,0000000
07Oct2019 0:00:00;0,0000080
07Oct2019 1:00:00;0,0000000
07Oct2019 2:00:00;0,0000080
07Oct2019 3:00:00;0,0000000
07Oct2019 4:00:00;0,0000000
07Oct2019 5:00:00;0,0000080
07Oct2019 6:00:00;0,0563875
07Oct2019 7:00:00;32,4065683
07Oct2019 8:00:00;127,9675769
07Oct2019 9:00:00;221,7685654
07Oct2019 10:00:00;290,7364190
07Oct2019 11:00:00;328,9618627
07Oct2019 12:00:00;310,0884379
07Oct2019 13:00:00;291,1317595
07Oct2019 14:00:00;255,6643150
07Oct2019 15:00:00;191,3178800
07Oct2019 16:00:00;107,3128054
07Oct2019 17:00:00;36,2143911
07Oct2019 18:00:00;0,6876098
07Oct2019 19:00:00;0,0000000
07Oct2019 20:00:00;0,0000080
07Oct2019 21:00:00;0,0000000
07Oct2019 22:00:00;0,0000000
07Oct2019 23:00:00;0,0000080
08Oct2019 0:00:00;0,0000000
08Oct2019 1:00:00;0,0000000
08Oct2019 2:00:00;0,0000080
08Oct2019 3:00:00;0,0000000
08Oct2019 4:00:00;0,0000080
08Oct2019 5:00:00;0,0000000
08Oct2019 6:00:00;0,0587073
08Oct2019 7:00:00;19,0172887
08Oct2019 8:00:00;67,2487169
08Oct2019 9:00:00;97,3603418
08Oct2019 10:00:00;122,0781884
08Oct2019 11:00:00;120,6201519
08Oct2019 12:00:00;105,3688076
08Oct2019 13:00:00;88,6610716
08Oct2019 14:00:00;80,2541351
08Oct2019 15:00:00;70,4828886
08Oct2019 16:00:00;51,2523771
08Oct2019 17:00:00;16,1026701
08Oct2019 18:00:00;1,0563846
08Oct2019 19:00:00;0,0000000
08Oct2019 20:00:00;0,0000000
08Oct2019 21:00:00;0,0000080
08Oct2019 22:00:00;0,0000000
08Oct2019 23:00:00;0,0000000
09Oct2019 0:00:00;0,0000080
09Oct2019 1:00:00;0,0000000
09Oct2019 2:00:00;0,0000000
09Oct2019 3:00:00;0,0000080
09Oct2019 4:00:00;0,0000000
09Oct2019 5:00:00;0,0000080
09Oct2019 6:00:00;0,0310995
09Oct2019 7:00:00;23,2969632
09Oct2019 8:00:00;99,3053382
09Oct2019 9:00:00;180,9049918
09Oct2019 10:00:00;252,5520016
09Oct2019 11:00:00;315,6505548
09Oct2019 12:00:00;338,8831877
09Oct2019 13:00:00;335,3110996
09Oct2019 14:00:00;299,5758232
09Oct2019 15:00:00;242,2643365
09Oct2019 16:00:00;155,5029429
09Oct2019 17:00:00;49,7155604
09Oct2019 18:00:00;0,8864501
09Oct2019 19:00:00;0,0000000
09Oct2019 20:00:00;0,0000080
09Oct2019 21:00:00;0,0000000
09Oct2019 22:00:00;0,0000000
09Oct2019 23:00:00;0,0000080
10Oct2019 0:00:00;0,0000000
10Oct2019 1:00:00;0,0000000
10Oct2019 2:00:00;0,0000080
10Oct2019 3:00:00;0,0000000
10Oct2019 4:00:00;0,0000000
10Oct2019 5:00:00;0,0000000
10Oct2019 6:00:00;0,0169752
10Oct2019 7:00:00;28,0806066
10Oct2019 8:00:00;124,2748936
10Oct2019 9:00:00;219,9215971
10Oct2019 10:00:00;286,7706093
10Oct2019 11:00:00;331,5335353
10Oct2019 12:00:00;338,0650183
10Oct2019 13:00:00;323,4148867
10Oct2019 14:00:00;285,4229737
10Oct2019 15:00:00;225,2300315
10Oct2019 16:00:00;134,3492122
10Oct2019 17:00:00;38,3891412
10Oct2019 18:00:00;1,5600922
10Oct2019 19:00:00;0,0000080
10Oct2019 20:00:00;0,0000000
10Oct2019 21:00:00;0,0000000
10Oct2019 22:00:00;0,0000080
10Oct2019 23:00:00;0,0000000
11Oct2019 0:00:00;0,0000080
11Oct2019 1:00:00;0,0000000
11Oct2019 2:00:00;0,0000000
11Oct2019 3:00:00;0,0000080
11Oct2019 4:00:00;0,0000000
11Oct2019 5:00:00;0,0000000
11Oct2019 6:00:00;0,0444805
11Oct2019 7:00:00;25,1519776
11Oct2019 8:00:00;108,7942733
11Oct2019 9:00:00;177,0948630
11Oct2019 10:00:00;227,8983375
11Oct2019 11:00:00;260,8825541
11Oct2019 12:00:00;274,4602090
11Oct2019 13:00:00;270,4775397
11Oct2019 14:00:00;211,0760733
11Oct2019 15:00:00;141,3153793
11Oct2019 16:00:00;75,5535758
11Oct2019 17:00:00;19,9031152
11Oct2019 18:00:00;0,1257246
11Oct2019 19:00:00;0,0000000
11Oct2019 20:00:00;0,0000000
11Oct2019 21:00:00;0,0000000
11Oct2019 22:00:00;0,0000080
11Oct2019 23:00:00;0,0000000
12Oct2019 0:00:00;0,0000080
12Oct2019 1:00:00;0,0000000
12Oct2019 2:00:00;0,0000000
12Oct2019 3:00:00;0,0000080
12Oct2019 4:00:00;0,0000000
12Oct2019 5:00:00;0,0000000
12Oct2019 6:00:00;0,0193568
12Oct2019 7:00:00;25,0675293
12Oct2019 8:00:00;117,7685357
12Oct2019 9:00:00;214,4828671
12Oct2019 10:00:00;286,6995680
12Oct2019 11:00:00;319,7314428
12Oct2019 12:00:00;337,1415099
12Oct2019 13:00:00;322,7827091
12Oct2019 14:00:00;296,5748199
12Oct2019 15:00:00;239,0237754
12Oct2019 16:00:00;146,9803380
12Oct2019 17:00:00;47,5213969
12Oct2019 18:00:00;0,3187973
12Oct2019 19:00:00;0,0000000
12Oct2019 20:00:00;0,0000080
12Oct2019 21:00:00;0,0000000
12Oct2019 22:00:00;0,0000000
12Oct2019 23:00:00;0,0000080
13Oct2019 0:00:00;0,0000000
13Oct2019 1:00:00;0,0000080
13Oct2019 2:00:00;0,0000000
13Oct2019 3:00:00;0,0000000
13Oct2019 4:00:00;0,0000080
13Oct2019 5:00:00;0,0000000
13Oct2019 6:00:00;0,0238520
13Oct2019 7:00:00;28,4086870
13Oct2019 8:00:00;130,9392943
13Oct2019 9:00:00;233,0914864
13Oct2019 10:00:00;306,8639466
13Oct2019 11:00:00;347,0390942
13Oct2019 12:00:00;357,2891280
13Oct2019 13:00:00;340,8786058
13Oct2019 14:00:00;313,4670266
13Oct2019 15:00:00;249,6253725
13Oct2019 16:00:00;153,6077918
13Oct2019 17:00:00;47,8088037
13Oct2019 18:00:00;0,3053524
13Oct2019 19:00:00;0,0000000
13Oct2019 20:00:00;0,0000080
13Oct2019 21:00:00;0,0000000
13Oct2019 22:00:00;0,0000000
13Oct2019 23:00:00;0,0000080
14Oct2019 0:00:00;0,0000000
14Oct2019 1:00:00;0,0000000
14Oct2019 2:00:00;0,0000080
14Oct2019 3:00:00;0,0000000
14Oct2019 4:00:00;0,0000080
14Oct2019 5:00:00;0,0000000
14Oct2019 6:00:00;0,0015750
14Oct2019 7:00:00;29,2175975
14Oct2019 8:00:00;131,9040797
14Oct2019 9:00:00;226,6801494
14Oct2019 10:00:00;294,1848611
14Oct2019 11:00:00;330,5600967
14Oct2019 12:00:00;349,7289132
14Oct2019 13:00:00;337,5709343
14Oct2019 14:00:00;303,3707809
14Oct2019 15:00:00;242,1260961
14Oct2019 16:00:00;147,7494063
14Oct2019 17:00:00;42,2541789
14Oct2019 18:00:00;0,1859251
14Oct2019 19:00:00;0,0000000
14Oct2019 20:00:00;0,0000080
14Oct2019 21:00:00;0,0000000
14Oct2019 22:00:00;0,0000080
14Oct2019 23:00:00;0,0000000
15Oct2019 0:00:00;0,0000000
15Oct2019 1:00:00;0,0000080
15Oct2019 2:00:00;0,0000000
15Oct2019 3:00:00;0,0000000
15Oct2019 4:00:00;0,0000080
15Oct2019 5:00:00;0,0000000
15Oct2019 6:00:00;0,0028453
15Oct2019 7:00:00;23,1303962
15Oct2019 8:00:00;115,4694318
15Oct2019 9:00:00;211,2138209
15Oct2019 10:00:00;282,6085366
15Oct2019 11:00:00;320,7131496
15Oct2019 12:00:00;331,5703304
15Oct2019 13:00:00;321,7274023
15Oct2019 14:00:00;286,1626066
15Oct2019 15:00:00;219,6350666
15Oct2019 16:00:00;125,9758069
15Oct2019 17:00:00;31,6679248
15Oct2019 18:00:00;0,0743414
15Oct2019 19:00:00;0,0000080
15Oct2019 20:00:00;0,0000000
15Oct2019 21:00:00;0,0000000
15Oct2019 22:00:00;0,0000080
15Oct2019 23:00:00;0,0000000
16Oct2019 0:00:00;0,0000000
16Oct2019 1:00:00;0,0000080
16Oct2019 2:00:00;0,0000000
16Oct2019 3:00:00;0,0000000
16Oct2019 4:00:00;0,0000080
16Oct2019 5:00:00;0,0000000
16Oct2019 6:00:00;0,0013480
16Oct2019 7:00:00;18,5188281
16Oct2019 8:00:00;81,8650682
16Oct2019 9:00:00;155,1662987
16Oct2019 10:00:00;205,7246412
16Oct2019 11:00:00;231,8407204
16Oct2019 12:00:00;243,0132062
16Oct2019 13:00:00;219,5647331
16Oct2019 14:00:00;172,1823045
16Oct2019 15:00:00;115,8990409
16Oct2019 16:00:00;77,4503578
16Oct2019 17:00:00;24,5593721
16Oct2019 18:00:00;0,0562771
16Oct2019 19:00:00;0,0009810
16Oct2019 20:00:00;0,0000000
16Oct2019 21:00:00;0,0000080
16Oct2019 22:00:00;0,0000000
16Oct2019 23:00:00;0,0000000
17Oct2019 0:00:00;0,0000080
17Oct2019 1:00:00;0,0000000
17Oct2019 2:00:00;0,0000000
17Oct2019 3:00:00;0,0000080
17Oct2019 4:00:00;0,0000000
17Oct2019 5:00:00;0,0000080
17Oct2019 6:00:00;0,0000000
17Oct2019 7:00:00;14,3399554
17Oct2019 8:00:00;87,7179590
17Oct2019 9:00:00;166,5103283
17Oct2019 10:00:00;218,3157337
17Oct2019 11:00:00;239,9972273
17Oct2019 12:00:00;231,3380389
17Oct2019 13:00:00;230,1126620
17Oct2019 14:00:00;186,3853223
17Oct2019 15:00:00;127,6825547
17Oct2019 16:00:00;64,2109574
17Oct2019 17:00:00;16,3726133
17Oct2019 18:00:00;0,0302793
17Oct2019 19:00:00;0,0000080
17Oct2019 20:00:00;0,0000000
17Oct2019 21:00:00;0,0000080
17Oct2019 22:00:00;0,0000000
17Oct2019 23:00:00;0,0000000
18Oct2019 0:00:00;0,0000080
18Oct2019 1:00:00;0,0000000
18Oct2019 2:00:00;0,0000000
18Oct2019 3:00:00;0,0000000
18Oct2019 4:00:00;0,0000000
18Oct2019 5:00:00;0,0000000
18Oct2019 6:00:00;0,0000080
18Oct2019 7:00:00;8,4817676
18Oct2019 8:00:00;43,3325055
18Oct2019 9:00:00;101,0518400
18Oct2019 10:00:00;149,2414753
18Oct2019 11:00:00;207,2410576
18Oct2019 12:00:00;223,5254528
18Oct2019 13:00:00;216,0618907
18Oct2019 14:00:00;194,9786527
18Oct2019 15:00:00;145,3599057
18Oct2019 16:00:00;74,3444864
18Oct2019 17:00:00;15,5217996
18Oct2019 18:00:00;0,0300351
18Oct2019 19:00:00;0,0000000
18Oct2019 20:00:00;0,0000080
18Oct2019 21:00:00;0,0000000
18Oct2019 22:00:00;0,0000080
18Oct2019 23:00:00;0,0000000
19Oct2019 0:00:00;0,0000000
19Oct2019 1:00:00;0,0000080
19Oct2019 2:00:00;0,0000000
19Oct2019 3:00:00;0,0000000
19Oct2019 4:00:00;0,0000080
19Oct2019 5:00:00;0,0000000
19Oct2019 6:00:00;0,0000080
19Oct2019 7:00:00;14,3789563
19Oct2019 8:00:00;95,7675757
19Oct2019 9:00:00;198,5411901
19Oct2019 10:00:00;271,6075570
19Oct2019 11:00:00;310,9919798
19Oct2019 12:00:00;331,4132179
19Oct2019 13:00:00;299,4502129
19Oct2019 14:00:00;251,6313999
19Oct2019 15:00:00;197,5246644
19Oct2019 16:00:00;115,1199210
19Oct2019 17:00:00;27,2447349
19Oct2019 18:00:00;0,0312950
19Oct2019 19:00:00;0,0000000
19Oct2019 20:00:00;0,0000000
19Oct2019 21:00:00;0,0000000
19Oct2019 22:00:00;0,0000080
19Oct2019 23:00:00;0,0000000
20Oct2019 0:00:00;0,0000000
20Oct2019 1:00:00;0,0000080
20Oct2019 2:00:00;0,0000800
20Oct2019 3:00:00;0,0000000
20Oct2019 4:00:00;0,0000080
20Oct2019 5:00:00;0,0000000
20Oct2019 6:00:00;0,0000080
20Oct2019 7:00:00;14,1732250
20Oct2019 8:00:00;90,7271913
20Oct2019 9:00:00;179,9982754
20Oct2019 10:00:00;252,4285916
20Oct2019 11:00:00;294,8260352
20Oct2019 12:00:00;299,2169600
20Oct2019 13:00:00;267,5404288
20Oct2019 14:00:00;216,8748306
20Oct2019 15:00:00;142,1821283
20Oct2019 16:00:00;75,6579408
20Oct2019 17:00:00;20,0164057
20Oct2019 18:00:00;0,0396189
20Oct2019 19:00:00;0,0000000
20Oct2019 20:00:00;0,0000000
20Oct2019 21:00:00;0,0000080
20Oct2019 22:00:00;0,0000000
20Oct2019 23:00:00;0,0000000
21Oct2019 0:00:00;0,0000000
21Oct2019 1:00:00;0,0000000
21Oct2019 2:00:00;0,0000080
21Oct2019 3:00:00;0,0000000
21Oct2019 4:00:00;0,0000000
21Oct2019 5:00:00;0,0000080
21Oct2019 6:00:00;0,0000000
21Oct2019 7:00:00;12,4444697
21Oct2019 8:00:00;78,9782145
21Oct2019 9:00:00;159,2985109
21Oct2019 10:00:00;221,1360785
21Oct2019 11:00:00;254,1790156
21Oct2019 12:00:00;248,4499776
21Oct2019 13:00:00;213,4399790
21Oct2019 14:00:00;176,4568708
21Oct2019 15:00:00;137,7716520
21Oct2019 16:00:00;74,7782388
21Oct2019 17:00:00;14,7927829
21Oct2019 18:00:00;0,0142290
21Oct2019 19:00:00;0,0000000
21Oct2019 20:00:00;0,0000080
21Oct2019 21:00:00;0,0000000
21Oct2019 22:00:00;0,0000080
21Oct2019 23:00:00;0,0000000
22Oct2019 0:00:00;0,0000000
22Oct2019 1:00:00;0,0000080
22Oct2019 2:00:00;0,0000000
22Oct2019 3:00:00;0,0000000
22Oct2019 4:00:00;0,0000080
22Oct2019 5:00:00;0,0000000
22Oct2019 6:00:00;0,0000080
22Oct2019 7:00:00;7,5813315
22Oct2019 8:00:00;52,4032288
22Oct2019 9:00:00;103,1424439
22Oct2019 10:00:00;145,3298795
22Oct2019 11:00:00;185,2517276
22Oct2019 12:00:00;222,8812714
22Oct2019 13:00:00;218,5454936
22Oct2019 14:00:00;214,2593870
22Oct2019 15:00:00;162,9426407
22Oct2019 16:00:00;85,9474215
22Oct2019 17:00:00;19,1371800
22Oct2019 18:00:00;0,0169430
22Oct2019 19:00:00;0,0000000
22Oct2019 20:00:00;0,0000080
22Oct2019 21:00:00;0,0000000
22Oct2019 22:00:00;0,0000000
22Oct2019 23:00:00;0,0000080
23Oct2019 0:00:00;0,0000000
23Oct2019 1:00:00;0,0000000
23Oct2019 2:00:00;0,0000080
23Oct2019 3:00:00;0,0000000
23Oct2019 4:00:00;0,0000080
23Oct2019 5:00:00;0,0000000
23Oct2019 6:00:00;0,0000000
23Oct2019 7:00:00;13,9528252
23Oct2019 8:00:00;101,9126872
23Oct2019 9:00:00;206,8528862
23Oct2019 10:00:00;281,6527811
23Oct2019 11:00:00;323,3121138
23Oct2019 12:00:00;337,0433850
23Oct2019 13:00:00;330,5554014
23Oct2019 14:00:00;291,0055577
23Oct2019 15:00:00;222,8166181
23Oct2019 16:00:00;123,6488891
23Oct2019 17:00:00;28,7956384
23Oct2019 18:00:00;0,0035730
23Oct2019 19:00:00;0,0000000
23Oct2019 20:00:00;0,0000000
23Oct2019 21:00:00;0,0000000
23Oct2019 22:00:00;0,0000080
23Oct2019 23:00:00;0,0000000
24Oct2019 0:00:00;0,0000000
24Oct2019 1:00:00;0,0000080
24Oct2019 2:00:00;0,0000000
24Oct2019 3:00:00;0,0000000
24Oct2019 4:00:00;0,0000080
24Oct2019 5:00:00;0,0000000
24Oct2019 6:00:00;0,0000080
24Oct2019 7:00:00;17,1790276
24Oct2019 8:00:00;113,2199676
24Oct2019 9:00:00;214,6090242
24Oct2019 10:00:00;291,2669197
24Oct2019 11:00:00;335,3314245
24Oct2019 12:00:00;350,6321619
24Oct2019 13:00:00;337,7636790
24Oct2019 14:00:00;299,2626853
24Oct2019 15:00:00;230,4878632
24Oct2019 16:00:00;129,1500974
24Oct2019 17:00:00;25,5307893
24Oct2019 18:00:00;0,0168130
24Oct2019 19:00:00;0,0000000
24Oct2019 20:00:00;0,0000000
24Oct2019 21:00:00;0,0000080
24Oct2019 22:00:00;0,0000000
24Oct2019 23:00:00;0,0000000
25Oct2019 0:00:00;0,0000080
25Oct2019 1:00:00;0,0000000
25Oct2019 2:00:00;0,0000080
25Oct2019 3:00:00;0,0000000
25Oct2019 4:00:00;0,0000000
25Oct2019 5:00:00;0,0000080
25Oct2019 6:00:00;0,0000000
25Oct2019 7:00:00;16,1392621
25Oct2019 8:00:00;110,3223118
25Oct2019 9:00:00;213,3097031
25Oct2019 10:00:00;286,0159548
25Oct2019 11:00:00;323,6829944
25Oct2019 12:00:00;343,8355511
25Oct2019 13:00:00;333,3471328
25Oct2019 14:00:00;287,4849635
25Oct2019 15:00:00;219,5824922
25Oct2019 16:00:00;117,5062930
25Oct2019 17:00:00;22,9808075
25Oct2019 18:00:00;0,0221690
25Oct2019 19:00:00;0,0000000
25Oct2019 20:00:00;0,0000080
25Oct2019 21:00:00;0,0000000
25Oct2019 22:00:00;0,0000000
25Oct2019 23:00:00;0,0000080
26Oct2019 0:00:00;0,0000000
26Oct2019 1:00:00;0,0000000
26Oct2019 2:00:00;0,0000080
26Oct2019 3:00:00;0,0000000
26Oct2019 4:00:00;0,0000080
26Oct2019 5:00:00;0,0000000
26Oct2019 6:00:00;0,0000000
26Oct2019 7:00:00;12,4661942
26Oct2019 8:00:00;94,9675907
26Oct2019 9:00:00;188,1943151
26Oct2019 10:00:00;260,4009460
26Oct2019 11:00:00;287,5876256
26Oct2019 12:00:00;294,0099994
26Oct2019 13:00:00;278,6282830
26Oct2019 14:00:00;247,9903154
26Oct2019 15:00:00;184,5434060
26Oct2019 16:00:00;105,8639630
26Oct2019 17:00:00;17,9795199
26Oct2019 18:00:00;0,0133050
26Oct2019 19:00:00;0,0000000
26Oct2019 20:00:00;0,0000000
26Oct2019 21:00:00;0,0000080
26Oct2019 22:00:00;0,0000000
26Oct2019 23:00:00;0,0000000
27Oct2019 0:00:00;0,0000080
27Oct2019 1:00:00;0,0000000
27Oct2019 2:00:00;0,0000080
27Oct2019 3:00:00;0,0000000
27Oct2019 4:00:00;0,0000000
27Oct2019 5:00:00;0,0000080
27Oct2019 6:00:00;3,6097444
27Oct2019 7:00:00;31,1183210
27Oct2019 8:00:00;98,1234413
27Oct2019 9:00:00;187,7664284
27Oct2019 10:00:00;239,5457766
27Oct2019 11:00:00;279,8251662
27Oct2019 12:00:00;285,7578590
27Oct2019 13:00:00;282,3763898
27Oct2019 14:00:00;230,7433412
27Oct2019 15:00:00;156,9413500
27Oct2019 16:00:00;71,4217004
27Oct2019 17:00:00;11,1435181
27Oct2019 18:00:00;0,7478640
27Oct2019 19:00:00;0,9242300
27Oct2019 20:00:00;0,0000000
27Oct2019 21:00:00;0,0000080
27Oct2019 22:00:00;0,0000000
27Oct2019 23:00:00;0,0000080
28Oct2019 0:00:00;0,0000000
28Oct2019 1:00:00;0,0000000
28Oct2019 2:00:00;0,0000080
28Oct2019 3:00:00;0,0000000
28Oct2019 4:00:00;0,0000000
28Oct2019 5:00:00;0,0000080
28Oct2019 6:00:00;3,7088218
28Oct2019 7:00:00;38,3733752
28Oct2019 8:00:00;121,7057490
28Oct2019 9:00:00;209,0798534
28Oct2019 10:00:00;269,0362981
28Oct2019 11:00:00;297,9835554
28Oct2019 12:00:00;298,0817136
28Oct2019 13:00:00;270,9813579
28Oct2019 14:00:00;228,1710053
28Oct2019 15:00:00;149,4618418
28Oct2019 16:00:00;62,2624430
28Oct2019 17:00:00;9,2920086
28Oct2019 18:00:00;0,0091750
28Oct2019 19:00:00;0,0000080
28Oct2019 20:00:00;0,0000000
28Oct2019 21:00:00;0,0000000
28Oct2019 22:00:00;0,0000080
28Oct2019 23:00:00;0,0000000
29Oct2019 0:00:00;0,0000080
29Oct2019 1:00:00;0,0000000
29Oct2019 2:00:00;0,0000000
29Oct2019 3:00:00;0,0000080
29Oct2019 4:00:00;0,0000000
29Oct2019 5:00:00;0,0000000
29Oct2019 6:00:00;3,5640713
29Oct2019 7:00:00;38,4128654
29Oct2019 8:00:00;123,9376720
29Oct2019 9:00:00;213,9030108
29Oct2019 10:00:00;278,6002740
29Oct2019 11:00:00;312,0834543
29Oct2019 12:00:00;317,2216439
29Oct2019 13:00:00;292,0091643
29Oct2019 14:00:00;243,6819070
29Oct2019 15:00:00;163,1533525
29Oct2019 16:00:00;70,8353498
29Oct2019 17:00:00;10,6650290
29Oct2019 18:00:00;0,0060440
29Oct2019 19:00:00;0,0000000
29Oct2019 20:00:00;0,0000000
29Oct2019 21:00:00;0,0000080
29Oct2019 22:00:00;0,0000000
29Oct2019 23:00:00;0,0000080
30Oct2019 0:00:00;0,0000000
30Oct2019 1:00:00;0,0000000
30Oct2019 2:00:00;0,0000080
30Oct2019 3:00:00;0,0000000
30Oct2019 4:00:00;0,0000000
30Oct2019 5:00:00;0,0000080
30Oct2019 6:00:00;4,1689322
30Oct2019 7:00:00;42,1046822
30Oct2019 8:00:00;130,3444222
30Oct2019 9:00:00;221,7185638
30Oct2019 10:00:00;292,5434152
30Oct2019 11:00:00;316,8364744
30Oct2019 12:00:00;325,1101042
30Oct2019 13:00:00;303,5511891
30Oct2019 14:00:00;250,7235951
30Oct2019 15:00:00;168,7084389
30Oct2019 16:00:00;71,8342973
30Oct2019 17:00:00;9,7474416
30Oct2019 18:00:00;0,0107090
30Oct2019 19:00:00;0,0000000
30Oct2019 20:00:00;0,0000080
30Oct2019 21:00:00;0,0000000
30Oct2019 22:00:00;0,0000000
30Oct2019 23:00:00;0,0000080
31Oct2019 0:00:00;0,0000000
31Oct2019 1:00:00;0,0000000
31Oct2019 2:00:00;0,0000080
31Oct2019 3:00:00;0,0000000
31Oct2019 4:00:00;0,0000080
31Oct2019 5:00:00;0,0000000
31Oct2019 6:00:00;3,8543471
31Oct2019 7:00:00;39,2432751
31Oct2019 8:00:00;122,1773415
31Oct2019 9:00:00;210,5261243
31Oct2019 10:00:00;272,9133027
31Oct2019 11:00:00;300,4440885
31Oct2019 12:00:00;291,8753919
31Oct2019 13:00:00;249,7346840
31Oct2019 14:00:00;178,6163173
31Oct2019 15:00:00;93,4207672
31Oct2019 16:00:00;32,2607182
31Oct2019 17:00:00;3,9481767
31Oct2019 18:00:00;0,0012840
31Oct2019 19:00:00;0,0000080
31Oct2019 20:00:00;0,0000000
31Oct2019 21:00:00;0,0000080
31Oct2019 22:00:00;0,0000000
31Oct2019 23:00:00;0,0000000
01Nov2019 0:00:00;0,0000080
01Nov2019 1:00:00;0,0000000
01Nov2019 2:00:00;0,0000000
01Nov2019 3:00:00;0,0000080
01Nov2019 4:00:00;0,0000000
01Nov2019 5:00:00;0,0000000
01Nov2019 6:00:00;0,2495590
01Nov2019 7:00:00;6,7067270
01Nov2019 8:00:00;24,3781929
01Nov2019 9:00:00;45,1644633
01Nov2019 10:00:00;48,6480554
01Nov2019 11:00:00;41,1361940
01Nov2019 12:00:00;36,9783405
01Nov2019 13:00:00;35,5951333
01Nov2019 14:00:00;27,4086427
01Nov2019 15:00:00;14,3957130
01Nov2019 16:00:00;5,8009883
01Nov2019 17:00:00;0,6029301
01Nov2019 18:00:00;0,0000080
01Nov2019 19:00:00;0,0000000
01Nov2019 20:00:00;0,0000000
01Nov2019 21:00:00;0,0000080
01Nov2019 22:00:00;0,0000000
01Nov2019 23:00:00;0,0000000
02Nov2019 0:00:00;0,0000080
02Nov2019 1:00:00;0,0000000
02Nov2019 2:00:00;0,0000000
02Nov2019 3:00:00;0,0000080
02Nov2019 4:00:00;0,0000000
02Nov2019 5:00:00;0,0000080
02Nov2019 6:00:00;2,5859830
02Nov2019 7:00:00;32,7307903
02Nov2019 8:00:00;108,3917257
02Nov2019 9:00:00;190,1704907
02Nov2019 10:00:00;232,1170105
02Nov2019 11:00:00;249,4134601
02Nov2019 12:00:00;248,1774057
02Nov2019 13:00:00;250,0179792
02Nov2019 14:00:00;227,1233113
02Nov2019 15:00:00;171,8100989
02Nov2019 16:00:00;76,4293739
02Nov2019 17:00:00;9,7765025
02Nov2019 18:00:00;0,0060360
02Nov2019 19:00:00;0,0000000
02Nov2019 20:00:00;0,0000080
02Nov2019 21:00:00;0,0000000
02Nov2019 22:00:00;0,0000000
02Nov2019 23:00:00;0,0000080
03Nov2019 0:00:00;0,0000000
03Nov2019 1:00:00;0,0000000
03Nov2019 2:00:00;0,0000080
03Nov2019 3:00:00;0,0000000
03Nov2019 4:00:00;0,0000080
03Nov2019 5:00:00;0,0000000
03Nov2019 6:00:00;3,9068170
03Nov2019 7:00:00;42,3313823
03Nov2019 8:00:00;134,3632444
03Nov2019 9:00:00;232,2121942
03Nov2019 10:00:00;304,8790379
03Nov2019 11:00:00;335,1002089
03Nov2019 12:00:00;338,6399928
03Nov2019 13:00:00;313,4340451
03Nov2019 14:00:00;258,3953373
03Nov2019 15:00:00;172,5464313
03Nov2019 16:00:00;72,6419617
03Nov2019 17:00:00;9,3807734
03Nov2019 18:00:00;0,0060300
03Nov2019 19:00:00;0,0000000
03Nov2019 20:00:00;0,0000000
03Nov2019 21:00:00;0,0000000
03Nov2019 22:00:00;0,0000080
03Nov2019 23:00:00;0,0000000
04Nov2019 0:00:00;0,0000080
04Nov2019 1:00:00;0,0000000
04Nov2019 2:00:00;0,0000000
04Nov2019 3:00:00;0,0000080
04Nov2019 4:00:00;0,0000000
04Nov2019 5:00:00;0,0000000
04Nov2019 6:00:00;3,7397280
04Nov2019 7:00:00;39,5891846
04Nov2019 8:00:00;127,7228318
04Nov2019 9:00:00;218,8814982
04Nov2019 10:00:00;276,3322918
04Nov2019 11:00:00;288,6658096
04Nov2019 12:00:00;263,9302073
04Nov2019 13:00:00;219,9691545
04Nov2019 14:00:00;179,1618901
04Nov2019 15:00:00;120,5696916
04Nov2019 16:00:00;45,3134292
04Nov2019 17:00:00;4,6297072
04Nov2019 18:00:00;0,0026380
04Nov2019 19:00:00;0,0014980
04Nov2019 20:00:00;0,0000080
04Nov2019 21:00:00;0,0000000
04Nov2019 22:00:00;0,0000000
04Nov2019 23:00:00;0,0000080
05Nov2019 0:00:00;0,0000000
05Nov2019 1:00:00;0,0000000
05Nov2019 2:00:00;0,0000080
05Nov2019 3:00:00;0,0000000
05Nov2019 4:00:00;0,0000000
05Nov2019 5:00:00;0,0000080
05Nov2019 6:00:00;0,8729730
05Nov2019 7:00:00;23,4201144
05Nov2019 8:00:00;89,2473296
05Nov2019 9:00:00;168,3092659
05Nov2019 10:00:00;211,6840829
05Nov2019 11:00:00;217,5457117
05Nov2019 12:00:00;197,8963415
05Nov2019 13:00:00;188,8148626
05Nov2019 14:00:00;149,1690281
05Nov2019 15:00:00;90,1319686
05Nov2019 16:00:00;32,1034049
05Nov2019 17:00:00;3,3820140
05Nov2019 18:00:00;0,0028470
05Nov2019 19:00:00;0,0060000
05Nov2019 20:00:00;0,0000000
05Nov2019 21:00:00;0,0000080
05Nov2019 22:00:00;0,0000000
05Nov2019 23:00:00;0,0000000
06Nov2019 0:00:00;0,0000000
06Nov2019 1:00:00;0,0000000
06Nov2019 2:00:00;0,0000000
06Nov2019 3:00:00;0,0000080
06Nov2019 4:00:00;0,0000000
06Nov2019 5:00:00;0,0000080
06Nov2019 6:00:00;2,4967080
06Nov2019 7:00:00;34,5871270
06Nov2019 8:00:00;120,7130068
06Nov2019 9:00:00;217,5971896
06Nov2019 10:00:00;283,4231542
06Nov2019 11:00:00;318,4362165
06Nov2019 12:00:00;320,1926047
06Nov2019 13:00:00;292,9637578
06Nov2019 14:00:00;244,8478586
06Nov2019 15:00:00;162,0135970
06Nov2019 16:00:00;61,8556921
06Nov2019 17:00:00;8,2844513
06Nov2019 18:00:00;0,0044440
06Nov2019 19:00:00;0,0000080
06Nov2019 20:00:00;0,0000000
06Nov2019 21:00:00;0,0000000
06Nov2019 22:00:00;0,0000080
06Nov2019 23:00:00;0,0000000
07Nov2019 0:00:00;0,0000000
07Nov2019 1:00:00;0,0000080
07Nov2019 2:00:00;0,0000000
07Nov2019 3:00:00;0,0000080
07Nov2019 4:00:00;0,0000000
07Nov2019 5:00:00;0,0000000
07Nov2019 6:00:00;2,8276380
07Nov2019 7:00:00;32,6624164
07Nov2019 8:00:00;117,9029445
07Nov2019 9:00:00;213,3802628
07Nov2019 10:00:00;275,1705944
07Nov2019 11:00:00;306,8768800
07Nov2019 12:00:00;309,6236285
07Nov2019 13:00:00;284,8727389
07Nov2019 14:00:00;232,7656323
07Nov2019 15:00:00;149,8799584
07Nov2019 16:00:00;57,6562874
07Nov2019 17:00:00;6,0315911
07Nov2019 18:00:00;0,0028160
07Nov2019 19:00:00;0,0000080
07Nov2019 20:00:00;0,0000000
07Nov2019 21:00:00;0,0000080
07Nov2019 22:00:00;0,0000000
07Nov2019 23:00:00;0,0000000
08Nov2019 0:00:00;0,0000080
08Nov2019 1:00:00;0,0000000
08Nov2019 2:00:00;0,0015110
08Nov2019 3:00:00;0,0000080
08Nov2019 4:00:00;0,0000000
08Nov2019 5:00:00;0,0000000
08Nov2019 6:00:00;2,4639380
08Nov2019 7:00:00;35,4672070
08Nov2019 8:00:00;122,5829338
08Nov2019 9:00:00;220,9956403
08Nov2019 10:00:00;287,6687444
08Nov2019 11:00:00;318,0369440
08Nov2019 12:00:00;321,3987695
08Nov2019 13:00:00;297,9015459
08Nov2019 14:00:00;243,5122064
08Nov2019 15:00:00;158,6435688
08Nov2019 16:00:00;60,3878225
08Nov2019 17:00:00;5,8033895
08Nov2019 18:00:00;0,0013150
08Nov2019 19:00:00;0,0000000
08Nov2019 20:00:00;0,0000000
08Nov2019 21:00:00;0,0000080
08Nov2019 22:00:00;0,0000000
08Nov2019 23:00:00;0,0000000
09Nov2019 0:00:00;0,0000080
09Nov2019 1:00:00;0,0000000
09Nov2019 2:00:00;0,0000000
09Nov2019 3:00:00;0,0000080
09Nov2019 4:00:00;0,0000000
09Nov2019 5:00:00;0,0000000
09Nov2019 6:00:00;1,8933780
09Nov2019 7:00:00;30,2610912
09Nov2019 8:00:00;110,0119727
09Nov2019 9:00:00;205,0506547
09Nov2019 10:00:00;271,1879595
09Nov2019 11:00:00;304,4935461
09Nov2019 12:00:00;310,2237137
09Nov2019 13:00:00;286,3416160
09Nov2019 14:00:00;230,7069289
09Nov2019 15:00:00;148,8931888
09Nov2019 16:00:00;55,1422728
09Nov2019 17:00:00;4,7793046
09Nov2019 18:00:00;0,0012970
09Nov2019 19:00:00;0,0000080
09Nov2019 20:00:00;0,0000000
09Nov2019 21:00:00;0,0000000
09Nov2019 22:00:00;0,0000080
09Nov2019 23:00:00;0,0000000
10Nov2019 0:00:00;0,0000000
10Nov2019 1:00:00;0,0000080
10Nov2019 2:00:00;0,0000000
10Nov2019 3:00:00;0,0000080
10Nov2019 4:00:00;0,0000000
10Nov2019 5:00:00;0,0000000
10Nov2019 6:00:00;1,7606890
10Nov2019 7:00:00;31,1769343
10Nov2019 8:00:00;114,7013655
10Nov2019 9:00:00;213,3610946
10Nov2019 10:00:00;280,7663082
10Nov2019 11:00:00;310,4183312
10Nov2019 12:00:00;314,1932716
10Nov2019 13:00:00;288,8614771
10Nov2019 14:00:00;234,8919606
10Nov2019 15:00:00;146,0834256
10Nov2019 16:00:00;50,0889607
10Nov2019 17:00:00;3,1289061
10Nov2019 18:00:00;0,0012340
10Nov2019 19:00:00;0,0000080
10Nov2019 20:00:00;0,0000000
10Nov2019 21:00:00;0,0000000
10Nov2019 22:00:00;0,0000080
10Nov2019 23:00:00;0,0000000
11Nov2019 0:00:00;0,0000000
11Nov2019 1:00:00;0,0000080
11Nov2019 2:00:00;0,0000000
11Nov2019 3:00:00;0,0000080
11Nov2019 4:00:00;0,0000000
11Nov2019 5:00:00;0,0000000
11Nov2019 6:00:00;1,3205660
11Nov2019 7:00:00;28,0678164
11Nov2019 8:00:00;98,0711504
11Nov2019 9:00:00;181,4567411
11Nov2019 10:00:00;241,2687040
11Nov2019 11:00:00;266,2216676
11Nov2019 12:00:00;263,3320331
11Nov2019 13:00:00;244,3636669
11Nov2019 14:00:00;202,3681888
11Nov2019 15:00:00;127,1858402
11Nov2019 16:00:00;38,4342784
11Nov2019 17:00:00;4,3721366
11Nov2019 18:00:00;1,0389700
11Nov2019 19:00:00;0,0000000
11Nov2019 20:00:00;0,0000000
11Nov2019 21:00:00;0,0000000
11Nov2019 22:00:00;0,0000000
11Nov2019 23:00:00;0,0000000
12Nov2019 0:00:00;0,0000000
12Nov2019 1:00:00;0,0000000
12Nov2019 2:00:00;0,0000000
12Nov2019 3:00:00;0,0000000
12Nov2019 4:00:00;0,0000000
12Nov2019 5:00:00;0,0000000
12Nov2019 6:00:00;1,2788250
12Nov2019 7:00:00;26,3549161
12Nov2019 8:00:00;96,9907669
12Nov2019 9:00:00;183,1154338
12Nov2019 10:00:00;245,4359833
12Nov2019 11:00:00;279,0683615
12Nov2019 12:00:00;288,3162299
12Nov2019 13:00:00;262,2909513
12Nov2019 14:00:00;218,5018812
12Nov2019 15:00:00;138,4073088
12Nov2019 16:00:00;48,8710622
12Nov2019 17:00:00;3,6346760
12Nov2019 18:00:00;0,0013270
12Nov2019 19:00:00;0,0000080
12Nov2019 20:00:00;0,0000000
12Nov2019 21:00:00;0,0000000
12Nov2019 22:00:00;0,0000080
12Nov2019 23:00:00;0,0000000
13Nov2019 0:00:00;0,0000080
13Nov2019 1:00:00;0,0000000
13Nov2019 2:00:00;0,0000000
13Nov2019 3:00:00;0,0000080
13Nov2019 4:00:00;0,0000000
13Nov2019 5:00:00;0,0000000
13Nov2019 6:00:00;1,4134170
13Nov2019 7:00:00;28,1349580
13Nov2019 8:00:00;102,5754364
13Nov2019 9:00:00;199,9784169
13Nov2019 10:00:00;268,5795510
13Nov2019 11:00:00;297,7142347
13Nov2019 12:00:00;298,3587738
13Nov2019 13:00:00;273,0320123
13Nov2019 14:00:00;200,6929324
13Nov2019 15:00:00;103,8422802
13Nov2019 16:00:00;29,6790775
13Nov2019 17:00:00;2,0957625
13Nov2019 18:00:00;0,0000070
13Nov2019 19:00:00;0,0000000
13Nov2019 20:00:00;0,0000000
13Nov2019 21:00:00;0,0000000
13Nov2019 22:00:00;0,0000000
13Nov2019 23:00:00;0,0000000
14Nov2019 0:00:00;0,0000080
14Nov2019 1:00:00;0,0000000
14Nov2019 2:00:00;0,0000000
14Nov2019 3:00:00;0,0000080
14Nov2019 4:00:00;0,0000000
14Nov2019 5:00:00;0,0000080
14Nov2019 6:00:00;0,3316750
14Nov2019 7:00:00;13,5290957
14Nov2019 8:00:00;70,5504063
14Nov2019 9:00:00;166,3651048
14Nov2019 10:00:00;242,7447452
14Nov2019 11:00:00;283,6421358
14Nov2019 12:00:00;298,4122645
14Nov2019 13:00:00;263,7513673
14Nov2019 14:00:00;186,9268279
14Nov2019 15:00:00;89,1043342
14Nov2019 16:00:00;22,7560162
14Nov2019 17:00:00;1,4043063
14Nov2019 18:00:00;0,0000000
14Nov2019 19:00:00;0,0000080
14Nov2019 20:00:00;0,0000000
14Nov2019 21:00:00;0,0000000
14Nov2019 22:00:00;0,0000080
14Nov2019 23:00:00;0,0000000
15Nov2019 0:00:00;0,0000080
15Nov2019 1:00:00;0,0000000
15Nov2019 2:00:00;0,0000000
15Nov2019 3:00:00;0,0000080
15Nov2019 4:00:00;0,0000000
15Nov2019 5:00:00;0,0000000
15Nov2019 6:00:00;0,0459020
15Nov2019 7:00:00;2,8607760
15Nov2019 8:00:00;16,0380989
15Nov2019 9:00:00;45,6009284
15Nov2019 10:00:00;74,8717753
15Nov2019 11:00:00;90,6713571
15Nov2019 12:00:00;83,2247897
15Nov2019 13:00:00;77,7582497
15Nov2019 14:00:00;60,5994159
15Nov2019 15:00:00;35,5298296
15Nov2019 16:00:00;12,1508789
15Nov2019 17:00:00;0,5344257
15Nov2019 18:00:00;0,0000080
15Nov2019 19:00:00;0,0000000
15Nov2019 20:00:00;0,0000000
15Nov2019 21:00:00;0,0000080
15Nov2019 22:00:00;0,0000000
15Nov2019 23:00:00;0,0000000
16Nov2019 0:00:00;0,0000080
16Nov2019 1:00:00;0,0000000
16Nov2019 2:00:00;0,0000080
16Nov2019 3:00:00;0,0000000
16Nov2019 4:00:00;0,0000000
16Nov2019 5:00:00;0,0000080
16Nov2019 6:00:00;0,2746520
16Nov2019 7:00:00;15,9780409
16Nov2019 8:00:00;73,6626541
16Nov2019 9:00:00;162,5411336
16Nov2019 10:00:00;230,2012951
16Nov2019 11:00:00;267,7017137
16Nov2019 12:00:00;282,5872735
16Nov2019 13:00:00;261,7922050
16Nov2019 14:00:00;212,6677812
16Nov2019 15:00:00;126,0652891
16Nov2019 16:00:00;44,6121664
16Nov2019 17:00:00;2,6123741
16Nov2019 18:00:00;3,5017420
16Nov2019 19:00:00;0,0000080
16Nov2019 20:00:00;0,0000000
16Nov2019 21:00:00;0,0000080
16Nov2019 22:00:00;0,0000000
16Nov2019 23:00:00;0,0000000
17Nov2019 0:00:00;0,0000080
17Nov2019 1:00:00;0,0000000
17Nov2019 2:00:00;0,0000000
17Nov2019 3:00:00;0,0000080
17Nov2019 4:00:00;0,0000000
17Nov2019 5:00:00;0,0000000
17Nov2019 6:00:00;0,5589840
17Nov2019 7:00:00;17,3081394
17Nov2019 8:00:00;73,7501789
17Nov2019 9:00:00;158,0783469
17Nov2019 10:00:00;240,1755110
17Nov2019 11:00:00;286,8883270
17Nov2019 12:00:00;312,9493512
17Nov2019 13:00:00;293,0166331
17Nov2019 14:00:00;235,1171474
17Nov2019 15:00:00;143,7059004
17Nov2019 16:00:00;50,0978667
17Nov2019 17:00:00;3,2351277
17Nov2019 18:00:00;0,0000000
17Nov2019 19:00:00;0,0000000
17Nov2019 20:00:00;0,0000080
17Nov2019 21:00:00;0,0000000
17Nov2019 22:00:00;0,0000000
17Nov2019 23:00:00;0,0000080
18Nov2019 0:00:00;0,0000000
18Nov2019 1:00:00;0,0000000
18Nov2019 2:00:00;0,0000080
18Nov2019 3:00:00;0,0000000
18Nov2019 4:00:00;0,0000080
18Nov2019 5:00:00;0,0000000
18Nov2019 6:00:00;0,6424210
18Nov2019 7:00:00;19,7714224
18Nov2019 8:00:00;80,0282916
18Nov2019 9:00:00;169,3281932
18Nov2019 10:00:00;234,5141819
18Nov2019 11:00:00;269,4980006
18Nov2019 12:00:00;280,0234087
18Nov2019 13:00:00;268,1330263
18Nov2019 14:00:00;223,5974649
18Nov2019 15:00:00;135,4170803
18Nov2019 16:00:00;46,3269520
18Nov2019 17:00:00;3,5829893
18Nov2019 18:00:00;0,0000000
18Nov2019 19:00:00;0,0000080
18Nov2019 20:00:00;0,0000000
18Nov2019 21:00:00;0,0000000
18Nov2019 22:00:00;0,0000080
18Nov2019 23:00:00;0,0000000
19Nov2019 0:00:00;0,0000000
19Nov2019 1:00:00;0,0000080
19Nov2019 2:00:00;0,0000000
19Nov2019 3:00:00;0,0000000
19Nov2019 4:00:00;0,0000000
19Nov2019 5:00:00;0,0000000
19Nov2019 6:00:00;0,5818240
19Nov2019 7:00:00;19,5645430
19Nov2019 8:00:00;77,4789476
19Nov2019 9:00:00;153,0616010
19Nov2019 10:00:00;207,7808597
19Nov2019 11:00:00;255,3071839
19Nov2019 12:00:00;274,3543342
19Nov2019 13:00:00;261,3435998
19Nov2019 14:00:00;209,8371846
19Nov2019 15:00:00;126,3739907
19Nov2019 16:00:00;43,3722179
19Nov2019 17:00:00;2,6431969
19Nov2019 18:00:00;0,0000000
19Nov2019 19:00:00;0,0000000
19Nov2019 20:00:00;0,0000080
19Nov2019 21:00:00;0,0000000
19Nov2019 22:00:00;0,0000080
19Nov2019 23:00:00;0,0000000
20Nov2019 0:00:00;0,0000000
20Nov2019 1:00:00;0,0000080
20Nov2019 2:00:00;0,0000000
20Nov2019 3:00:00;0,0000000
20Nov2019 4:00:00;0,0000080
20Nov2019 5:00:00;0,0000000
20Nov2019 6:00:00;0,4618130
20Nov2019 7:00:00;17,8907894
20Nov2019 8:00:00;71,5604210
20Nov2019 9:00:00;148,3465724
20Nov2019 10:00:00;209,2817765
20Nov2019 11:00:00;254,7635137
20Nov2019 12:00:00;278,1613523
20Nov2019 13:00:00;272,5417590
20Nov2019 14:00:00;222,4500206
20Nov2019 15:00:00;135,6072854
20Nov2019 16:00:00;46,4032633
20Nov2019 17:00:00;1,8096504
20Nov2019 18:00:00;0,0000000
20Nov2019 19:00:00;0,0000080
20Nov2019 20:00:00;0,0000000
20Nov2019 21:00:00;0,0000080
20Nov2019 22:00:00;0,0000000
20Nov2019 23:00:00;0,0000000
21Nov2019 0:00:00;0,0000080
21Nov2019 1:00:00;0,0000000
21Nov2019 2:00:00;0,0000000
21Nov2019 3:00:00;0,0000080
21Nov2019 4:00:00;0,0000000
21Nov2019 5:00:00;0,0000000
21Nov2019 6:00:00;0,2893220
21Nov2019 7:00:00;15,2947577
21Nov2019 8:00:00;65,7645200
21Nov2019 9:00:00;138,2760342
21Nov2019 10:00:00;197,3009284
21Nov2019 11:00:00;247,5345858
21Nov2019 12:00:00;272,3220697
21Nov2019 13:00:00;261,7086685
21Nov2019 14:00:00;217,2905036
21Nov2019 15:00:00;135,1589301
21Nov2019 16:00:00;43,9627394
21Nov2019 17:00:00;1,8138945
21Nov2019 18:00:00;0,0000000
21Nov2019 19:00:00;0,0000080
21Nov2019 20:00:00;0,0000000
21Nov2019 21:00:00;0,0000080
21Nov2019 22:00:00;0,0000000
21Nov2019 23:00:00;0,0000000
22Nov2019 0:00:00;0,0000080
22Nov2019 1:00:00;0,0000000
22Nov2019 2:00:00;0,0000000
22Nov2019 3:00:00;0,0000080
22Nov2019 4:00:00;0,0000000
22Nov2019 5:00:00;0,0000000
22Nov2019 6:00:00;0,1344520
22Nov2019 7:00:00;13,5173137
22Nov2019 8:00:00;62,0327149
22Nov2019 9:00:00;140,0449674
22Nov2019 10:00:00;214,7484193
22Nov2019 11:00:00;263,5680661
22Nov2019 12:00:00;287,1099009
22Nov2019 13:00:00;266,8991358
22Nov2019 14:00:00;191,9680290
22Nov2019 15:00:00;99,2615660
22Nov2019 16:00:00;31,5224199
22Nov2019 17:00:00;0,8675162
22Nov2019 18:00:00;0,0000000
22Nov2019 19:00:00;0,0000080
22Nov2019 20:00:00;0,0000000
22Nov2019 21:00:00;0,0000000
22Nov2019 22:00:00;0,0000080
22Nov2019 23:00:00;0,0000000
23Nov2019 0:00:00;0,0000080
23Nov2019 1:00:00;0,0000000
23Nov2019 2:00:00;0,0000000
23Nov2019 3:00:00;0,0000080
23Nov2019 4:00:00;0,0000000
23Nov2019 5:00:00;0,0000000
23Nov2019 6:00:00;0,2661190
23Nov2019 7:00:00;14,8195613
23Nov2019 8:00:00;57,5161497
23Nov2019 9:00:00;127,2207882
23Nov2019 10:00:00;206,4777372
23Nov2019 11:00:00;246,6403309
23Nov2019 12:00:00;243,9903864
23Nov2019 13:00:00;202,6025555
23Nov2019 14:00:00;138,8342623
23Nov2019 15:00:00;70,8274803
23Nov2019 16:00:00;19,6185027
23Nov2019 17:00:00;0,5899983
23Nov2019 18:00:00;0,0000080
23Nov2019 19:00:00;0,0000000
23Nov2019 20:00:00;0,0000000
23Nov2019 21:00:00;0,0000080
23Nov2019 22:00:00;0,0000000
23Nov2019 23:00:00;0,0000000
24Nov2019 0:00:00;0,0000080
24Nov2019 1:00:00;0,0000000
24Nov2019 2:00:00;0,0000000
24Nov2019 3:00:00;0,0000080
24Nov2019 4:00:00;0,0000000
24Nov2019 5:00:00;0,0000080
24Nov2019 6:00:00;0,0170210
24Nov2019 7:00:00;6,0979540
24Nov2019 8:00:00;32,1466867
24Nov2019 9:00:00;85,4035522
24Nov2019 10:00:00;126,5406807
24Nov2019 11:00:00;185,4485869
24Nov2019 12:00:00;205,6437814
24Nov2019 13:00:00;192,7539684
24Nov2019 14:00:00;152,1326273
24Nov2019 15:00:00;79,6903857
24Nov2019 16:00:00;26,3996574
24Nov2019 17:00:00;1,0603459
24Nov2019 18:00:00;0,0000000
24Nov2019 19:00:00;0,0000080
24Nov2019 20:00:00;0,0000000
24Nov2019 21:00:00;0,0000000
24Nov2019 22:00:00;0,0000080
24Nov2019 23:00:00;0,0000000
25Nov2019 0:00:00;0,0000000
25Nov2019 1:00:00;0,0000080
25Nov2019 2:00:00;0,0000000
25Nov2019 3:00:00;0,0000000
25Nov2019 4:00:00;0,0000080
25Nov2019 5:00:00;0,0000000
25Nov2019 6:00:00;0,0846560
25Nov2019 7:00:00;10,0417859
25Nov2019 8:00:00;50,7911807
25Nov2019 9:00:00;117,7595589
25Nov2019 10:00:00;186,9296803
25Nov2019 11:00:00;246,4528298
25Nov2019 12:00:00;262,9608772
25Nov2019 13:00:00;225,3809436
25Nov2019 14:00:00;151,7908419
25Nov2019 15:00:00;64,3442699
25Nov2019 16:00:00;16,6904202
25Nov2019 17:00:00;0,2663346
25Nov2019 18:00:00;0,0000000
25Nov2019 19:00:00;0,0000000
25Nov2019 20:00:00;0,0000080
25Nov2019 21:00:00;0,0000000
25Nov2019 22:00:00;0,0000000
25Nov2019 23:00:00;0,0000080
26Nov2019 0:00:00;0,0000000
26Nov2019 1:00:00;0,0344210
26Nov2019 2:00:00;0,0000000
26Nov2019 3:00:00;0,0000000
26Nov2019 4:00:00;0,0000080
26Nov2019 5:00:00;0,0000000
26Nov2019 6:00:00;0,0000000
26Nov2019 7:00:00;0,7279980
26Nov2019 8:00:00;7,5099634
26Nov2019 9:00:00;22,4756817
26Nov2019 10:00:00;37,0755510
26Nov2019 11:00:00;47,6800683
26Nov2019 12:00:00;42,5555336
26Nov2019 13:00:00;35,6526884
26Nov2019 14:00:00;17,5654887
26Nov2019 15:00:00;8,0638704
26Nov2019 16:00:00;4,3067595
26Nov2019 17:00:00;0,0857167
26Nov2019 18:00:00;0,0000000
26Nov2019 19:00:00;0,0000080
26Nov2019 20:00:00;0,0000000
26Nov2019 21:00:00;0,0000000
26Nov2019 22:00:00;0,0000080
26Nov2019 23:00:00;0,0000000
27Nov2019 0:00:00;0,0000080
27Nov2019 1:00:00;0,0000000
27Nov2019 2:00:00;0,0000000
27Nov2019 3:00:00;0,0000080
27Nov2019 4:00:00;0,0000000
27Nov2019 5:00:00;0,0000000
27Nov2019 6:00:00;0,0000080
27Nov2019 7:00:00;2,4791459
27Nov2019 8:00:00;17,4746655
27Nov2019 9:00:00;42,6798477
27Nov2019 10:00:00;72,1856144
27Nov2019 11:00:00;89,1632679
27Nov2019 12:00:00;104,4007001
27Nov2019 13:00:00;91,7247176
27Nov2019 14:00:00;70,0381685
27Nov2019 15:00:00;38,6171656
27Nov2019 16:00:00;11,6092441
27Nov2019 17:00:00;0,3158099
27Nov2019 18:00:00;0,0000000
27Nov2019 19:00:00;0,0000080
27Nov2019 20:00:00;0,0000000
27Nov2019 21:00:00;0,0000000
27Nov2019 22:00:00;0,0000080
27Nov2019 23:00:00;0,0000000
28Nov2019 0:00:00;0,0000000
28Nov2019 1:00:00;0,0000080
28Nov2019 2:00:00;0,0000000
28Nov2019 3:00:00;0,0000000
28Nov2019 4:00:00;0,0000080
28Nov2019 5:00:00;0,0000000
28Nov2019 6:00:00;0,0047480
28Nov2019 7:00:00;9,7208420
28Nov2019 8:00:00;43,1325584
28Nov2019 9:00:00;88,6956593
28Nov2019 10:00:00;123,7438129
28Nov2019 11:00:00;144,2771908
28Nov2019 12:00:00;148,9470064
28Nov2019 13:00:00;151,6133670
28Nov2019 14:00:00;118,2960622
28Nov2019 15:00:00;73,2432752
28Nov2019 16:00:00;25,0417477
28Nov2019 17:00:00;1,5976366
28Nov2019 18:00:00;0,0000000
28Nov2019 19:00:00;0,0000080
28Nov2019 20:00:00;0,0000000
28Nov2019 21:00:00;0,0000000
28Nov2019 22:00:00;0,0000080
28Nov2019 23:00:00;0,0000000
29Nov2019 0:00:00;0,0000080
29Nov2019 1:00:00;0,0000000
29Nov2019 2:00:00;0,0000000
29Nov2019 3:00:00;0,0000080
29Nov2019 4:00:00;0,0000000
29Nov2019 5:00:00;0,0000000
29Nov2019 6:00:00;0,0000080
29Nov2019 7:00:00;0,8426340
29Nov2019 8:00:00;6,5696769
29Nov2019 9:00:00;18,6270264
29Nov2019 10:00:00;28,7323764
29Nov2019 11:00:00;34,8646212
29Nov2019 12:00:00;35,8813055
29Nov2019 13:00:00;29,2919970
29Nov2019 14:00:00;18,0895664
29Nov2019 15:00:00;9,4471732
29Nov2019 16:00:00;3,6338177
29Nov2019 17:00:00;0,1298344
29Nov2019 18:00:00;0,0231265
29Nov2019 19:00:00;0,0056310
29Nov2019 20:00:00;0,0034230
29Nov2019 21:00:00;0,0000000
29Nov2019 22:00:00;0,0000000
29Nov2019 23:00:00;0,0000080
30Nov2019 0:00:00;0,0000000
30Nov2019 1:00:00;0,0000000
30Nov2019 2:00:00;0,0000080
30Nov2019 3:00:00;0,0000000
30Nov2019 4:00:00;0,0000000
30Nov2019 5:00:00;0,0000080
30Nov2019 6:00:00;0,0247520
30Nov2019 7:00:00;9,2802973
30Nov2019 8:00:00;52,0520219
30Nov2019 9:00:00;130,4919426
30Nov2019 10:00:00;188,0820155
30Nov2019 11:00:00;207,1390467
30Nov2019 12:00:00;187,9523669
30Nov2019 13:00:00;163,3392806
30Nov2019 14:00:00;131,9385615
30Nov2019 15:00:00;77,9283513
30Nov2019 16:00:00;18,8008519
30Nov2019 17:00:00;0,1148584
30Nov2019 18:00:00;0,0000000
30Nov2019 19:00:00;0,0015630
30Nov2019 20:00:00;0,0000000
30Nov2019 21:00:00;0,0000000
30Nov2019 22:00:00;0,0000080
30Nov2019 23:00:00;0,0000000
01Dec2019 0:00:00;0,0000000
01Dec2019 1:00:00;0,0000000
01Dec2019 2:00:00;0,0000000
01Dec2019 3:00:00;0,0000000
01Dec2019 4:00:00;0,0000000
01Dec2019 5:00:00;0,0000000
01Dec2019 6:00:00;0,0000000
01Dec2019 7:00:00;0,5562390
01Dec2019 8:00:00;4,3887235
01Dec2019 9:00:00;14,6275405
01Dec2019 10:00:00;27,9929537
01Dec2019 11:00:00;48,3873291
01Dec2019 12:00:00;63,4667671
01Dec2019 13:00:00;72,2625227
01Dec2019 14:00:00;62,8998130
01Dec2019 15:00:00;40,4987154
01Dec2019 16:00:00;14,2827647
01Dec2019 17:00:00;0,3751002
01Dec2019 18:00:00;0,0000000
01Dec2019 19:00:00;0,0000000
01Dec2019 20:00:00;0,0000000
01Dec2019 21:00:00;0,0000000
01Dec2019 22:00:00;0,0000000
01Dec2019 23:00:00;0,0000000
02Dec2019 0:00:00;0,0000000
02Dec2019 1:00:00;0,0000000
02Dec2019 2:00:00;0,0000000
02Dec2019 3:00:00;0,0000000
02Dec2019 4:00:00;0,0000000
02Dec2019 5:00:00;0,0000000
02Dec2019 6:00:00;0,0227340
02Dec2019 7:00:00;13,9562102
02Dec2019 8:00:00;76,0450969
02Dec2019 9:00:00;183,5084890
02Dec2019 10:00:00;267,5506555
02Dec2019 11:00:00;305,3996218
02Dec2019 12:00:00;315,2832032
02Dec2019 13:00:00;280,9735404
02Dec2019 14:00:00;230,5392282
02Dec2019 15:00:00;138,8937682
02Dec2019 16:00:00;42,8499941
02Dec2019 17:00:00;1,3594072
02Dec2019 18:00:00;0,0000000
02Dec2019 19:00:00;0,0000000
02Dec2019 20:00:00;0,0000000
02Dec2019 21:00:00;0,0000000
02Dec2019 22:00:00;0,0000000
02Dec2019 23:00:00;0,0000000
03Dec2019 0:00:00;0,0000000
03Dec2019 1:00:00;0,0000000
03Dec2019 2:00:00;0,0000000
03Dec2019 3:00:00;0,0000000
03Dec2019 4:00:00;0,0000000
03Dec2019 5:00:00;0,0000000
03Dec2019 6:00:00;0,0046650
03Dec2019 7:00:00;12,9572532
03Dec2019 8:00:00;72,1575006
03Dec2019 9:00:00;176,5029869
03Dec2019 10:00:00;256,7891958
03Dec2019 11:00:00;295,2054913
03Dec2019 12:00:00;295,3444892
03Dec2019 13:00:00;270,4573798
03Dec2019 14:00:00;214,9672822
03Dec2019 15:00:00;128,8890927
03Dec2019 16:00:00;42,7519125
03Dec2019 17:00:00;2,1156140
03Dec2019 18:00:00;0,0000000
03Dec2019 19:00:00;0,0000000
03Dec2019 20:00:00;0,0000000
03Dec2019 21:00:00;0,0000000
03Dec2019 22:00:00;0,0000000
03Dec2019 23:00:00;0,0000000
04Dec2019 0:00:00;0,0000000
04Dec2019 1:00:00;0,0000000
04Dec2019 2:00:00;0,0000000
04Dec2019 3:00:00;0,0000000
04Dec2019 4:00:00;0,0000000
04Dec2019 5:00:00;0,0000000
04Dec2019 6:00:00;0,0000000
04Dec2019 7:00:00;2,5269360
04Dec2019 8:00:00;7,5320217
04Dec2019 9:00:00;18,8198929
04Dec2019 10:00:00;31,8812978
04Dec2019 11:00:00;34,9628597
04Dec2019 12:00:00;33,5354062
04Dec2019 13:00:00;25,4733900
04Dec2019 14:00:00;16,9802907
04Dec2019 15:00:00;8,1830777
04Dec2019 16:00:00;1,6992452
04Dec2019 17:00:00;0,2214330
04Dec2019 18:00:00;0,0000000
04Dec2019 19:00:00;0,0000000
04Dec2019 20:00:00;0,0000000
04Dec2019 21:00:00;0,0000000
04Dec2019 22:00:00;0,0000000
04Dec2019 23:00:00;0,0000000
05Dec2019 0:00:00;0,0000000
05Dec2019 1:00:00;0,0000000
05Dec2019 2:00:00;0,0000000
05Dec2019 3:00:00;0,0000000
05Dec2019 4:00:00;0,0000000
05Dec2019 5:00:00;0,0000000
05Dec2019 6:00:00;0,0000000
05Dec2019 7:00:00;4,0774885
05Dec2019 8:00:00;33,7400825
05Dec2019 9:00:00;91,2985192
05Dec2019 10:00:00;150,3055055
05Dec2019 11:00:00;181,1441321
05Dec2019 12:00:00;189,1273156
05Dec2019 13:00:00;181,6618935
05Dec2019 14:00:00;159,4594664
05Dec2019 15:00:00;101,3434968
05Dec2019 16:00:00;34,2748873
05Dec2019 17:00:00;1,2674234
05Dec2019 18:00:00;0,0000000
05Dec2019 19:00:00;0,0000000
05Dec2019 20:00:00;0,0000000
05Dec2019 21:00:00;0,0000000
05Dec2019 22:00:00;0,0000000
05Dec2019 23:00:00;0,0000000
06Dec2019 0:00:00;0,0000000
06Dec2019 1:00:00;0,0000000
06Dec2019 2:00:00;0,0000000
06Dec2019 3:00:00;0,0000000
06Dec2019 4:00:00;0,0000000
06Dec2019 5:00:00;0,0000000
06Dec2019 6:00:00;0,0005320
06Dec2019 7:00:00;9,9179760
06Dec2019 8:00:00;55,7776501
06Dec2019 9:00:00;128,4772210
06Dec2019 10:00:00;187,5293157
06Dec2019 11:00:00;223,0238947
06Dec2019 12:00:00;237,1602178
06Dec2019 13:00:00;226,2522097
06Dec2019 14:00:00;183,8499194
06Dec2019 15:00:00;110,5112864
06Dec2019 16:00:00;35,2493238
06Dec2019 17:00:00;2,0667587
06Dec2019 18:00:00;0,0000000
06Dec2019 19:00:00;0,0000000
06Dec2019 20:00:00;0,0000000
06Dec2019 21:00:00;0,0000000
06Dec2019 22:00:00;0,0000000
06Dec2019 23:00:00;0,0000000
07Dec2019 0:00:00;0,0000000
07Dec2019 1:00:00;0,0133400
07Dec2019 2:00:00;0,0000000
07Dec2019 3:00:00;0,0000000
07Dec2019 4:00:00;0,0000000
07Dec2019 5:00:00;0,0000000
07Dec2019 6:00:00;0,0013590
07Dec2019 7:00:00;2,1692890
07Dec2019 8:00:00;14,8276628
07Dec2019 9:00:00;40,6393153
07Dec2019 10:00:00;59,8378148
07Dec2019 11:00:00;76,7831509
07Dec2019 12:00:00;79,1292613
07Dec2019 13:00:00;72,8578118
07Dec2019 14:00:00;53,3766701
07Dec2019 15:00:00;28,1671859
07Dec2019 16:00:00;7,3926064
07Dec2019 17:00:00;0,2466160
07Dec2019 18:00:00;0,0000000
07Dec2019 19:00:00;0,0000000
07Dec2019 20:00:00;0,0000000
07Dec2019 21:00:00;0,0000000
07Dec2019 22:00:00;0,0000000
07Dec2019 23:00:00;0,0000000
08Dec2019 0:00:00;0,0000000
08Dec2019 1:00:00;0,0000000
08Dec2019 2:00:00;0,0000000
08Dec2019 3:00:00;0,0000000
08Dec2019 4:00:00;0,0000000
08Dec2019 5:00:00;0,0000000
08Dec2019 6:00:00;0,0000000
08Dec2019 7:00:00;0,7570760
08Dec2019 8:00:00;8,4472468
08Dec2019 9:00:00;27,3856614
08Dec2019 10:00:00;52,6882779
08Dec2019 11:00:00;78,9826440
08Dec2019 12:00:00;91,2254700
08Dec2019 13:00:00;78,6630835
08Dec2019 14:00:00;51,0431460
08Dec2019 15:00:00;25,4206895
08Dec2019 16:00:00;6,8675641
08Dec2019 17:00:00;0,0874290
08Dec2019 18:00:00;0,0000000
08Dec2019 19:00:00;0,0000000
08Dec2019 20:00:00;0,0000000
08Dec2019 21:00:00;0,0000000
08Dec2019 22:00:00;0,0000000
08Dec2019 23:00:00;0,0000000
09Dec2019 0:00:00;0,0000000
09Dec2019 1:00:00;0,0000000
09Dec2019 2:00:00;0,0000000
09Dec2019 3:00:00;0,0000000
09Dec2019 4:00:00;0,0000000
09Dec2019 5:00:00;0,0000000
09Dec2019 6:00:00;0,0000000
09Dec2019 7:00:00;0,7396280
09Dec2019 8:00:00;7,8386197
09Dec2019 9:00:00;29,4743935
09Dec2019 10:00:00;59,4832294
09Dec2019 11:00:00;87,2124828
09Dec2019 12:00:00;89,5187942
09Dec2019 13:00:00;74,3584374
09Dec2019 14:00:00;47,2078302
09Dec2019 15:00:00;21,9019492
09Dec2019 16:00:00;5,6050321
09Dec2019 17:00:00;0,0237880
09Dec2019 18:00:00;0,0000000
09Dec2019 19:00:00;0,0000000
09Dec2019 20:00:00;0,0000000
09Dec2019 21:00:00;0,0000000
09Dec2019 22:00:00;0,0000000
09Dec2019 23:00:00;0,0000000
10Dec2019 0:00:00;0,0000000
10Dec2019 1:00:00;0,0000000
10Dec2019 2:00:00;0,0000000
10Dec2019 3:00:00;0,0000000
10Dec2019 4:00:00;0,0000000
10Dec2019 5:00:00;0,0000000
10Dec2019 6:00:00;0,0000000
10Dec2019 7:00:00;0,7247330
10Dec2019 8:00:00;7,5335316
10Dec2019 9:00:00;24,7638399
10Dec2019 10:00:00;48,6850278
10Dec2019 11:00:00;78,0857987
10Dec2019 12:00:00;101,9808438
10Dec2019 13:00:00;119,4502469
10Dec2019 14:00:00;106,7922392
10Dec2019 15:00:00;55,4376887
10Dec2019 16:00:00;14,8398495
10Dec2019 17:00:00;0,2765783
10Dec2019 18:00:00;0,0000000
10Dec2019 19:00:00;0,0000000
10Dec2019 20:00:00;0,0000000
10Dec2019 21:00:00;0,0000000
10Dec2019 22:00:00;0,0000000
10Dec2019 23:00:00;0,0000000
11Dec2019 0:00:00;0,0000000
11Dec2019 1:00:00;0,0000000
11Dec2019 2:00:00;0,0000000
11Dec2019 3:00:00;0,0000000
11Dec2019 4:00:00;0,0000000
11Dec2019 5:00:00;0,0000000
11Dec2019 6:00:00;0,0000000
11Dec2019 7:00:00;4,4267760
11Dec2019 8:00:00;32,2572097
11Dec2019 9:00:00;91,4747829
11Dec2019 10:00:00;150,9178168
11Dec2019 11:00:00;169,5251067
11Dec2019 12:00:00;163,3275242
11Dec2019 13:00:00;140,0046820
11Dec2019 14:00:00;102,3905067
11Dec2019 15:00:00;52,7677977
11Dec2019 16:00:00;12,6740758
11Dec2019 17:00:00;0,1006354
11Dec2019 18:00:00;0,0000000
11Dec2019 19:00:00;0,0000000
11Dec2019 20:00:00;0,0000000
11Dec2019 21:00:00;0,0000000
11Dec2019 22:00:00;0,0000000
11Dec2019 23:00:00;0,0000000
12Dec2019 0:00:00;0,0000000
12Dec2019 1:00:00;0,0000000
12Dec2019 2:00:00;0,0000000
12Dec2019 3:00:00;0,0000000
12Dec2019 4:00:00;0,0000000
12Dec2019 5:00:00;0,0000000
12Dec2019 6:00:00;0,0000000
12Dec2019 7:00:00;0,5403660
12Dec2019 8:00:00;5,7506188
12Dec2019 9:00:00;17,9896162
12Dec2019 10:00:00;30,0849645
12Dec2019 11:00:00;36,0234660
12Dec2019 12:00:00;37,7390615
12Dec2019 13:00:00;34,6681513
12Dec2019 14:00:00;26,6787748
12Dec2019 15:00:00;15,5716576
12Dec2019 16:00:00;4,5075457
12Dec2019 17:00:00;0,0187862
12Dec2019 18:00:00;0,0000000
12Dec2019 19:00:00;0,0016770
12Dec2019 20:00:00;0,0000000
12Dec2019 21:00:00;0,0000000
12Dec2019 22:00:00;0,0000000
12Dec2019 23:00:00;0,0000000
13Dec2019 0:00:00;0,0000000
13Dec2019 1:00:00;0,0000000
13Dec2019 2:00:00;0,0000000
13Dec2019 3:00:00;0,0000000
13Dec2019 4:00:00;0,0000000
13Dec2019 5:00:00;0,0000000
13Dec2019 6:00:00;0,0000000
13Dec2019 7:00:00;2,4592580
13Dec2019 8:00:00;21,5919680
13Dec2019 9:00:00;69,6622125
13Dec2019 10:00:00;126,5178330
13Dec2019 11:00:00;171,1998460
13Dec2019 12:00:00;173,8665188
13Dec2019 13:00:00;144,7793429
13Dec2019 14:00:00;92,7959730
13Dec2019 15:00:00;44,2264391
13Dec2019 16:00:00;10,0096212
13Dec2019 17:00:00;0,1614284
13Dec2019 18:00:00;0,5121108
13Dec2019 19:00:00;0,0000000
13Dec2019 20:00:00;0,0000000
13Dec2019 21:00:00;0,0000000
13Dec2019 22:00:00;0,0000000
13Dec2019 23:00:00;0,0000000
14Dec2019 0:00:00;0,0000000
14Dec2019 1:00:00;0,0000000
14Dec2019 2:00:00;0,0000000
14Dec2019 3:00:00;0,0000000
14Dec2019 4:00:00;0,0000000
14Dec2019 5:00:00;0,0000000
14Dec2019 6:00:00;0,0000000
14Dec2019 7:00:00;2,5160640
14Dec2019 8:00:00;21,0464178
14Dec2019 9:00:00;74,1308913
14Dec2019 10:00:00;132,5906208
14Dec2019 11:00:00;174,0369539
14Dec2019 12:00:00;188,7420433
14Dec2019 13:00:00;173,0524648
14Dec2019 14:00:00;126,2827231
14Dec2019 15:00:00;72,1756129
14Dec2019 16:00:00;22,9608904
14Dec2019 17:00:00;0,5515491
14Dec2019 18:00:00;0,0000000
14Dec2019 19:00:00;0,0000000
14Dec2019 20:00:00;0,0000000
14Dec2019 21:00:00;0,0000000
14Dec2019 22:00:00;0,0000000
14Dec2019 23:00:00;0,0000000
15Dec2019 0:00:00;0,0000000
15Dec2019 1:00:00;0,0000000
15Dec2019 2:00:00;0,0000000
15Dec2019 3:00:00;0,0000000
15Dec2019 4:00:00;0,0000000
15Dec2019 5:00:00;0,0000000
15Dec2019 6:00:00;0,0000000
15Dec2019 7:00:00;8,9034780
15Dec2019 8:00:00;56,4574940
15Dec2019 9:00:00;136,6781600
15Dec2019 10:00:00;203,3748897
15Dec2019 11:00:00;223,9399106
15Dec2019 12:00:00;226,7732586
15Dec2019 13:00:00;207,3876161
15Dec2019 14:00:00;163,0384180
15Dec2019 15:00:00;95,6292375
15Dec2019 16:00:00;31,6019031
15Dec2019 17:00:00;1,4188848
15Dec2019 18:00:00;0,0000000
15Dec2019 19:00:00;0,0000000
15Dec2019 20:00:00;0,0000000
15Dec2019 21:00:00;0,0000000
15Dec2019 22:00:00;0,0000000
15Dec2019 23:00:00;0,0000000
16Dec2019 0:00:00;0,0000000
16Dec2019 1:00:00;0,0000000
16Dec2019 2:00:00;0,0000000
16Dec2019 3:00:00;0,0000000
16Dec2019 4:00:00;0,0000000
16Dec2019 5:00:00;0,0000000
16Dec2019 6:00:00;0,0000000
16Dec2019 7:00:00;6,2966150
16Dec2019 8:00:00;41,2919799
16Dec2019 9:00:00;107,2297440
16Dec2019 10:00:00;171,9936655
16Dec2019 11:00:00;217,3021668
16Dec2019 12:00:00;240,5836312
16Dec2019 13:00:00;231,9329474
16Dec2019 14:00:00;190,8674582
16Dec2019 15:00:00;116,4196232
16Dec2019 16:00:00;37,6111611
16Dec2019 17:00:00;1,2540612
16Dec2019 18:00:00;0,0000000
16Dec2019 19:00:00;0,0000000
16Dec2019 20:00:00;0,0000000
16Dec2019 21:00:00;0,0000000
16Dec2019 22:00:00;0,0000000
16Dec2019 23:00:00;0,0000000
17Dec2019 0:00:00;0,0000000
17Dec2019 1:00:00;0,0000000
17Dec2019 2:00:00;0,0000000
17Dec2019 3:00:00;0,0000000
17Dec2019 4:00:00;0,0000000
17Dec2019 5:00:00;0,0000000
17Dec2019 6:00:00;0,0000000
17Dec2019 7:00:00;6,5267040
17Dec2019 8:00:00;39,8937626
17Dec2019 9:00:00;103,7021799
17Dec2019 10:00:00;161,6071558
17Dec2019 11:00:00;197,2310963
17Dec2019 12:00:00;210,1795832
17Dec2019 13:00:00;203,4082238
17Dec2019 14:00:00;164,8701602
17Dec2019 15:00:00;100,7318457
17Dec2019 16:00:00;30,7952055
17Dec2019 17:00:00;1,2716864
17Dec2019 18:00:00;0,0000000
17Dec2019 19:00:00;0,0000000
17Dec2019 20:00:00;0,0000000
17Dec2019 21:00:00;0,0000000
17Dec2019 22:00:00;0,0000000
17Dec2019 23:00:00;0,0000000
18Dec2019 0:00:00;0,0000000
18Dec2019 1:00:00;0,0000000
18Dec2019 2:00:00;0,0000000
18Dec2019 3:00:00;0,0000000
18Dec2019 4:00:00;0,0000000
18Dec2019 5:00:00;0,0000000
18Dec2019 6:00:00;0,0000000
18Dec2019 7:00:00;5,3125210
18Dec2019 8:00:00;33,2409260
18Dec2019 9:00:00;89,8033577
18Dec2019 10:00:00;138,9296887
18Dec2019 11:00:00;164,7283778
18Dec2019 12:00:00;175,6971668
18Dec2019 13:00:00;166,2325908
18Dec2019 14:00:00;127,4591609
18Dec2019 15:00:00;75,4349320
18Dec2019 16:00:00;25,6230498
18Dec2019 17:00:00;0,8563272
18Dec2019 18:00:00;0,4799160
18Dec2019 19:00:00;0,0000000
18Dec2019 20:00:00;0,0000000
18Dec2019 21:00:00;0,0000000
18Dec2019 22:00:00;0,0000000
18Dec2019 23:00:00;0,0000000
19Dec2019 0:00:00;0,0000000
19Dec2019 1:00:00;0,0000000
19Dec2019 2:00:00;0,0000000
19Dec2019 3:00:00;0,0000000
19Dec2019 4:00:00;0,0000000
19Dec2019 5:00:00;0,0000000
19Dec2019 6:00:00;0,0000000
19Dec2019 7:00:00;5,4530820
19Dec2019 8:00:00;34,2932039
19Dec2019 9:00:00;91,7651222
19Dec2019 10:00:00;143,2964858
19Dec2019 11:00:00;175,8203556
19Dec2019 12:00:00;188,7294908
19Dec2019 13:00:00;179,9785536
19Dec2019 14:00:00;145,9621922
19Dec2019 15:00:00;87,9587920
19Dec2019 16:00:00;31,0075355
19Dec2019 17:00:00;1,3532257
19Dec2019 18:00:00;0,0000000
19Dec2019 19:00:00;0,0000000
19Dec2019 20:00:00;0,0000000
19Dec2019 21:00:00;0,0000000
19Dec2019 22:00:00;0,0000000
19Dec2019 23:00:00;0,0000000
20Dec2019 0:00:00;0,0000000
20Dec2019 1:00:00;0,0000000
20Dec2019 2:00:00;0,0000000
20Dec2019 3:00:00;0,0000000
20Dec2019 4:00:00;0,0000000
20Dec2019 5:00:00;0,0000000
20Dec2019 6:00:00;0,0000000
20Dec2019 7:00:00;4,4676170
20Dec2019 8:00:00;32,7207466
20Dec2019 9:00:00;88,4651885
20Dec2019 10:00:00;139,4722820
20Dec2019 11:00:00;168,9816780
20Dec2019 12:00:00;172,1380725
20Dec2019 13:00:00;150,4354587
20Dec2019 14:00:00;114,7295734
20Dec2019 15:00:00;61,6525344
20Dec2019 16:00:00;18,9627468
20Dec2019 17:00:00;0,9075645
20Dec2019 18:00:00;0,0000000
20Dec2019 19:00:00;0,0000000
20Dec2019 20:00:00;0,0000000
20Dec2019 21:00:00;0,0000000
20Dec2019 22:00:00;0,0000000
20Dec2019 23:00:00;0,0000000
21Dec2019 0:00:00;0,0000000
21Dec2019 1:00:00;0,0000000
21Dec2019 2:00:00;0,0000000
21Dec2019 3:00:00;0,0000000
21Dec2019 4:00:00;0,0000000
21Dec2019 5:00:00;0,0000000
21Dec2019 6:00:00;0,0000000
21Dec2019 7:00:00;3,1006620
21Dec2019 8:00:00;29,8411528
21Dec2019 9:00:00;91,7754393
21Dec2019 10:00:00;150,5710644
21Dec2019 11:00:00;188,4763234
21Dec2019 12:00:00;203,5008265
21Dec2019 13:00:00;198,2115056
21Dec2019 14:00:00;158,4452237
21Dec2019 15:00:00;86,9358587
21Dec2019 16:00:00;22,4828686
21Dec2019 17:00:00;0,4902453
21Dec2019 18:00:00;0,0000000
21Dec2019 19:00:00;0,0000000
21Dec2019 20:00:00;0,0000000
21Dec2019 21:00:00;0,0000000
21Dec2019 22:00:00;0,0000000
21Dec2019 23:00:00;0,0000000
22Dec2019 0:00:00;0,0000000
22Dec2019 1:00:00;0,0000000
22Dec2019 2:00:00;0,0000000
22Dec2019 3:00:00;0,0000000
22Dec2019 4:00:00;0,0000000
22Dec2019 5:00:00;0,0000000
22Dec2019 6:00:00;0,0000000
22Dec2019 7:00:00;3,7701980
22Dec2019 8:00:00;19,5858283
22Dec2019 9:00:00;53,7919840
22Dec2019 10:00:00;99,8875299
22Dec2019 11:00:00;121,2876599
22Dec2019 12:00:00;125,8981773
22Dec2019 13:00:00;114,3613464
22Dec2019 14:00:00;81,7098675
22Dec2019 15:00:00;42,4219004
22Dec2019 16:00:00;13,0625054
22Dec2019 17:00:00;0,3775647
22Dec2019 18:00:00;0,0000000
22Dec2019 19:00:00;0,0000000
22Dec2019 20:00:00;0,0000000
22Dec2019 21:00:00;0,0000000
22Dec2019 22:00:00;0,0000000
22Dec2019 23:00:00;0,0000000
23Dec2019 0:00:00;0,0000000
23Dec2019 1:00:00;0,0000000
23Dec2019 2:00:00;0,0000000
23Dec2019 3:00:00;0,0000000
23Dec2019 4:00:00;0,0000000
23Dec2019 5:00:00;0,0000000
23Dec2019 6:00:00;0,0000000
23Dec2019 7:00:00;1,5247750
23Dec2019 8:00:00;14,3947737
23Dec2019 9:00:00;44,8105625
23Dec2019 10:00:00;64,2152009
23Dec2019 11:00:00;68,1125254
23Dec2019 12:00:00;58,7098158
23Dec2019 13:00:00;37,6600613
23Dec2019 14:00:00;19,1206962
23Dec2019 15:00:00;8,4506886
23Dec2019 16:00:00;2,5422090
23Dec2019 17:00:00;0,0137914
23Dec2019 18:00:00;0,0000000
23Dec2019 19:00:00;0,1083040
23Dec2019 20:00:00;0,0000000
23Dec2019 21:00:00;0,0000000
23Dec2019 22:00:00;0,0000000
23Dec2019 23:00:00;0,0006670
24Dec2019 0:00:00;0,0000000
24Dec2019 1:00:00;0,0000000
24Dec2019 2:00:00;0,0000000
24Dec2019 3:00:00;0,0000000
24Dec2019 4:00:00;0,0000000
24Dec2019 5:00:00;0,0000000
24Dec2019 6:00:00;0,0015580
24Dec2019 7:00:00;0,3274760
24Dec2019 8:00:00;5,2770650
24Dec2019 9:00:00;20,6817065
24Dec2019 10:00:00;38,6193843
24Dec2019 11:00:00;50,5110363
24Dec2019 12:00:00;47,8153223
24Dec2019 13:00:00;40,2552930
24Dec2019 14:00:00;24,4128921
24Dec2019 15:00:00;13,1050600
24Dec2019 16:00:00;4,0246593
24Dec2019 17:00:00;0,0407766
24Dec2019 18:00:00;0,0000000
24Dec2019 19:00:00;0,0000000
24Dec2019 20:00:00;0,0000000
24Dec2019 21:00:00;0,0000000
24Dec2019 22:00:00;0,0000000
24Dec2019 23:00:00;0,0000000
25Dec2019 0:00:00;0,0000000
25Dec2019 1:00:00;0,0000000
25Dec2019 2:00:00;0,0000000
25Dec2019 3:00:00;0,0000000
25Dec2019 4:00:00;0,0000000
25Dec2019 5:00:00;0,0000000
25Dec2019 6:00:00;0,0000000
25Dec2019 7:00:00;0,5190180
25Dec2019 8:00:00;5,6656673
25Dec2019 9:00:00;19,2735179
25Dec2019 10:00:00;33,5552178
25Dec2019 11:00:00;43,4474937
25Dec2019 12:00:00;41,5681202
25Dec2019 13:00:00;32,2311710
25Dec2019 14:00:00;19,9221057
25Dec2019 15:00:00;10,0368637
25Dec2019 16:00:00;2,6049151
25Dec2019 17:00:00;0,2600888
25Dec2019 18:00:00;0,0000000
25Dec2019 19:00:00;0,0000000
25Dec2019 20:00:00;0,0000000
25Dec2019 21:00:00;0,0000000
25Dec2019 22:00:00;0,0000000
25Dec2019 23:00:00;0,0000000
26Dec2019 0:00:00;0,0000000
26Dec2019 1:00:00;0,0000000
26Dec2019 2:00:00;0,0000000
26Dec2019 3:00:00;0,0000000
26Dec2019 4:00:00;0,0000000
26Dec2019 5:00:00;0,0000000
26Dec2019 6:00:00;0,0000000
26Dec2019 7:00:00;0,6899580
26Dec2019 8:00:00;8,7642029
26Dec2019 9:00:00;30,3566080
26Dec2019 10:00:00;48,2500857
26Dec2019 11:00:00;52,6725651
26Dec2019 12:00:00;52,3631696
26Dec2019 13:00:00;51,1762505
26Dec2019 14:00:00;37,8272814
26Dec2019 15:00:00;18,8671924
26Dec2019 16:00:00;5,3351378
26Dec2019 17:00:00;0,0762428
26Dec2019 18:00:00;0,0000000
26Dec2019 19:00:00;0,0000000
26Dec2019 20:00:00;0,0000000
26Dec2019 21:00:00;0,0000000
26Dec2019 22:00:00;0,0000000
26Dec2019 23:00:00;0,0000000
27Dec2019 0:00:00;0,0000000
27Dec2019 1:00:00;0,0000000
27Dec2019 2:00:00;0,0000000
27Dec2019 3:00:00;0,0000000
27Dec2019 4:00:00;0,0000000
27Dec2019 5:00:00;0,0000000
27Dec2019 6:00:00;0,0000000
27Dec2019 7:00:00;1,0609630
27Dec2019 8:00:00;19,9014259
27Dec2019 9:00:00;67,9142349
27Dec2019 10:00:00;132,3048741
27Dec2019 11:00:00;164,3949170
27Dec2019 12:00:00;160,2317489
27Dec2019 13:00:00;150,8480238
27Dec2019 14:00:00;98,2498153
27Dec2019 15:00:00;43,3591857
27Dec2019 16:00:00;10,0239062
27Dec2019 17:00:00;0,5297786
27Dec2019 18:00:00;0,0000000
27Dec2019 19:00:00;0,0000000
27Dec2019 20:00:00;0,0000000
27Dec2019 21:00:00;0,0000000
27Dec2019 22:00:00;0,0000000
27Dec2019 23:00:00;0,0000000
28Dec2019 0:00:00;0,0000000
28Dec2019 1:00:00;0,0000000
28Dec2019 2:00:00;0,0000000
28Dec2019 3:00:00;0,0000000
28Dec2019 4:00:00;0,0000000
28Dec2019 5:00:00;0,0000000
28Dec2019 6:00:00;0,0000000
28Dec2019 7:00:00;0,5364150
28Dec2019 8:00:00;8,2979605
28Dec2019 9:00:00;34,0989819
28Dec2019 10:00:00;68,3412703
28Dec2019 11:00:00;97,5329966
28Dec2019 12:00:00;114,4657677
28Dec2019 13:00:00;102,9915775
28Dec2019 14:00:00;70,9224649
28Dec2019 15:00:00;32,3403717
28Dec2019 16:00:00;8,7792915
28Dec2019 17:00:00;0,1327823
28Dec2019 18:00:00;0,0046579
28Dec2019 19:00:00;0,0000000
28Dec2019 20:00:00;0,0000000
28Dec2019 21:00:00;0,0000000
28Dec2019 22:00:00;0,0000000
28Dec2019 23:00:00;0,0000000
29Dec2019 0:00:00;0,0000000
29Dec2019 1:00:00;0,0000000
29Dec2019 2:00:00;0,0000000
29Dec2019 3:00:00;0,0000000
29Dec2019 4:00:00;0,0000000
29Dec2019 5:00:00;0,0000000
29Dec2019 6:00:00;0,0000000
29Dec2019 7:00:00;0,0911300
29Dec2019 8:00:00;2,1462118
29Dec2019 9:00:00;12,7797598
29Dec2019 10:00:00;32,7776571
29Dec2019 11:00:00;57,0669726
29Dec2019 12:00:00;68,9066936
29Dec2019 13:00:00;58,9178501
29Dec2019 14:00:00;42,3257160
29Dec2019 15:00:00;25,7158080
29Dec2019 16:00:00;8,2445685
29Dec2019 17:00:00;0,3594826
29Dec2019 18:00:00;0,0000000
29Dec2019 19:00:00;0,0000000
29Dec2019 20:00:00;0,0000000
29Dec2019 21:00:00;0,0000000
29Dec2019 22:00:00;0,0000000
29Dec2019 23:00:00;0,0000000
30Dec2019 0:00:00;0,0000000
30Dec2019 1:00:00;0,0000000
30Dec2019 2:00:00;0,0000000
30Dec2019 3:00:00;0,0000000
30Dec2019 4:00:00;0,0000000
30Dec2019 5:00:00;0,0000000
30Dec2019 6:00:00;0,0000000
30Dec2019 7:00:00;0,1567320
30Dec2019 8:00:00;3,0229643
30Dec2019 9:00:00;11,3791481
30Dec2019 10:00:00;18,8990248
30Dec2019 11:00:00;25,7767258
30Dec2019 12:00:00;27,6089946
30Dec2019 13:00:00;22,8743294
30Dec2019 14:00:00;16,0361350
30Dec2019 15:00:00;8,2915982
30Dec2019 16:00:00;2,6398554
30Dec2019 17:00:00;0,1950014
30Dec2019 18:00:00;0,0000000
30Dec2019 19:00:00;0,0000000
30Dec2019 20:00:00;0,0000000
30Dec2019 21:00:00;0,0000000
30Dec2019 22:00:00;0,0000000
30Dec2019 23:00:00;0,0000000
31Dec2019 0:00:00;0,0000000
31Dec2019 1:00:00;0,0000000
31Dec2019 2:00:00;0,0000000
31Dec2019 3:00:00;0,0000000
31Dec2019 4:00:00;0,0000000
31Dec2019 5:00:00;0,0000000
31Dec2019 6:00:00;0,0000000
31Dec2019 7:00:00;0,5357090
31Dec2019 8:00:00;6,6043397
31Dec2019 9:00:00;22,2885944
31Dec2019 10:00:00;37,8149401
31Dec2019 11:00:00;47,9942274
31Dec2019 12:00:00;49,1917488
31Dec2019 13:00:00;49,8589729
31Dec2019 14:00:00;41,1242159
31Dec2019 15:00:00;30,2060474
31Dec2019 16:00:00;12,0471361
31Dec2019 17:00:00;0,6660577
31Dec2019 18:00:00;0,0000000
31Dec2019 19:00:00;0,0000000
31Dec2019 20:00:00;0,0000000
31Dec2019 21:00:00;0,0000000
31Dec2019 22:00:00;0,0000000
31Dec2019 23:00:00;0,0000000
01Jan2020 0:00:00;0,0000080
01Jan2020 1:00:00;0,0000000
01Jan2020 2:00:00;0,0000000
01Jan2020 3:00:00;0,0000000
01Jan2020 4:00:00;0,0000000
01Jan2020 5:00:00;0,0000000
01Jan2020 6:00:00;0,0000080
01Jan2020 7:00:00;1,4040098
01Jan2020 8:00:00;11,5295932
01Jan2020 9:00:00;44,9962746
01Jan2020 10:00:00;80,7810474
01Jan2020 11:00:00;102,9973469
01Jan2020 12:00:00;90,0515020
01Jan2020 13:00:00;76,5557861
01Jan2020 14:00:00;54,9076073
01Jan2020 15:00:00;36,3878318
01Jan2020 16:00:00;11,3570330
01Jan2020 17:00:00;0,4928967
01Jan2020 18:00:00;0,0000080
01Jan2020 19:00:00;0,0000000
01Jan2020 20:00:00;0,0000000
01Jan2020 21:00:00;0,0000080
01Jan2020 22:00:00;0,0000000
01Jan2020 23:00:00;0,0000000
02Jan2020 0:00:00;0,0000080
02Jan2020 1:00:00;0,0000000
02Jan2020 2:00:00;0,0000000
02Jan2020 3:00:00;0,0000000
02Jan2020 4:00:00;0,0000000
02Jan2020 5:00:00;0,0000080
02Jan2020 6:00:00;0,0000000
02Jan2020 7:00:00;0,6676786
02Jan2020 8:00:00;12,2267349
02Jan2020 9:00:00;67,1184888
02Jan2020 10:00:00;160,0466992
02Jan2020 11:00:00;228,1695085
02Jan2020 12:00:00;252,9200482
02Jan2020 13:00:00;212,4317016
02Jan2020 14:00:00;152,0877630
02Jan2020 15:00:00;98,4175767
02Jan2020 16:00:00;37,4021811
02Jan2020 17:00:00;2,5577745
02Jan2020 18:00:00;0,0000000
02Jan2020 19:00:00;0,0000000
02Jan2020 20:00:00;0,0000080
02Jan2020 21:00:00;0,0000000
02Jan2020 22:00:00;0,0000000
02Jan2020 23:00:00;0,0000080
03Jan2020 0:00:00;0,0000000
03Jan2020 1:00:00;0,0000080
03Jan2020 2:00:00;0,0000000
03Jan2020 3:00:00;0,0000000
03Jan2020 4:00:00;0,0000080
03Jan2020 5:00:00;0,0000000
03Jan2020 6:00:00;0,0000000
03Jan2020 7:00:00;3,6115686
03Jan2020 8:00:00;34,9667469
03Jan2020 9:00:00;112,0421811
03Jan2020 10:00:00;184,8965414
03Jan2020 11:00:00;222,4460279
03Jan2020 12:00:00;229,5533778
03Jan2020 13:00:00;217,8202337
03Jan2020 14:00:00;178,5096570
03Jan2020 15:00:00;106,8344431
03Jan2020 16:00:00;42,4454130
03Jan2020 17:00:00;3,5557058
03Jan2020 18:00:00;0,0000000
03Jan2020 19:00:00;0,0000080
03Jan2020 20:00:00;0,0000000
03Jan2020 21:00:00;0,0000080
03Jan2020 22:00:00;0,0000000
03Jan2020 23:00:00;0,0000000
04Jan2020 0:00:00;0,0000080
04Jan2020 1:00:00;0,0000000
04Jan2020 2:00:00;0,0000000
04Jan2020 3:00:00;0,0000080
04Jan2020 4:00:00;0,0000000
04Jan2020 5:00:00;0,0000000
04Jan2020 6:00:00;0,0000080
04Jan2020 7:00:00;1,1494768
04Jan2020 8:00:00;13,6613875
04Jan2020 9:00:00;49,0379047
04Jan2020 10:00:00;83,1970705
04Jan2020 11:00:00;108,5874842
04Jan2020 12:00:00;125,9190850
04Jan2020 13:00:00;128,0209661
04Jan2020 14:00:00;101,7231903
04Jan2020 15:00:00;60,6942712
04Jan2020 16:00:00;19,3525510
04Jan2020 17:00:00;0,9689613
04Jan2020 18:00:00;0,0000000
04Jan2020 19:00:00;0,0000080
04Jan2020 20:00:00;0,0000000
04Jan2020 21:00:00;0,0000080
04Jan2020 22:00:00;0,0000000
04Jan2020 23:00:00;0,0000000
05Jan2020 0:00:00;0,0000080
05Jan2020 1:00:00;0,0000000
05Jan2020 2:00:00;0,0000000
05Jan2020 3:00:00;0,0000080
05Jan2020 4:00:00;0,0000000
05Jan2020 5:00:00;0,0000000
05Jan2020 6:00:00;0,0000080
05Jan2020 7:00:00;5,2314589
05Jan2020 8:00:00;38,7359681
05Jan2020 9:00:00;109,1556383
05Jan2020 10:00:00;177,7672574
05Jan2020 11:00:00;204,5046659
05Jan2020 12:00:00;182,4001366
05Jan2020 13:00:00;144,9511307
05Jan2020 14:00:00;93,7208848
05Jan2020 15:00:00;48,1920258
05Jan2020 16:00:00;17,3453875
05Jan2020 17:00:00;1,5871421
05Jan2020 18:00:00;0,0028630
05Jan2020 19:00:00;0,0000000
05Jan2020 20:00:00;0,0000080
05Jan2020 21:00:00;0,0000000
05Jan2020 22:00:00;0,0000000
05Jan2020 23:00:00;0,0000080
06Jan2020 0:00:00;0,0000000
06Jan2020 1:00:00;0,0000000
06Jan2020 2:00:00;0,0000080
06Jan2020 3:00:00;0,0000000
06Jan2020 4:00:00;0,0000080
06Jan2020 5:00:00;0,0000000
06Jan2020 6:00:00;0,0000000
06Jan2020 7:00:00;0,0645010
06Jan2020 8:00:00;1,7979925
06Jan2020 9:00:00;7,4255904
06Jan2020 10:00:00;13,0660912
06Jan2020 11:00:00;18,9140905
06Jan2020 12:00:00;22,4581296
06Jan2020 13:00:00;21,4228531
06Jan2020 14:00:00;16,2236957
06Jan2020 15:00:00;10,3848156
06Jan2020 16:00:00;3,9579922
06Jan2020 17:00:00;0,2140658
06Jan2020 18:00:00;0,0000000
06Jan2020 19:00:00;0,0097190
06Jan2020 20:00:00;0,0142130
06Jan2020 21:00:00;0,0013450
06Jan2020 22:00:00;0,0000080
06Jan2020 23:00:00;0,0000000
07Jan2020 0:00:00;0,0000000
07Jan2020 1:00:00;0,0000080
07Jan2020 2:00:00;0,0000000
07Jan2020 3:00:00;0,0000000
07Jan2020 4:00:00;0,0000080
07Jan2020 5:00:00;0,0000000
07Jan2020 6:00:00;0,0000080
07Jan2020 7:00:00;0,2487942
07Jan2020 8:00:00;5,3415429
07Jan2020 9:00:00;20,8644700
07Jan2020 10:00:00;38,9390029
07Jan2020 11:00:00;53,5699051
07Jan2020 12:00:00;62,0429695
07Jan2020 13:00:00;63,1161903
07Jan2020 14:00:00;43,2359169
07Jan2020 15:00:00;24,6860396
07Jan2020 16:00:00;6,6208121
07Jan2020 17:00:00;0,2585015
07Jan2020 18:00:00;0,0000080
07Jan2020 19:00:00;0,0123140
07Jan2020 20:00:00;0,0032182
07Jan2020 21:00:00;0,0000080
07Jan2020 22:00:00;0,0000000
07Jan2020 23:00:00;0,0000000
08Jan2020 0:00:00;0,0000000
08Jan2020 1:00:00;0,0000000
08Jan2020 2:00:00;0,0000080
08Jan2020 3:00:00;0,0000000
08Jan2020 4:00:00;0,0000000
08Jan2020 5:00:00;0,0000080
08Jan2020 6:00:00;0,0000000
08Jan2020 7:00:00;0,3175063
08Jan2020 8:00:00;4,7218784
08Jan2020 9:00:00;20,0480090
08Jan2020 10:00:00;37,3958267
08Jan2020 11:00:00;52,0238239
08Jan2020 12:00:00;53,1163693
08Jan2020 13:00:00;47,7021327
08Jan2020 14:00:00;37,1748252
08Jan2020 15:00:00;24,6944329
08Jan2020 16:00:00;8,8548435
08Jan2020 17:00:00;0,3996100
08Jan2020 18:00:00;0,0000000
08Jan2020 19:00:00;0,0000080
08Jan2020 20:00:00;0,0000000
08Jan2020 21:00:00;0,0000000
08Jan2020 22:00:00;0,0000080
08Jan2020 23:00:00;0,0000000
09Jan2020 0:00:00;0,0000080
09Jan2020 1:00:00;0,0000000
09Jan2020 2:00:00;0,0000000
09Jan2020 3:00:00;0,0000080
09Jan2020 4:00:00;0,0000000
09Jan2020 5:00:00;0,0000000
09Jan2020 6:00:00;0,0000080
09Jan2020 7:00:00;1,9449536
09Jan2020 8:00:00;23,6084496
09Jan2020 9:00:00;87,4939142
09Jan2020 10:00:00;171,2445828
09Jan2020 11:00:00;220,0287401
09Jan2020 12:00:00;215,6482820
09Jan2020 13:00:00;176,8272648
09Jan2020 14:00:00;138,7470154
09Jan2020 15:00:00;93,6251828
09Jan2020 16:00:00;40,5310556
09Jan2020 17:00:00;3,9541096
09Jan2020 18:00:00;0,0074770
09Jan2020 19:00:00;0,0000080
09Jan2020 20:00:00;0,0000000
09Jan2020 21:00:00;0,0000000
09Jan2020 22:00:00;0,0000080
09Jan2020 23:00:00;0,0000000
10Jan2020 0:00:00;0,0000000
10Jan2020 1:00:00;0,0000080
10Jan2020 2:00:00;0,0000000
10Jan2020 3:00:00;0,0000000
10Jan2020 4:00:00;0,0000080
10Jan2020 5:00:00;0,0000000
10Jan2020 6:00:00;0,0000000
10Jan2020 7:00:00;5,7439732
10Jan2020 8:00:00;46,1920456
10Jan2020 9:00:00;138,7751518
10Jan2020 10:00:00;229,1636208
10Jan2020 11:00:00;285,6480886
10Jan2020 12:00:00;313,4138250
10Jan2020 13:00:00;309,2392425
10Jan2020 14:00:00;264,1546912
10Jan2020 15:00:00;176,9832158
10Jan2020 16:00:00;74,9290161
10Jan2020 17:00:00;8,9873354
10Jan2020 18:00:00;0,0075680
10Jan2020 19:00:00;0,0000000
10Jan2020 20:00:00;0,0000000
10Jan2020 21:00:00;0,0000080
10Jan2020 22:00:00;0,0000000
10Jan2020 23:00:00;0,0000000
11Jan2020 0:00:00;0,0000080
11Jan2020 1:00:00;0,0000000
11Jan2020 2:00:00;0,0000000
11Jan2020 3:00:00;0,0000080
11Jan2020 4:00:00;0,0000000
11Jan2020 5:00:00;0,0000080
11Jan2020 6:00:00;0,0000000
11Jan2020 7:00:00;6,8614378
11Jan2020 8:00:00;49,8124916
11Jan2020 9:00:00;147,8105925
11Jan2020 10:00:00;238,9063081
11Jan2020 11:00:00;298,6577503
11Jan2020 12:00:00;320,7217826
11Jan2020 13:00:00;306,2886523
11Jan2020 14:00:00;261,7465225
11Jan2020 15:00:00;178,1762521
11Jan2020 16:00:00;74,6536824
11Jan2020 17:00:00;9,4723232
11Jan2020 18:00:00;0,1593110
11Jan2020 19:00:00;0,0000000
11Jan2020 20:00:00;0,0000000
11Jan2020 21:00:00;0,0000080
11Jan2020 22:00:00;0,0000000
11Jan2020 23:00:00;0,0000000
12Jan2020 0:00:00;0,0000080
12Jan2020 1:00:00;0,0000000
12Jan2020 2:00:00;0,0000000
12Jan2020 3:00:00;0,0000080
12Jan2020 4:00:00;0,0000000
12Jan2020 5:00:00;0,0000000
12Jan2020 6:00:00;0,0000080
12Jan2020 7:00:00;2,7501649
12Jan2020 8:00:00;25,7953517
12Jan2020 9:00:00;79,6947357
12Jan2020 10:00:00;130,0229467
12Jan2020 11:00:00;171,4630443
12Jan2020 12:00:00;165,1236783
12Jan2020 13:00:00;143,9975346
12Jan2020 14:00:00;124,0668360
12Jan2020 15:00:00;78,1751839
12Jan2020 16:00:00;32,1720540
12Jan2020 17:00:00;3,8016853
12Jan2020 18:00:00;0,0013170
12Jan2020 19:00:00;0,0000000
12Jan2020 20:00:00;0,0000080
12Jan2020 21:00:00;0,0000000
12Jan2020 22:00:00;0,0000000
12Jan2020 23:00:00;0,0000080
13Jan2020 0:00:00;0,0000000
13Jan2020 1:00:00;0,0000080
13Jan2020 2:00:00;0,0000000
13Jan2020 3:00:00;0,0000000
13Jan2020 4:00:00;0,0000080
13Jan2020 5:00:00;0,0000000
13Jan2020 6:00:00;0,0004760
13Jan2020 7:00:00;5,5307578
13Jan2020 8:00:00;47,6533179
13Jan2020 9:00:00;143,0081096
13Jan2020 10:00:00;238,1155786
13Jan2020 11:00:00;293,5110612
13Jan2020 12:00:00;316,3564970
13Jan2020 13:00:00;307,5051552
13Jan2020 14:00:00;262,2389382
13Jan2020 15:00:00;177,5072186
13Jan2020 16:00:00;77,3459974
13Jan2020 17:00:00;11,2837487
13Jan2020 18:00:00;0,0123230
13Jan2020 19:00:00;0,0000000
13Jan2020 20:00:00;0,0000080
13Jan2020 21:00:00;0,0000000
13Jan2020 22:00:00;0,0000000
13Jan2020 23:00:00;0,0000000
14Jan2020 0:00:00;0,0000000
14Jan2020 1:00:00;0,0000000
14Jan2020 2:00:00;0,0000080
14Jan2020 3:00:00;0,0000000
14Jan2020 4:00:00;0,0000080
14Jan2020 5:00:00;0,0000000
14Jan2020 6:00:00;0,0000000
14Jan2020 7:00:00;6,6062912
14Jan2020 8:00:00;51,5926850
14Jan2020 9:00:00;153,5421722
14Jan2020 10:00:00;251,4225426
14Jan2020 11:00:00;308,8981189
14Jan2020 12:00:00;327,2240903
14Jan2020 13:00:00;312,0166862
14Jan2020 14:00:00;261,6169570
14Jan2020 15:00:00;172,4274891
14Jan2020 16:00:00;64,6837144
14Jan2020 17:00:00;10,0799205
14Jan2020 18:00:00;0,0114740
14Jan2020 19:00:00;0,0000000
14Jan2020 20:00:00;0,0000080
14Jan2020 21:00:00;0,0000000
14Jan2020 22:00:00;0,0000000
14Jan2020 23:00:00;0,0000000
15Jan2020 0:00:00;0,0000000
15Jan2020 1:00:00;0,0000000
15Jan2020 2:00:00;0,0000080
15Jan2020 3:00:00;0,0000000
15Jan2020 4:00:00;0,0000080
15Jan2020 5:00:00;0,0000000
15Jan2020 6:00:00;0,0000000
15Jan2020 7:00:00;5,0923786
15Jan2020 8:00:00;44,9357258
15Jan2020 9:00:00;136,8473253
15Jan2020 10:00:00;227,5152026
15Jan2020 11:00:00;282,5408729
15Jan2020 12:00:00;310,1709558
15Jan2020 13:00:00;309,0661214
15Jan2020 14:00:00;267,1276286
15Jan2020 15:00:00;181,1776230
15Jan2020 16:00:00;77,1979291
15Jan2020 17:00:00;9,9805107
15Jan2020 18:00:00;0,0081390
15Jan2020 19:00:00;0,0000000
15Jan2020 20:00:00;0,0000000
15Jan2020 21:00:00;0,0000080
15Jan2020 22:00:00;0,0000000
15Jan2020 23:00:00;0,0000000
16Jan2020 0:00:00;0,0000080
16Jan2020 1:00:00;0,0000000
16Jan2020 2:00:00;0,0000000
16Jan2020 3:00:00;0,0000080
16Jan2020 4:00:00;0,0000000
16Jan2020 5:00:00;0,0000000
16Jan2020 6:00:00;0,0000080
16Jan2020 7:00:00;4,3556246
16Jan2020 8:00:00;34,1347178
16Jan2020 9:00:00;100,7619312
16Jan2020 10:00:00;173,9105299
16Jan2020 11:00:00;227,5087702
16Jan2020 12:00:00;266,1029113
16Jan2020 13:00:00;281,7071933
16Jan2020 14:00:00;251,9825410
16Jan2020 15:00:00;178,2730208
16Jan2020 16:00:00;76,2721846
16Jan2020 17:00:00;10,6533015
16Jan2020 18:00:00;0,0048040
16Jan2020 19:00:00;0,0000000
16Jan2020 20:00:00;0,0000000
16Jan2020 21:00:00;0,0000080
16Jan2020 22:00:00;0,0000000
16Jan2020 23:00:00;0,0000000
17Jan2020 0:00:00;0,0000080
17Jan2020 1:00:00;0,0000000
17Jan2020 2:00:00;0,0000000
17Jan2020 3:00:00;0,0000080
17Jan2020 4:00:00;0,0000000
17Jan2020 5:00:00;0,0000000
17Jan2020 6:00:00;0,0000080
17Jan2020 7:00:00;4,5813746
17Jan2020 8:00:00;38,3318849
17Jan2020 9:00:00;117,9002875
17Jan2020 10:00:00;201,0320772
17Jan2020 11:00:00;256,2643056
17Jan2020 12:00:00;281,5852347
17Jan2020 13:00:00;273,1472638
17Jan2020 14:00:00;237,9720738
17Jan2020 15:00:00;168,8783781
17Jan2020 16:00:00;76,7111269
17Jan2020 17:00:00;10,8405294
17Jan2020 18:00:00;0,0070380
17Jan2020 19:00:00;0,0331200
17Jan2020 20:00:00;0,0000080
17Jan2020 21:00:00;0,0000000
17Jan2020 22:00:00;0,0000000
17Jan2020 23:00:00;0,0000080
18Jan2020 0:00:00;0,0000000
18Jan2020 1:00:00;0,0000000
18Jan2020 2:00:00;0,0000080
18Jan2020 3:00:00;0,0000000
18Jan2020 4:00:00;0,0000000
18Jan2020 5:00:00;0,0000080
18Jan2020 6:00:00;0,0000000
18Jan2020 7:00:00;1,7306460
18Jan2020 8:00:00;14,8211548
18Jan2020 9:00:00;48,1701969
18Jan2020 10:00:00;90,8283147
18Jan2020 11:00:00;138,1160527
18Jan2020 12:00:00;173,1257042
18Jan2020 13:00:00;196,1937237
18Jan2020 14:00:00;187,6028669
18Jan2020 15:00:00;133,5034474
18Jan2020 16:00:00;58,9801284
18Jan2020 17:00:00;8,2855226
18Jan2020 18:00:00;0,0000000
18Jan2020 19:00:00;0,0000000
18Jan2020 20:00:00;0,0000080
18Jan2020 21:00:00;0,0000000
18Jan2020 22:00:00;0,0000000
18Jan2020 23:00:00;0,0000000
19Jan2020 0:00:00;0,0000000
19Jan2020 1:00:00;0,0000080
19Jan2020 2:00:00;0,0000000
19Jan2020 3:00:00;0,0000000
19Jan2020 4:00:00;0,0000080
19Jan2020 5:00:00;0,0000000
19Jan2020 6:00:00;0,0000000
19Jan2020 7:00:00;1,4253879
19Jan2020 8:00:00;17,1868580
19Jan2020 9:00:00;68,9711084
19Jan2020 10:00:00;128,7087557
19Jan2020 11:00:00;183,9901222
19Jan2020 12:00:00;174,5074818
19Jan2020 13:00:00;165,8892554
19Jan2020 14:00:00;129,2406266
19Jan2020 15:00:00;85,8680017
19Jan2020 16:00:00;36,4260752
19Jan2020 17:00:00;5,3352702
19Jan2020 18:00:00;0,0015200
19Jan2020 19:00:00;0,0000080
19Jan2020 20:00:00;0,0000000
19Jan2020 21:00:00;0,0000000
19Jan2020 22:00:00;0,0000080
19Jan2020 23:00:00;0,0000000
20Jan2020 0:00:00;0,0000000
20Jan2020 1:00:00;0,0000080
20Jan2020 2:00:00;0,0000000
20Jan2020 3:00:00;0,0000080
20Jan2020 4:00:00;0,0000000
20Jan2020 5:00:00;0,0000000
20Jan2020 6:00:00;0,0000080
20Jan2020 7:00:00;1,9123028
20Jan2020 8:00:00;22,9214451
20Jan2020 9:00:00;79,1303885
20Jan2020 10:00:00;125,0217803
20Jan2020 11:00:00;144,4504938
20Jan2020 12:00:00;144,0679488
20Jan2020 13:00:00;132,8668302
20Jan2020 14:00:00;99,5609080
20Jan2020 15:00:00;51,9966102
20Jan2020 16:00:00;17,8928134
20Jan2020 17:00:00;2,3445478
20Jan2020 18:00:00;0,0000000
20Jan2020 19:00:00;0,0000080
20Jan2020 20:00:00;0,0000000
20Jan2020 21:00:00;0,0000000
20Jan2020 22:00:00;0,0000080
20Jan2020 23:00:00;0,0000000
21Jan2020 0:00:00;0,0000000
21Jan2020 1:00:00;0,0000080
21Jan2020 2:00:00;0,0000000
21Jan2020 3:00:00;0,0000000
21Jan2020 4:00:00;0,0000080
21Jan2020 5:00:00;0,0000000
21Jan2020 6:00:00;0,0014350
21Jan2020 7:00:00;4,0236432
21Jan2020 8:00:00;36,2258101
21Jan2020 9:00:00;118,0287475
21Jan2020 10:00:00;201,7615873
21Jan2020 11:00:00;252,5639822
21Jan2020 12:00:00;270,7263968
21Jan2020 13:00:00;260,3565624
21Jan2020 14:00:00;236,6278004
21Jan2020 15:00:00;179,3483402
21Jan2020 16:00:00;85,3517439
21Jan2020 17:00:00;13,9703555
21Jan2020 18:00:00;0,0351360
21Jan2020 19:00:00;0,0000000
21Jan2020 20:00:00;0,0000080
21Jan2020 21:00:00;0,0000000
21Jan2020 22:00:00;0,0000000
21Jan2020 23:00:00;0,0000000
22Jan2020 0:00:00;0,0000000
22Jan2020 1:00:00;0,0000080
22Jan2020 2:00:00;0,0000000
22Jan2020 3:00:00;0,0000000
22Jan2020 4:00:00;0,0000080
22Jan2020 5:00:00;0,0000000
22Jan2020 6:00:00;0,0000000
22Jan2020 7:00:00;4,6773396
22Jan2020 8:00:00;36,7624681
22Jan2020 9:00:00;122,1510530
22Jan2020 10:00:00;235,8107923
22Jan2020 11:00:00;308,4273562
22Jan2020 12:00:00;333,7764198
22Jan2020 13:00:00;328,8860684
22Jan2020 14:00:00;296,8440099
22Jan2020 15:00:00;217,2740112
22Jan2020 16:00:00;102,5417994
22Jan2020 17:00:00;17,9181208
22Jan2020 18:00:00;0,2675660
22Jan2020 19:00:00;0,0216970
22Jan2020 20:00:00;0,0000000
22Jan2020 21:00:00;0,0000080
22Jan2020 22:00:00;0,0000000
22Jan2020 23:00:00;0,0000000
23Jan2020 0:00:00;0,0000080
23Jan2020 1:00:00;0,0000000
23Jan2020 2:00:00;0,0000000
23Jan2020 3:00:00;0,0000080
23Jan2020 4:00:00;0,0000000
23Jan2020 5:00:00;0,0000080
23Jan2020 6:00:00;0,0000000
23Jan2020 7:00:00;5,7148096
23Jan2020 8:00:00;33,3135151
23Jan2020 9:00:00;83,2404950
23Jan2020 10:00:00;135,1237022
23Jan2020 11:00:00;162,8042866
23Jan2020 12:00:00;179,1680472
23Jan2020 13:00:00;173,0171093
23Jan2020 14:00:00;143,1266234
23Jan2020 15:00:00;102,5181021
23Jan2020 16:00:00;48,8779054
23Jan2020 17:00:00;7,7830620
23Jan2020 18:00:00;0,0254500
23Jan2020 19:00:00;0,0000000
23Jan2020 20:00:00;0,0000000
23Jan2020 21:00:00;0,0000080
23Jan2020 22:00:00;0,0000000
23Jan2020 23:00:00;0,0000000
24Jan2020 0:00:00;0,0000080
24Jan2020 1:00:00;0,0000000
24Jan2020 2:00:00;0,0000000
24Jan2020 3:00:00;0,0000080
24Jan2020 4:00:00;0,0000000
24Jan2020 5:00:00;0,0000000
24Jan2020 6:00:00;0,0016390
24Jan2020 7:00:00;5,7553236
24Jan2020 8:00:00;33,3847957
24Jan2020 9:00:00;91,9267185
24Jan2020 10:00:00;168,3435274
24Jan2020 11:00:00;194,7577479
24Jan2020 12:00:00;206,3589131
24Jan2020 13:00:00;216,2635912
24Jan2020 14:00:00;212,4874962
24Jan2020 15:00:00;165,4121450
24Jan2020 16:00:00;79,6552374
24Jan2020 17:00:00;16,6272645
24Jan2020 18:00:00;0,0517420
24Jan2020 19:00:00;0,0000000
24Jan2020 20:00:00;0,0000080
24Jan2020 21:00:00;0,0000000
24Jan2020 22:00:00;0,0000000
24Jan2020 23:00:00;0,0000080
25Jan2020 0:00:00;0,0000000
25Jan2020 1:00:00;0,0000000
25Jan2020 2:00:00;0,0000080
25Jan2020 3:00:00;0,0000000
25Jan2020 4:00:00;0,0000000
25Jan2020 5:00:00;0,0000080
25Jan2020 6:00:00;0,0035460
25Jan2020 7:00:00;10,0998328
25Jan2020 8:00:00;65,7886654
25Jan2020 9:00:00;180,5796080
25Jan2020 10:00:00;281,1596679
25Jan2020 11:00:00;339,1176864
25Jan2020 12:00:00;360,8247570
25Jan2020 13:00:00;351,8885973
25Jan2020 14:00:00;308,6945551
25Jan2020 15:00:00;227,0330333
25Jan2020 16:00:00;112,5715539
25Jan2020 17:00:00;22,6503122
25Jan2020 18:00:00;0,0782330
25Jan2020 19:00:00;0,0000080
25Jan2020 20:00:00;0,0000000
25Jan2020 21:00:00;0,0000000
25Jan2020 22:00:00;0,0000000
25Jan2020 23:00:00;0,0000000
26Jan2020 0:00:00;0,0000000
26Jan2020 1:00:00;0,0000080
26Jan2020 2:00:00;0,0000000
26Jan2020 3:00:00;0,0000000
26Jan2020 4:00:00;0,0000080
26Jan2020 5:00:00;0,0000000
26Jan2020 6:00:00;0,0000000
26Jan2020 7:00:00;8,9406929
26Jan2020 8:00:00;55,6259324
26Jan2020 9:00:00;158,7968716
26Jan2020 10:00:00;263,0676044
26Jan2020 11:00:00;325,3459253
26Jan2020 12:00:00;348,6025389
26Jan2020 13:00:00;341,4595191
26Jan2020 14:00:00;299,7393109
26Jan2020 15:00:00;218,2057800
26Jan2020 16:00:00;104,6633925
26Jan2020 17:00:00;19,3616872
26Jan2020 18:00:00;0,0577560
26Jan2020 19:00:00;0,0000000
26Jan2020 20:00:00;0,0000000
26Jan2020 21:00:00;0,0000000
26Jan2020 22:00:00;0,0000000
26Jan2020 23:00:00;0,0000000
27Jan2020 0:00:00;0,0000000
27Jan2020 1:00:00;0,0000000
27Jan2020 2:00:00;0,0000000
27Jan2020 3:00:00;0,0000000
27Jan2020 4:00:00;0,0000000
27Jan2020 5:00:00;0,0000000
27Jan2020 6:00:00;0,0000000
27Jan2020 7:00:00;5,6470248
27Jan2020 8:00:00;41,6714298
27Jan2020 9:00:00;120,9595974
27Jan2020 10:00:00;203,6552493
27Jan2020 11:00:00;225,2211578
27Jan2020 12:00:00;236,8045010
27Jan2020 13:00:00;222,2113202
27Jan2020 14:00:00;159,5098506
27Jan2020 15:00:00;89,3271124
27Jan2020 16:00:00;37,5661348
27Jan2020 17:00:00;7,9093823
27Jan2020 18:00:00;0,0113750
27Jan2020 19:00:00;0,0000000
27Jan2020 20:00:00;0,0000080
27Jan2020 21:00:00;0,0000000
27Jan2020 22:00:00;0,0000000
27Jan2020 23:00:00;0,0000080
28Jan2020 0:00:00;0,0000000
28Jan2020 1:00:00;0,0000000
28Jan2020 2:00:00;0,0000080
28Jan2020 3:00:00;0,0000000
28Jan2020 4:00:00;0,0000000
28Jan2020 5:00:00;0,0000080
28Jan2020 6:00:00;0,0000000
28Jan2020 7:00:00;1,0081567
28Jan2020 8:00:00;7,5100897
28Jan2020 9:00:00;23,7602415
28Jan2020 10:00:00;42,2857233
28Jan2020 11:00:00;57,3928233
28Jan2020 12:00:00;70,4368330
28Jan2020 13:00:00;75,2317411
28Jan2020 14:00:00;68,5395166
28Jan2020 15:00:00;47,2364104
28Jan2020 16:00:00;18,6543513
28Jan2020 17:00:00;3,6206530
28Jan2020 18:00:00;0,0169700
28Jan2020 19:00:00;0,0000000
28Jan2020 20:00:00;0,0794060
28Jan2020 21:00:00;0,0000000
28Jan2020 22:00:00;0,0000000
28Jan2020 23:00:00;0,0000080
29Jan2020 0:00:00;0,0000000
29Jan2020 1:00:00;0,0000000
29Jan2020 2:00:00;0,0000080
29Jan2020 3:00:00;0,0000000
29Jan2020 4:00:00;0,0000000
29Jan2020 5:00:00;0,0000080
29Jan2020 6:00:00;0,0000000
29Jan2020 7:00:00;3,9200416
29Jan2020 8:00:00;31,1417747
29Jan2020 9:00:00;94,3381264
29Jan2020 10:00:00;172,8141854
29Jan2020 11:00:00;229,4196691
29Jan2020 12:00:00;243,4055161
29Jan2020 13:00:00;230,1460077
29Jan2020 14:00:00;180,3416778
29Jan2020 15:00:00;123,0761596
29Jan2020 16:00:00;49,0506269
29Jan2020 17:00:00;5,6099697
29Jan2020 18:00:00;0,7584930
29Jan2020 19:00:00;0,0000000
29Jan2020 20:00:00;0,0000080
29Jan2020 21:00:00;0,0000000
29Jan2020 22:00:00;0,0000000
29Jan2020 23:00:00;0,0000000
30Jan2020 0:00:00;0,0000000
30Jan2020 1:00:00;0,0000080
30Jan2020 2:00:00;0,0000000
30Jan2020 3:00:00;0,0000000
30Jan2020 4:00:00;0,0000080
30Jan2020 5:00:00;0,0000000
30Jan2020 6:00:00;0,0000000
30Jan2020 7:00:00;0,5295056
30Jan2020 8:00:00;5,9992206
30Jan2020 9:00:00;19,7260390
30Jan2020 10:00:00;36,3415938
30Jan2020 11:00:00;51,8284081
30Jan2020 12:00:00;60,0317887
30Jan2020 13:00:00;49,3594820
30Jan2020 14:00:00;38,5836243
30Jan2020 15:00:00;21,9718274
30Jan2020 16:00:00;8,0732149
30Jan2020 17:00:00;0,8286849
30Jan2020 18:00:00;0,0000000
30Jan2020 19:00:00;0,0216830
30Jan2020 20:00:00;0,0000000
30Jan2020 21:00:00;0,0000000
30Jan2020 22:00:00;0,0000080
30Jan2020 23:00:00;0,0000000
31Jan2020 0:00:00;0,0000000
31Jan2020 1:00:00;0,0000080
31Jan2020 2:00:00;0,0000000
31Jan2020 3:00:00;0,0000000
31Jan2020 4:00:00;0,0000080
31Jan2020 5:00:00;0,0000000
31Jan2020 6:00:00;0,0000000
31Jan2020 7:00:00;3,6702516
31Jan2020 8:00:00;28,7124618
31Jan2020 9:00:00;80,0577182
31Jan2020 10:00:00;140,7599169
31Jan2020 11:00:00;181,3479999
31Jan2020 12:00:00;201,3106723
31Jan2020 13:00:00;190,2947977
31Jan2020 14:00:00;183,9628241
31Jan2020 15:00:00;145,8286955
31Jan2020 16:00:00;88,7345222
31Jan2020 17:00:00;22,3962735
31Jan2020 18:00:00;0,3024570
31Jan2020 19:00:00;0,0000000
31Jan2020 20:00:00;0,0000000
31Jan2020 21:00:00;0,0000080
31Jan2020 22:00:00;0,0000000
31Jan2020 23:00:00;0,0000000
01Feb2020 0:00:00;0,0000000
01Feb2020 1:00:00;0,0000000
01Feb2020 2:00:00;0,0000000
01Feb2020 3:00:00;0,0000000
01Feb2020 4:00:00;0,0000000
01Feb2020 5:00:00;0,0000000
01Feb2020 6:00:00;0,0000000
01Feb2020 7:00:00;0,2784100
01Feb2020 8:00:00;4,3317552
01Feb2020 9:00:00;22,5239318
01Feb2020 10:00:00;50,3856387
01Feb2020 11:00:00;91,6014574
01Feb2020 12:00:00;121,1191491
01Feb2020 13:00:00;150,8015372
01Feb2020 14:00:00;161,1923133
01Feb2020 15:00:00;122,4038219
01Feb2020 16:00:00;47,8765525
01Feb2020 17:00:00;6,6530948
01Feb2020 18:00:00;0,0213760
01Feb2020 19:00:00;0,0000000
01Feb2020 20:00:00;0,0000000
01Feb2020 21:00:00;0,0000000
01Feb2020 22:00:00;0,0000000
01Feb2020 23:00:00;0,0000000
02Feb2020 0:00:00;0,0000000
02Feb2020 1:00:00;0,0000000
02Feb2020 2:00:00;0,0000000
02Feb2020 3:00:00;0,0000000
02Feb2020 4:00:00;0,0000000
02Feb2020 5:00:00;0,0000000
02Feb2020 6:00:00;0,0000000
02Feb2020 7:00:00;3,0476330
02Feb2020 8:00:00;24,1876249
02Feb2020 9:00:00;71,3757018
02Feb2020 10:00:00;134,8264377
02Feb2020 11:00:00;200,9039665
02Feb2020 12:00:00;242,9118965
02Feb2020 13:00:00;242,3675449
02Feb2020 14:00:00;217,8399303
02Feb2020 15:00:00;169,6667414
02Feb2020 16:00:00;91,3072593
02Feb2020 17:00:00;22,6357665
02Feb2020 18:00:00;1,2628581
02Feb2020 19:00:00;0,0000000
02Feb2020 20:00:00;0,0000000
02Feb2020 21:00:00;0,0000000
02Feb2020 22:00:00;0,0000000
02Feb2020 23:00:00;0,0000000
03Feb2020 0:00:00;0,0000000
03Feb2020 1:00:00;0,0000000
03Feb2020 2:00:00;0,0000000
03Feb2020 3:00:00;0,0000000
03Feb2020 4:00:00;0,0000000
03Feb2020 5:00:00;0,0000000
03Feb2020 6:00:00;0,0000000
03Feb2020 7:00:00;3,5961160
03Feb2020 8:00:00;26,7824071
03Feb2020 9:00:00;72,3629778
03Feb2020 10:00:00;115,7619651
03Feb2020 11:00:00;151,1431593
03Feb2020 12:00:00;165,6154038
03Feb2020 13:00:00;171,5587961
03Feb2020 14:00:00;139,4272584
03Feb2020 15:00:00;74,6708701
03Feb2020 16:00:00;27,2318770
03Feb2020 17:00:00;5,2350342
03Feb2020 18:00:00;0,0084290
03Feb2020 19:00:00;0,0000000
03Feb2020 20:00:00;0,0000000
03Feb2020 21:00:00;0,0000000
03Feb2020 22:00:00;0,0000000
03Feb2020 23:00:00;0,0000000
04Feb2020 0:00:00;0,0000000
04Feb2020 1:00:00;0,0000000
04Feb2020 2:00:00;0,0000000
04Feb2020 3:00:00;0,0000000
04Feb2020 4:00:00;0,0000000
04Feb2020 5:00:00;0,0000000
04Feb2020 6:00:00;0,0000000
04Feb2020 7:00:00;0,9073760
04Feb2020 8:00:00;9,7878607
04Feb2020 9:00:00;36,9766809
04Feb2020 10:00:00;77,3704143
04Feb2020 11:00:00;105,5361193
04Feb2020 12:00:00;113,3923575
04Feb2020 13:00:00;115,3512694
04Feb2020 14:00:00;119,5994182
04Feb2020 15:00:00;80,5663033
04Feb2020 16:00:00;32,7131931
04Feb2020 17:00:00;6,7502239
04Feb2020 18:00:00;0,0213577
04Feb2020 19:00:00;0,0000000
04Feb2020 20:00:00;0,0000000
04Feb2020 21:00:00;0,0000000
04Feb2020 22:00:00;0,0000000
04Feb2020 23:00:00;0,0000000
05Feb2020 0:00:00;0,0000000
05Feb2020 1:00:00;0,0000000
05Feb2020 2:00:00;0,0000000
05Feb2020 3:00:00;0,0000000
05Feb2020 4:00:00;0,0000000
05Feb2020 5:00:00;0,0000000
05Feb2020 6:00:00;0,0000000
05Feb2020 7:00:00;3,1990470
05Feb2020 8:00:00;18,5878510
05Feb2020 9:00:00;44,2494991
05Feb2020 10:00:00;66,1195221
05Feb2020 11:00:00;89,6132465
05Feb2020 12:00:00;114,2665920
05Feb2020 13:00:00;114,9585401
05Feb2020 14:00:00;98,5218993
05Feb2020 15:00:00;82,0676021
05Feb2020 16:00:00;40,1685819
05Feb2020 17:00:00;9,1525886
05Feb2020 18:00:00;0,2833180
05Feb2020 19:00:00;0,1095870
05Feb2020 20:00:00;0,0711320
05Feb2020 21:00:00;0,0173740
05Feb2020 22:00:00;0,0046220
05Feb2020 23:00:00;0,0000000
06Feb2020 0:00:00;0,1064610
06Feb2020 1:00:00;0,0000000
06Feb2020 2:00:00;0,0000000
06Feb2020 3:00:00;0,0000000
06Feb2020 4:00:00;0,0000000
06Feb2020 5:00:00;0,0000000
06Feb2020 6:00:00;0,0000000
06Feb2020 7:00:00;0,0470580
06Feb2020 8:00:00;1,9722562
06Feb2020 9:00:00;10,1228871
06Feb2020 10:00:00;29,0987593
06Feb2020 11:00:00;59,6913321
06Feb2020 12:00:00;96,5175588
06Feb2020 13:00:00;96,8778069
06Feb2020 14:00:00;66,3988076
06Feb2020 15:00:00;34,1248636
06Feb2020 16:00:00;11,8671223
06Feb2020 17:00:00;3,3127415
06Feb2020 18:00:00;0,0028080
06Feb2020 19:00:00;0,0000000
06Feb2020 20:00:00;0,0688500
06Feb2020 21:00:00;0,0000000
06Feb2020 22:00:00;0,0000000
06Feb2020 23:00:00;0,0000000
07Feb2020 0:00:00;0,0000000
07Feb2020 1:00:00;0,0000000
07Feb2020 2:00:00;0,0000000
07Feb2020 3:00:00;0,0000000
07Feb2020 4:00:00;0,0000000
07Feb2020 5:00:00;0,0000000
07Feb2020 6:00:00;0,0024160
07Feb2020 7:00:00;2,1145080
07Feb2020 8:00:00;17,8555160
07Feb2020 9:00:00;56,4623788
07Feb2020 10:00:00;82,6789996
07Feb2020 11:00:00;87,9423813
07Feb2020 12:00:00;88,2414331
07Feb2020 13:00:00;71,8370725
07Feb2020 14:00:00;59,1412976
07Feb2020 15:00:00;42,6388870
07Feb2020 16:00:00;23,9739404
07Feb2020 17:00:00;7,5821305
07Feb2020 18:00:00;0,0487800
07Feb2020 19:00:00;0,0000000
07Feb2020 20:00:00;0,0014690
07Feb2020 21:00:00;0,0053050
07Feb2020 22:00:00;0,0000000
07Feb2020 23:00:00;0,0000000
08Feb2020 0:00:00;0,0000000
08Feb2020 1:00:00;0,0016650
08Feb2020 2:00:00;0,0000000
08Feb2020 3:00:00;0,0000000
08Feb2020 4:00:00;0,0000000
08Feb2020 5:00:00;0,0015720
08Feb2020 6:00:00;0,0139960
08Feb2020 7:00:00;7,8914440
08Feb2020 8:00:00;41,7298883
08Feb2020 9:00:00;107,2483158
08Feb2020 10:00:00;171,7398703
08Feb2020 11:00:00;196,6956565
08Feb2020 12:00:00;202,6409545
08Feb2020 13:00:00;202,3604479
08Feb2020 14:00:00;163,3930603
08Feb2020 15:00:00;123,2766838
08Feb2020 16:00:00;78,0254795
08Feb2020 17:00:00;18,9469858
08Feb2020 18:00:00;1,0457490
08Feb2020 19:00:00;0,0000000
08Feb2020 20:00:00;0,5712320
08Feb2020 21:00:00;0,0000000
08Feb2020 22:00:00;0,0000000
08Feb2020 23:00:00;0,0000000
09Feb2020 0:00:00;0,0016620
09Feb2020 1:00:00;0,0000000
09Feb2020 2:00:00;0,0000000
09Feb2020 3:00:00;0,0000000
09Feb2020 4:00:00;0,0000000
09Feb2020 5:00:00;0,0000000
09Feb2020 6:00:00;0,0036560
09Feb2020 7:00:00;7,7589700
09Feb2020 8:00:00;38,7754077
09Feb2020 9:00:00;91,3853318
09Feb2020 10:00:00;137,3103352
09Feb2020 11:00:00;161,2205777
09Feb2020 12:00:00;157,2649777
09Feb2020 13:00:00;153,3690287
09Feb2020 14:00:00;135,5075967
09Feb2020 15:00:00;105,9641687
09Feb2020 16:00:00;58,3047037
09Feb2020 17:00:00;12,3616932
09Feb2020 18:00:00;0,2119185
09Feb2020 19:00:00;0,0000000
09Feb2020 20:00:00;0,0000000
09Feb2020 21:00:00;0,0000000
09Feb2020 22:00:00;0,0000000
09Feb2020 23:00:00;0,0000000
10Feb2020 0:00:00;0,0000000
10Feb2020 1:00:00;0,0000000
10Feb2020 2:00:00;0,0000000
10Feb2020 3:00:00;0,0000000
10Feb2020 4:00:00;0,0000000
10Feb2020 5:00:00;0,0000000
10Feb2020 6:00:00;0,0137050
10Feb2020 7:00:00;7,7060840
10Feb2020 8:00:00;54,0157115
10Feb2020 9:00:00;132,9234290
10Feb2020 10:00:00;191,5834062
10Feb2020 11:00:00;225,3091952
10Feb2020 12:00:00;244,4621519
10Feb2020 13:00:00;259,9983717
10Feb2020 14:00:00;255,1441107
10Feb2020 15:00:00;204,1830040
10Feb2020 16:00:00;122,6319902
10Feb2020 17:00:00;36,0403251
10Feb2020 18:00:00;0,5575278
10Feb2020 19:00:00;0,0016600
10Feb2020 20:00:00;0,0000000
10Feb2020 21:00:00;0,0000000
10Feb2020 22:00:00;0,0000000
10Feb2020 23:00:00;0,0000000
11Feb2020 0:00:00;0,0000000
11Feb2020 1:00:00;0,0000000
11Feb2020 2:00:00;0,0000000
11Feb2020 3:00:00;0,0016630
11Feb2020 4:00:00;0,0000000
11Feb2020 5:00:00;0,0000000
11Feb2020 6:00:00;0,0015040
11Feb2020 7:00:00;1,6218060
11Feb2020 8:00:00;9,8102498
11Feb2020 9:00:00;22,8240179
11Feb2020 10:00:00;33,1571022
11Feb2020 11:00:00;45,8236647
11Feb2020 12:00:00;59,0596596
11Feb2020 13:00:00;53,8693773
11Feb2020 14:00:00;46,1807815
11Feb2020 15:00:00;39,6092264
11Feb2020 16:00:00;22,3461033
11Feb2020 17:00:00;8,3410936
11Feb2020 18:00:00;0,0765370
11Feb2020 19:00:00;0,0000000
11Feb2020 20:00:00;0,0000000
11Feb2020 21:00:00;0,0000000
11Feb2020 22:00:00;0,0000000
11Feb2020 23:00:00;0,0016620
12Feb2020 0:00:00;0,0000000
12Feb2020 1:00:00;0,0000000
12Feb2020 2:00:00;0,0000000
12Feb2020 3:00:00;0,0000000
12Feb2020 4:00:00;0,0000000
12Feb2020 5:00:00;0,0000000
12Feb2020 6:00:00;0,0015030
12Feb2020 7:00:00;0,5877020
12Feb2020 8:00:00;3,7709182
12Feb2020 9:00:00;9,2412325
12Feb2020 10:00:00;19,4661063
12Feb2020 11:00:00;35,9105390
12Feb2020 12:00:00;51,8905980
12Feb2020 13:00:00;64,3415500
12Feb2020 14:00:00;70,0674335
12Feb2020 15:00:00;62,8903017
12Feb2020 16:00:00;35,9726825
12Feb2020 17:00:00;7,9548993
12Feb2020 18:00:00;0,0921890
12Feb2020 19:00:00;0,0000000
12Feb2020 20:00:00;0,0000000
12Feb2020 21:00:00;0,0000000
12Feb2020 22:00:00;0,0000000
12Feb2020 23:00:00;0,0000000
13Feb2020 0:00:00;0,0000000
13Feb2020 1:00:00;0,0000000
13Feb2020 2:00:00;0,0000000
13Feb2020 3:00:00;0,0000000
13Feb2020 4:00:00;0,0000000
13Feb2020 5:00:00;0,0000000
13Feb2020 6:00:00;0,0062370
13Feb2020 7:00:00;2,9273840
13Feb2020 8:00:00;23,7251877
13Feb2020 9:00:00;74,8302263
13Feb2020 10:00:00;146,4267693
13Feb2020 11:00:00;217,1942598
13Feb2020 12:00:00;245,7063835
13Feb2020 13:00:00;257,8677134
13Feb2020 14:00:00;268,4157810
13Feb2020 15:00:00;224,8269538
13Feb2020 16:00:00;142,4881640
13Feb2020 17:00:00;44,7691396
13Feb2020 18:00:00;1,4693198
13Feb2020 19:00:00;0,0000000
13Feb2020 20:00:00;0,0000000
13Feb2020 21:00:00;0,0016570
13Feb2020 22:00:00;0,0000000
13Feb2020 23:00:00;0,0000000
14Feb2020 0:00:00;0,0000000
14Feb2020 1:00:00;0,0000000
14Feb2020 2:00:00;0,0000000
14Feb2020 3:00:00;0,0000000
14Feb2020 4:00:00;0,0016580
14Feb2020 5:00:00;0,0000000
14Feb2020 6:00:00;0,3010730
14Feb2020 7:00:00;16,4994330
14Feb2020 8:00:00;78,8046975
14Feb2020 9:00:00;174,5412656
14Feb2020 10:00:00;250,7142138
14Feb2020 11:00:00;294,2732850
14Feb2020 12:00:00;317,8579865
14Feb2020 13:00:00;292,7161699
14Feb2020 14:00:00;232,7205910
14Feb2020 15:00:00;146,2707183
14Feb2020 16:00:00;67,2064630
14Feb2020 17:00:00;17,0079755
14Feb2020 18:00:00;0,2012550
14Feb2020 19:00:00;1,2745460
14Feb2020 20:00:00;0,0000000
14Feb2020 21:00:00;0,0000000
14Feb2020 22:00:00;0,0000000
14Feb2020 23:00:00;0,0016630
15Feb2020 0:00:00;0,0000000
15Feb2020 1:00:00;0,0000000
15Feb2020 2:00:00;0,0000000
15Feb2020 3:00:00;0,0000000
15Feb2020 4:00:00;0,0000000
15Feb2020 5:00:00;0,0000000
15Feb2020 6:00:00;0,0187830
15Feb2020 7:00:00;7,4363103
15Feb2020 8:00:00;40,7488713
15Feb2020 9:00:00;113,0371538
15Feb2020 10:00:00;194,1311303
15Feb2020 11:00:00;241,0834075
15Feb2020 12:00:00;261,0472185
15Feb2020 13:00:00;246,8362439
15Feb2020 14:00:00;205,1764013
15Feb2020 15:00:00;153,2570488
15Feb2020 16:00:00;77,2868885
15Feb2020 17:00:00;22,1203258
15Feb2020 18:00:00;0,4910842
15Feb2020 19:00:00;0,0000000
15Feb2020 20:00:00;0,0000000
15Feb2020 21:00:00;0,0000000
15Feb2020 22:00:00;0,0000000
15Feb2020 23:00:00;0,0016630
16Feb2020 0:00:00;0,0000000
16Feb2020 1:00:00;0,0000000
16Feb2020 2:00:00;0,0000000
16Feb2020 3:00:00;0,0016630
16Feb2020 4:00:00;0,0000000
16Feb2020 5:00:00;0,0000000
16Feb2020 6:00:00;0,0000010
16Feb2020 7:00:00;3,2411560
16Feb2020 8:00:00;20,9469127
16Feb2020 9:00:00;61,1987998
16Feb2020 10:00:00;115,0650537
16Feb2020 11:00:00;169,0178967
16Feb2020 12:00:00;212,9933287
16Feb2020 13:00:00;207,9436477
16Feb2020 14:00:00;164,8174597
16Feb2020 15:00:00;107,1585317
16Feb2020 16:00:00;55,8571767
16Feb2020 17:00:00;16,5547872
16Feb2020 18:00:00;0,2762285
16Feb2020 19:00:00;0,0000000
16Feb2020 20:00:00;0,0000000
16Feb2020 21:00:00;0,0000000
16Feb2020 22:00:00;0,0000000
16Feb2020 23:00:00;0,0000000
17Feb2020 0:00:00;0,0000000
17Feb2020 1:00:00;0,0000000
17Feb2020 2:00:00;0,0000000
17Feb2020 3:00:00;0,0000000
17Feb2020 4:00:00;0,0000000
17Feb2020 5:00:00;0,0015540
17Feb2020 6:00:00;0,5365070
17Feb2020 7:00:00;23,4944745
17Feb2020 8:00:00;107,1086015
17Feb2020 9:00:00;224,8553110
17Feb2020 10:00:00;308,3710752
17Feb2020 11:00:00;366,2336532
17Feb2020 12:00:00;375,5570689
17Feb2020 13:00:00;364,7874817
17Feb2020 14:00:00;346,0930857
17Feb2020 15:00:00;277,9171890
17Feb2020 16:00:00;174,0702162
17Feb2020 17:00:00;59,6144111
17Feb2020 18:00:00;5,0561010
17Feb2020 19:00:00;0,0000000
17Feb2020 20:00:00;0,0016680
17Feb2020 21:00:00;0,0000000
17Feb2020 22:00:00;0,0000000
17Feb2020 23:00:00;0,0000000
18Feb2020 0:00:00;0,0000000
18Feb2020 1:00:00;0,0000000
18Feb2020 2:00:00;0,0000000
18Feb2020 3:00:00;0,0016630
18Feb2020 4:00:00;0,0000000
18Feb2020 5:00:00;0,0000000
18Feb2020 6:00:00;0,6039990
18Feb2020 7:00:00;25,8325337
18Feb2020 8:00:00;114,2594748
18Feb2020 9:00:00;231,1682479
18Feb2020 10:00:00;311,0228602
18Feb2020 11:00:00;360,9248487
18Feb2020 12:00:00;369,3774796
18Feb2020 13:00:00;364,6965343
18Feb2020 14:00:00;339,8250515
18Feb2020 15:00:00;274,1792564
18Feb2020 16:00:00;166,3335923
18Feb2020 17:00:00;56,3651276
18Feb2020 18:00:00;2,7152028
18Feb2020 19:00:00;0,0012020
18Feb2020 20:00:00;0,0000000
18Feb2020 21:00:00;0,0000000
18Feb2020 22:00:00;0,0000000
18Feb2020 23:00:00;0,0016620
19Feb2020 0:00:00;0,0000000
19Feb2020 1:00:00;0,0000000
19Feb2020 2:00:00;0,0000000
19Feb2020 3:00:00;0,0000000
19Feb2020 4:00:00;0,0000000
19Feb2020 5:00:00;0,0000000
19Feb2020 6:00:00;0,6419620
19Feb2020 7:00:00;25,7130490
19Feb2020 8:00:00;111,4919577
19Feb2020 9:00:00;228,1037465
19Feb2020 10:00:00;318,4830063
19Feb2020 11:00:00;366,9792050
19Feb2020 12:00:00;376,9275980
19Feb2020 13:00:00;365,8476530
19Feb2020 14:00:00;327,9693565
19Feb2020 15:00:00;261,0218777
19Feb2020 16:00:00;153,0371655
19Feb2020 17:00:00;49,5709973
19Feb2020 18:00:00;2,0618735
19Feb2020 19:00:00;0,0016590
19Feb2020 20:00:00;0,0000000
19Feb2020 21:00:00;0,0000000
19Feb2020 22:00:00;0,0000000
19Feb2020 23:00:00;0,0000000
20Feb2020 0:00:00;0,0000000
20Feb2020 1:00:00;0,0000000
20Feb2020 2:00:00;0,0000000
20Feb2020 3:00:00;0,0000000
20Feb2020 4:00:00;0,0000000
20Feb2020 5:00:00;0,0000000
20Feb2020 6:00:00;0,1570670
20Feb2020 7:00:00;12,1403683
20Feb2020 8:00:00;59,4005890
20Feb2020 9:00:00;125,3043441
20Feb2020 10:00:00;144,7994363
20Feb2020 11:00:00;152,6937438
20Feb2020 12:00:00;203,7569085
20Feb2020 13:00:00;217,0242714
20Feb2020 14:00:00;205,7220150
20Feb2020 15:00:00;182,3354203
20Feb2020 16:00:00;101,5758335
20Feb2020 17:00:00;34,3093586
20Feb2020 18:00:00;1,3242328
20Feb2020 19:00:00;0,0000000
20Feb2020 20:00:00;0,0000000
20Feb2020 21:00:00;0,0000000
20Feb2020 22:00:00;0,0016600
20Feb2020 23:00:00;0,0000000
21Feb2020 0:00:00;0,0000000
21Feb2020 1:00:00;0,0000000
21Feb2020 2:00:00;0,0000000
21Feb2020 3:00:00;0,0000000
21Feb2020 4:00:00;0,0000000
21Feb2020 5:00:00;0,0015530
21Feb2020 6:00:00;0,0031040
21Feb2020 7:00:00;2,2397510
21Feb2020 8:00:00;11,4295865
21Feb2020 9:00:00;24,1447886
21Feb2020 10:00:00;36,5193918
21Feb2020 11:00:00;47,2261160
21Feb2020 12:00:00;56,9114505
21Feb2020 13:00:00;58,4141459
21Feb2020 14:00:00;50,5472420
21Feb2020 15:00:00;38,0911653
21Feb2020 16:00:00;22,9928330
21Feb2020 17:00:00;8,8423315
21Feb2020 18:00:00;0,3426521
21Feb2020 19:00:00;0,0000000
21Feb2020 20:00:00;0,0000000
21Feb2020 21:00:00;0,0016550
21Feb2020 22:00:00;0,0000000
21Feb2020 23:00:00;0,0000000
22Feb2020 0:00:00;0,0000000
22Feb2020 1:00:00;0,0016650
22Feb2020 2:00:00;0,0000000
22Feb2020 3:00:00;0,0000000
22Feb2020 4:00:00;0,0000000
22Feb2020 5:00:00;0,0000000
22Feb2020 6:00:00;0,0087150
22Feb2020 7:00:00;1,7777490
22Feb2020 8:00:00;10,9082543
22Feb2020 9:00:00;29,9670958
22Feb2020 10:00:00;53,2239613
22Feb2020 11:00:00;68,2686285
22Feb2020 12:00:00;77,8535635
22Feb2020 13:00:00;69,5031649
22Feb2020 14:00:00;55,2285913
22Feb2020 15:00:00;39,2405328
22Feb2020 16:00:00;22,1623795
22Feb2020 17:00:00;6,3578358
22Feb2020 18:00:00;0,1273730
22Feb2020 19:00:00;0,0000000
22Feb2020 20:00:00;0,0000000
22Feb2020 21:00:00;0,0000000
22Feb2020 22:00:00;0,0016590
22Feb2020 23:00:00;0,0000000
23Feb2020 0:00:00;0,0000000
23Feb2020 1:00:00;0,0000000
23Feb2020 2:00:00;0,0000000
23Feb2020 3:00:00;0,0000000
23Feb2020 4:00:00;0,0000000
23Feb2020 5:00:00;0,0000000
23Feb2020 6:00:00;0,2109850
23Feb2020 7:00:00;8,3264756
23Feb2020 8:00:00;35,8842657
23Feb2020 9:00:00;81,0516998
23Feb2020 10:00:00;134,3074057
23Feb2020 11:00:00;168,6191897
23Feb2020 12:00:00;176,0601947
23Feb2020 13:00:00;174,7657727
23Feb2020 14:00:00;154,4028947
23Feb2020 15:00:00;128,0147187
23Feb2020 16:00:00;71,5044677
23Feb2020 17:00:00;23,7450932
23Feb2020 18:00:00;1,2398105
23Feb2020 19:00:00;0,0000000
23Feb2020 20:00:00;0,0000000
23Feb2020 21:00:00;0,0000000
23Feb2020 22:00:00;0,0016620
23Feb2020 23:00:00;0,0000000
24Feb2020 0:00:00;0,0000000
24Feb2020 1:00:00;0,0000000
24Feb2020 2:00:00;0,0000000
24Feb2020 3:00:00;0,0016630
24Feb2020 4:00:00;0,0000000
24Feb2020 5:00:00;0,0004220
24Feb2020 6:00:00;1,0480600
24Feb2020 7:00:00;24,4187895
24Feb2020 8:00:00;93,3141255
24Feb2020 9:00:00;176,6888400
24Feb2020 10:00:00;224,3264062
24Feb2020 11:00:00;235,9695892
24Feb2020 12:00:00;235,7024679
24Feb2020 13:00:00;234,9028317
24Feb2020 14:00:00;237,9694047
24Feb2020 15:00:00;164,7659100
24Feb2020 16:00:00;80,2327972
24Feb2020 17:00:00;19,9178221
24Feb2020 18:00:00;0,7019350
24Feb2020 19:00:00;0,1918360
24Feb2020 20:00:00;0,0016680
24Feb2020 21:00:00;0,0000000
24Feb2020 22:00:00;0,0000000
24Feb2020 23:00:00;0,0000000
25Feb2020 0:00:00;0,0016650
25Feb2020 1:00:00;0,0000000
25Feb2020 2:00:00;0,0000000
25Feb2020 3:00:00;0,0000000
25Feb2020 4:00:00;0,0000000
25Feb2020 5:00:00;0,0000000
25Feb2020 6:00:00;1,7098120
25Feb2020 7:00:00;32,6822031
25Feb2020 8:00:00;131,7465502
25Feb2020 9:00:00;254,9369062
25Feb2020 10:00:00;350,7100293
25Feb2020 11:00:00;387,4168456
25Feb2020 12:00:00;388,7193510
25Feb2020 13:00:00;383,7851169
25Feb2020 14:00:00;350,3989765
25Feb2020 15:00:00;288,9064764
25Feb2020 16:00:00;187,9664379
25Feb2020 17:00:00;72,2156699
25Feb2020 18:00:00;5,9755757
25Feb2020 19:00:00;0,0059330
25Feb2020 20:00:00;0,0000000
25Feb2020 21:00:00;0,0000000
25Feb2020 22:00:00;0,0000000
25Feb2020 23:00:00;0,0000000
26Feb2020 0:00:00;0,0000000
26Feb2020 1:00:00;0,0000000
26Feb2020 2:00:00;0,0000000
26Feb2020 3:00:00;0,0000000
26Feb2020 4:00:00;0,0000000
26Feb2020 5:00:00;0,0015530
26Feb2020 6:00:00;2,3328960
26Feb2020 7:00:00;36,2275125
26Feb2020 8:00:00;135,1551642
26Feb2020 9:00:00;251,2741482
26Feb2020 10:00:00;338,6080564
26Feb2020 11:00:00;376,7402477
26Feb2020 12:00:00;384,8287944
26Feb2020 13:00:00;368,6447509
26Feb2020 14:00:00;344,8317841
26Feb2020 15:00:00;280,2300439
26Feb2020 16:00:00;182,1339325
26Feb2020 17:00:00;70,9390266
26Feb2020 18:00:00;6,4706954
26Feb2020 19:00:00;0,3913850
26Feb2020 20:00:00;0,0000000
26Feb2020 21:00:00;0,0000000
26Feb2020 22:00:00;0,0000000
26Feb2020 23:00:00;0,0000000
27Feb2020 0:00:00;0,0000000
27Feb2020 1:00:00;0,0000000
27Feb2020 2:00:00;0,0000000
27Feb2020 3:00:00;0,0000000
27Feb2020 4:00:00;0,0000000
27Feb2020 5:00:00;0,0000000
27Feb2020 6:00:00;0,3241580
27Feb2020 7:00:00;4,8951700
27Feb2020 8:00:00;18,5036714
27Feb2020 9:00:00;38,3481938
27Feb2020 10:00:00;57,7117292
27Feb2020 11:00:00;79,7426819
27Feb2020 12:00:00;93,2330978
27Feb2020 13:00:00;89,5315190
27Feb2020 14:00:00;77,1519627
27Feb2020 15:00:00;48,7578563
27Feb2020 16:00:00;28,6186062
27Feb2020 17:00:00;9,9097923
27Feb2020 18:00:00;0,3452648
27Feb2020 19:00:00;0,0013830
27Feb2020 20:00:00;0,0000000
27Feb2020 21:00:00;0,0000000
27Feb2020 22:00:00;0,0000000
27Feb2020 23:00:00;0,0000000
28Feb2020 0:00:00;0,0016640
28Feb2020 1:00:00;0,0000000
28Feb2020 2:00:00;0,0000000
28Feb2020 3:00:00;0,0000000
28Feb2020 4:00:00;0,0000000
28Feb2020 5:00:00;0,0000000
28Feb2020 6:00:00;0,1433970
28Feb2020 7:00:00;7,1139888
28Feb2020 8:00:00;39,4937359
28Feb2020 9:00:00;100,9379021
28Feb2020 10:00:00;159,5404959
28Feb2020 11:00:00;220,9046831
28Feb2020 12:00:00;254,2880728
28Feb2020 13:00:00;258,7045881
28Feb2020 14:00:00;215,7368341
28Feb2020 15:00:00;142,4882303
28Feb2020 16:00:00;70,5801170
28Feb2020 17:00:00;23,7129122
28Feb2020 18:00:00;1,8503293
28Feb2020 19:00:00;0,0013250
28Feb2020 20:00:00;0,0000000
28Feb2020 21:00:00;0,0000000
28Feb2020 22:00:00;0,0000000
28Feb2020 23:00:00;0,0016630
29Feb2020 0:00:00;0,0000000
29Feb2020 1:00:00;0,0000000
29Feb2020 2:00:00;0,0000000
29Feb2020 3:00:00;0,0000000
29Feb2020 4:00:00;0,0000000
29Feb2020 5:00:00;0,0014400
29Feb2020 6:00:00;0,4422590
29Feb2020 7:00:00;14,0067003
29Feb2020 8:00:00;56,3782216
29Feb2020 9:00:00;105,5177044
29Feb2020 10:00:00;138,8650759
29Feb2020 11:00:00;138,1513121
29Feb2020 12:00:00;142,5085755
29Feb2020 13:00:00;152,4590769
29Feb2020 14:00:00;156,9125469
29Feb2020 15:00:00;125,2922401
29Feb2020 16:00:00;75,0518364
29Feb2020 17:00:00;26,9445909
29Feb2020 18:00:00;3,4067012
29Feb2020 19:00:00;0,0076290
29Feb2020 20:00:00;0,0000000
29Feb2020 21:00:00;0,0000000
29Feb2020 22:00:00;0,0000000
29Feb2020 23:00:00;0,0000000
01Mar2020 0:00:00;0,0000000
01Mar2020 1:00:00;0,0000000
01Mar2020 2:00:00;0,0000080
01Mar2020 3:00:00;0,0000000
01Mar2020 4:00:00;0,0000080
01Mar2020 5:00:00;0,0000000
01Mar2020 6:00:00;3,0081830
01Mar2020 7:00:00;38,1474632
01Mar2020 8:00:00;136,3310785
01Mar2020 9:00:00;252,4860843
01Mar2020 10:00:00;308,3161200
01Mar2020 11:00:00;315,4665315
01Mar2020 12:00:00;325,9473435
01Mar2020 13:00:00;325,9122650
01Mar2020 14:00:00;297,7009250
01Mar2020 15:00:00;260,1171369
01Mar2020 16:00:00;179,8542291
01Mar2020 17:00:00;74,0361622
01Mar2020 18:00:00;7,3393932
01Mar2020 19:00:00;0,0108960
01Mar2020 20:00:00;0,0000000
01Mar2020 21:00:00;0,0000000
01Mar2020 22:00:00;0,0000080
01Mar2020 23:00:00;0,0000000
02Mar2020 0:00:00;0,0000000
02Mar2020 1:00:00;0,0000080
02Mar2020 2:00:00;0,0000000
02Mar2020 3:00:00;0,0000080
02Mar2020 4:00:00;0,0000000
02Mar2020 5:00:00;0,0199600
02Mar2020 6:00:00;4,1031860
02Mar2020 7:00:00;43,6725149
02Mar2020 8:00:00;148,3263955
02Mar2020 9:00:00;263,1179872
02Mar2020 10:00:00;346,1585972
02Mar2020 11:00:00;390,8066327
02Mar2020 12:00:00;400,5737647
02Mar2020 13:00:00;392,5386532
02Mar2020 14:00:00;360,4662521
02Mar2020 15:00:00;293,0588981
02Mar2020 16:00:00;192,1069105
02Mar2020 17:00:00;77,0836313
02Mar2020 18:00:00;8,0494399
02Mar2020 19:00:00;0,0301850
02Mar2020 20:00:00;0,0000080
02Mar2020 21:00:00;0,0000000
02Mar2020 22:00:00;0,0000000
02Mar2020 23:00:00;0,0000080
03Mar2020 0:00:00;0,0000000
03Mar2020 1:00:00;0,0000000
03Mar2020 2:00:00;0,0000080
03Mar2020 3:00:00;0,0000000
03Mar2020 4:00:00;0,0000000
03Mar2020 5:00:00;0,0146880
03Mar2020 6:00:00;3,9572940
03Mar2020 7:00:00;44,6274234
03Mar2020 8:00:00;151,5072886
03Mar2020 9:00:00;269,8661126
03Mar2020 10:00:00;353,1359250
03Mar2020 11:00:00;396,5581541
03Mar2020 12:00:00;405,8609881
03Mar2020 13:00:00;396,9170737
03Mar2020 14:00:00;364,8101628
03Mar2020 15:00:00;297,0109358
03Mar2020 16:00:00;190,9559551
03Mar2020 17:00:00;77,6834992
03Mar2020 18:00:00;8,2508099
03Mar2020 19:00:00;0,0091890
03Mar2020 20:00:00;0,0000000
03Mar2020 21:00:00;0,0000000
03Mar2020 22:00:00;0,0000000
03Mar2020 23:00:00;0,0000080
04Mar2020 0:00:00;0,0000000
04Mar2020 1:00:00;0,0000000
04Mar2020 2:00:00;0,0000080
04Mar2020 3:00:00;0,0000000
04Mar2020 4:00:00;0,0000000
04Mar2020 5:00:00;0,0089280
04Mar2020 6:00:00;4,6981380
04Mar2020 7:00:00;43,4444756
04Mar2020 8:00:00;139,3464296
04Mar2020 9:00:00;257,1969428
04Mar2020 10:00:00;335,9590053
04Mar2020 11:00:00;362,6815526
04Mar2020 12:00:00;332,9415442
04Mar2020 13:00:00;260,8888645
04Mar2020 14:00:00;174,2081031
04Mar2020 15:00:00;109,0288326
04Mar2020 16:00:00;68,8332158
04Mar2020 17:00:00;31,1308606
04Mar2020 18:00:00;4,3318604
04Mar2020 19:00:00;0,0042480
04Mar2020 20:00:00;1,3696270
04Mar2020 21:00:00;0,0000000
04Mar2020 22:00:00;0,0000080
04Mar2020 23:00:00;0,0000000
05Mar2020 0:00:00;0,0000000
05Mar2020 1:00:00;0,0016620
05Mar2020 2:00:00;0,0000000
05Mar2020 3:00:00;0,0000000
05Mar2020 4:00:00;0,0000080
05Mar2020 5:00:00;0,0000000
05Mar2020 6:00:00;1,2068800
05Mar2020 7:00:00;15,8245733
05Mar2020 8:00:00;58,1298062
05Mar2020 9:00:00;124,7409864
05Mar2020 10:00:00;184,6418679
05Mar2020 11:00:00;239,9729428
05Mar2020 12:00:00;207,7293231
05Mar2020 13:00:00;161,1214395
05Mar2020 14:00:00;114,2754684
05Mar2020 15:00:00;79,2002028
05Mar2020 16:00:00;44,0926796
05Mar2020 17:00:00;16,9027058
05Mar2020 18:00:00;2,2926389
05Mar2020 19:00:00;0,0000080
05Mar2020 20:00:00;0,0000000
05Mar2020 21:00:00;0,0000000
05Mar2020 22:00:00;0,0000080
05Mar2020 23:00:00;0,0000000
06Mar2020 0:00:00;0,0000000
06Mar2020 1:00:00;0,0000080
06Mar2020 2:00:00;0,0000000
06Mar2020 3:00:00;0,0000080
06Mar2020 4:00:00;0,0000000
06Mar2020 5:00:00;0,0028400
06Mar2020 6:00:00;4,7579100
06Mar2020 7:00:00;43,2920817
06Mar2020 8:00:00;136,9329885
06Mar2020 9:00:00;232,5972536
06Mar2020 10:00:00;286,3066159
06Mar2020 11:00:00;279,7223759
06Mar2020 12:00:00;269,0889632
06Mar2020 13:00:00;259,6319164
06Mar2020 14:00:00;230,2907991
06Mar2020 15:00:00;196,0132416
06Mar2020 16:00:00;139,0828986
06Mar2020 17:00:00;58,9835427
06Mar2020 18:00:00;7,2388770
06Mar2020 19:00:00;0,0115660
06Mar2020 20:00:00;0,0000000
06Mar2020 21:00:00;0,0000080
06Mar2020 22:00:00;0,0000000
06Mar2020 23:00:00;0,0000000
07Mar2020 0:00:00;0,0000080
07Mar2020 1:00:00;0,0000000
07Mar2020 2:00:00;0,0000000
07Mar2020 3:00:00;0,0000080
07Mar2020 4:00:00;0,0000000
07Mar2020 5:00:00;0,0000000
07Mar2020 6:00:00;4,9029940
07Mar2020 7:00:00;45,5079243
07Mar2020 8:00:00;143,0182885
07Mar2020 9:00:00;254,6418747
07Mar2020 10:00:00;346,4809921
07Mar2020 11:00:00;390,4579535
07Mar2020 12:00:00;398,5709410
07Mar2020 13:00:00;393,4383342
07Mar2020 14:00:00;362,4452523
07Mar2020 15:00:00;292,4560413
07Mar2020 16:00:00;189,3479674
07Mar2020 17:00:00;80,6088855
07Mar2020 18:00:00;10,5489725
07Mar2020 19:00:00;0,0200280
07Mar2020 20:00:00;0,0000080
07Mar2020 21:00:00;0,0000000
07Mar2020 22:00:00;0,0000000
07Mar2020 23:00:00;0,0000080
08Mar2020 0:00:00;0,0000000
08Mar2020 1:00:00;0,0000000
08Mar2020 2:00:00;0,0000080
08Mar2020 3:00:00;0,0000000
08Mar2020 4:00:00;0,0000000
08Mar2020 5:00:00;0,0000080
08Mar2020 6:00:00;5,1970570
08Mar2020 7:00:00;47,0700858
08Mar2020 8:00:00;149,1832105
08Mar2020 9:00:00;252,7531491
08Mar2020 10:00:00;317,1187532
08Mar2020 11:00:00;341,8229208
08Mar2020 12:00:00;352,2136704
08Mar2020 13:00:00;343,3952929
08Mar2020 14:00:00;308,0201505
08Mar2020 15:00:00;238,9467303
08Mar2020 16:00:00;144,9507832
08Mar2020 17:00:00;56,5170298
08Mar2020 18:00:00;7,2366996
08Mar2020 19:00:00;0,8573170
08Mar2020 20:00:00;0,0000000
08Mar2020 21:00:00;0,0000080
08Mar2020 22:00:00;0,0000000
08Mar2020 23:00:00;0,0000000
09Mar2020 0:00:00;0,0000080
09Mar2020 1:00:00;0,0000000
09Mar2020 2:00:00;0,0000000
09Mar2020 3:00:00;0,0000080
09Mar2020 4:00:00;0,0000000
09Mar2020 5:00:00;0,0000080
09Mar2020 6:00:00;4,0189980
09Mar2020 7:00:00;37,1742450
09Mar2020 8:00:00;125,0277935
09Mar2020 9:00:00;224,8633271
09Mar2020 10:00:00;284,1409417
09Mar2020 11:00:00;313,1857563
09Mar2020 12:00:00;307,5147627
09Mar2020 13:00:00;297,3650301
09Mar2020 14:00:00;249,9001766
09Mar2020 15:00:00;187,4082594
09Mar2020 16:00:00;107,1181568
09Mar2020 17:00:00;40,8090633
09Mar2020 18:00:00;5,3386777
09Mar2020 19:00:00;0,0075290
09Mar2020 20:00:00;0,0000000
09Mar2020 21:00:00;0,0000080
09Mar2020 22:00:00;0,0000000
09Mar2020 23:00:00;0,0000000
10Mar2020 0:00:00;0,0000080
10Mar2020 1:00:00;0,0000000
10Mar2020 2:00:00;0,0000000
10Mar2020 3:00:00;0,0000080
10Mar2020 4:00:00;0,0000000
10Mar2020 5:00:00;0,0153600
10Mar2020 6:00:00;5,5620740
10Mar2020 7:00:00;39,1500358
10Mar2020 8:00:00;104,7643377
10Mar2020 9:00:00;156,7253139
10Mar2020 10:00:00;212,2184729
10Mar2020 11:00:00;221,4009833
10Mar2020 12:00:00;197,9585720
10Mar2020 13:00:00;175,6073501
10Mar2020 14:00:00;174,8668424
10Mar2020 15:00:00;132,7257640
10Mar2020 16:00:00;79,6138302
10Mar2020 17:00:00;28,4289273
10Mar2020 18:00:00;3,5013778
10Mar2020 19:00:00;0,0060320
10Mar2020 20:00:00;0,0000000
10Mar2020 21:00:00;0,0000080
10Mar2020 22:00:00;0,0000000
10Mar2020 23:00:00;0,0000000
11Mar2020 0:00:00;0,0000080
11Mar2020 1:00:00;0,0000000
11Mar2020 2:00:00;0,0000000
11Mar2020 3:00:00;0,0000000
11Mar2020 4:00:00;0,0000000
11Mar2020 5:00:00;0,0000080
11Mar2020 6:00:00;6,1646920
11Mar2020 7:00:00;51,0269868
11Mar2020 8:00:00;154,6872873
11Mar2020 9:00:00;255,6002319
11Mar2020 10:00:00;321,8979997
11Mar2020 11:00:00;338,9293955
11Mar2020 12:00:00;341,0385026
11Mar2020 13:00:00;337,2081529
11Mar2020 14:00:00;318,2156717
11Mar2020 15:00:00;264,7806225
11Mar2020 16:00:00;172,4676219
11Mar2020 17:00:00;70,8306251
11Mar2020 18:00:00;10,5306143
11Mar2020 19:00:00;0,0198800
11Mar2020 20:00:00;0,0000000
11Mar2020 21:00:00;0,0000000
11Mar2020 22:00:00;0,0000080
11Mar2020 23:00:00;0,0000000
12Mar2020 0:00:00;0,0000000
12Mar2020 1:00:00;0,0000080
12Mar2020 2:00:00;0,0000000
12Mar2020 3:00:00;0,0000080
12Mar2020 4:00:00;0,0000000
12Mar2020 5:00:00;0,0289720
12Mar2020 6:00:00;6,6118580
12Mar2020 7:00:00;51,9039538
12Mar2020 8:00:00;158,6154940
12Mar2020 9:00:00;271,6681388
12Mar2020 10:00:00;354,0841736
12Mar2020 11:00:00;391,9708642
12Mar2020 12:00:00;397,4050176
12Mar2020 13:00:00;387,5140634
12Mar2020 14:00:00;354,8384119
12Mar2020 15:00:00;289,7206056
12Mar2020 16:00:00;189,7701100
12Mar2020 17:00:00;81,6044182
12Mar2020 18:00:00;12,3622816
12Mar2020 19:00:00;0,0311780
12Mar2020 20:00:00;0,0000080
12Mar2020 21:00:00;0,0000000
12Mar2020 22:00:00;0,0000080
12Mar2020 23:00:00;0,0000000
13Mar2020 0:00:00;0,0000000
13Mar2020 1:00:00;0,0000080
13Mar2020 2:00:00;0,0000000
13Mar2020 3:00:00;0,0000000
13Mar2020 4:00:00;0,0000080
13Mar2020 5:00:00;0,0272950
13Mar2020 6:00:00;4,9813170
13Mar2020 7:00:00;39,9839996
13Mar2020 8:00:00;131,4738483
13Mar2020 9:00:00;231,8734213
13Mar2020 10:00:00;289,8421465
13Mar2020 11:00:00;304,7342838
13Mar2020 12:00:00;315,2808930
13Mar2020 13:00:00;283,6327362
13Mar2020 14:00:00;225,9077064
13Mar2020 15:00:00;144,6380660
13Mar2020 16:00:00;79,2201717
13Mar2020 17:00:00;29,0936815
13Mar2020 18:00:00;3,9984214
13Mar2020 19:00:00;1,0755710
13Mar2020 20:00:00;0,0000080
13Mar2020 21:00:00;0,0000000
13Mar2020 22:00:00;0,0000000
13Mar2020 23:00:00;0,0000000
14Mar2020 0:00:00;0,0000000
14Mar2020 1:00:00;0,0000000
14Mar2020 2:00:00;0,0000080
14Mar2020 3:00:00;0,0000000
14Mar2020 4:00:00;0,0000080
14Mar2020 5:00:00;0,0015500
14Mar2020 6:00:00;6,0803250
14Mar2020 7:00:00;48,7917192
14Mar2020 8:00:00;147,5459316
14Mar2020 9:00:00;258,7913082
14Mar2020 10:00:00;338,6102232
14Mar2020 11:00:00;380,1611674
14Mar2020 12:00:00;383,2910590
14Mar2020 13:00:00;381,7905504
14Mar2020 14:00:00;356,4358783
14Mar2020 15:00:00;292,2826880
14Mar2020 16:00:00;198,0529378
14Mar2020 17:00:00;87,8349974
14Mar2020 18:00:00;13,4787987
14Mar2020 19:00:00;0,0223430
14Mar2020 20:00:00;0,0000000
14Mar2020 21:00:00;0,0000000
14Mar2020 22:00:00;0,0000080
14Mar2020 23:00:00;0,0000000
15Mar2020 0:00:00;0,0000000
15Mar2020 1:00:00;0,0000080
15Mar2020 2:00:00;0,0000000
15Mar2020 3:00:00;0,0000000
15Mar2020 4:00:00;0,0000080
15Mar2020 5:00:00;0,0027030
15Mar2020 6:00:00;5,9640250
15Mar2020 7:00:00;39,1080489
15Mar2020 8:00:00;100,9324222
15Mar2020 9:00:00;162,5395245
15Mar2020 10:00:00;208,5070975
15Mar2020 11:00:00;240,5925403
15Mar2020 12:00:00;253,3161228
15Mar2020 13:00:00;253,1716762
15Mar2020 14:00:00;220,7313804
15Mar2020 15:00:00;161,0753052
15Mar2020 16:00:00;82,7156859
15Mar2020 17:00:00;26,9657355
15Mar2020 18:00:00;3,9810021
15Mar2020 19:00:00;0,0016760
15Mar2020 20:00:00;0,0019520
15Mar2020 21:00:00;0,0000080
15Mar2020 22:00:00;0,0000000
15Mar2020 23:00:00;0,0000000
16Mar2020 0:00:00;0,0000080
16Mar2020 1:00:00;0,0000000
16Mar2020 2:00:00;0,0000080
16Mar2020 3:00:00;0,0000000
16Mar2020 4:00:00;0,0000000
16Mar2020 5:00:00;0,0000080
16Mar2020 6:00:00;0,4703310
16Mar2020 7:00:00;6,7468521
16Mar2020 8:00:00;31,7294883
16Mar2020 9:00:00;72,8058063
16Mar2020 10:00:00;110,7241875
16Mar2020 11:00:00;125,4823927
16Mar2020 12:00:00;111,5955976
16Mar2020 13:00:00;87,4012635
16Mar2020 14:00:00;65,5651728
16Mar2020 15:00:00;46,9997497
16Mar2020 16:00:00;28,3701460
16Mar2020 17:00:00;13,5856644
16Mar2020 18:00:00;2,5853209
16Mar2020 19:00:00;0,0000080
16Mar2020 20:00:00;0,0000000
16Mar2020 21:00:00;0,0000000
16Mar2020 22:00:00;0,0000080
16Mar2020 23:00:00;0,0000000
17Mar2020 0:00:00;0,0000000
17Mar2020 1:00:00;0,0000080
17Mar2020 2:00:00;0,0000000
17Mar2020 3:00:00;0,0000000
17Mar2020 4:00:00;0,0000080
17Mar2020 5:00:00;0,0110480
17Mar2020 6:00:00;4,7165060
17Mar2020 7:00:00;36,4231617
17Mar2020 8:00:00;114,7410769
17Mar2020 9:00:00;218,4843549
17Mar2020 10:00:00;306,9997892
17Mar2020 11:00:00;347,9968041
17Mar2020 12:00:00;352,9626676
17Mar2020 13:00:00;348,8722220
17Mar2020 14:00:00;324,5102339
17Mar2020 15:00:00;273,3811872
17Mar2020 16:00:00;196,6180596
17Mar2020 17:00:00;89,8331363
17Mar2020 18:00:00;15,6984995
17Mar2020 19:00:00;0,0329880
17Mar2020 20:00:00;0,0000000
17Mar2020 21:00:00;0,0000000
17Mar2020 22:00:00;0,0000000
17Mar2020 23:00:00;0,0000080
18Mar2020 0:00:00;0,0000000
18Mar2020 1:00:00;0,0000000
18Mar2020 2:00:00;0,0000080
18Mar2020 3:00:00;0,0000000
18Mar2020 4:00:00;0,0000080
18Mar2020 5:00:00;0,0151640
18Mar2020 6:00:00;11,3962620
18Mar2020 7:00:00;69,2585967
18Mar2020 8:00:00;179,8704254
18Mar2020 9:00:00;270,9714040
18Mar2020 10:00:00;287,9337195
18Mar2020 11:00:00;251,6816796
18Mar2020 12:00:00;224,9220732
18Mar2020 13:00:00;204,2984891
18Mar2020 14:00:00;159,9917233
18Mar2020 15:00:00;124,3369786
18Mar2020 16:00:00;84,5298247
18Mar2020 17:00:00;40,2541122
18Mar2020 18:00:00;7,0427807
18Mar2020 19:00:00;0,0000080
18Mar2020 20:00:00;0,0000000
18Mar2020 21:00:00;0,0000000
18Mar2020 22:00:00;0,0000000
18Mar2020 23:00:00;0,0000000
19Mar2020 0:00:00;0,0000000
19Mar2020 1:00:00;0,0000080
19Mar2020 2:00:00;0,0000000
19Mar2020 3:00:00;0,0000080
19Mar2020 4:00:00;0,0000000
19Mar2020 5:00:00;0,0000000
19Mar2020 6:00:00;0,1564020
19Mar2020 7:00:00;2,4823553
19Mar2020 8:00:00;13,4998596
19Mar2020 9:00:00;38,5483709
19Mar2020 10:00:00;73,5153001
19Mar2020 11:00:00;105,5975235
19Mar2020 12:00:00;122,5341360
19Mar2020 13:00:00;119,1446413
19Mar2020 14:00:00;110,6820048
19Mar2020 15:00:00;95,0647329
19Mar2020 16:00:00;64,2510000
19Mar2020 17:00:00;27,8534346
19Mar2020 18:00:00;4,5889392
19Mar2020 19:00:00;0,0028330
19Mar2020 20:00:00;0,0000080
19Mar2020 21:00:00;0,0000000
19Mar2020 22:00:00;0,0000000
19Mar2020 23:00:00;0,0000080
20Mar2020 0:00:00;0,0000000
20Mar2020 1:00:00;0,0000000
20Mar2020 2:00:00;0,0000080
20Mar2020 3:00:00;0,0000000
20Mar2020 4:00:00;0,0000000
20Mar2020 5:00:00;0,0151390
20Mar2020 6:00:00;7,7076490
20Mar2020 7:00:00;48,3838267
20Mar2020 8:00:00;133,3529885
20Mar2020 9:00:00;209,0723088
20Mar2020 10:00:00;220,9810062
20Mar2020 11:00:00;211,5843440
20Mar2020 12:00:00;209,3509375
20Mar2020 13:00:00;192,5271871
20Mar2020 14:00:00;151,9525171
20Mar2020 15:00:00;107,1433862
20Mar2020 16:00:00;62,3902607
20Mar2020 17:00:00;24,8688004
20Mar2020 18:00:00;4,3272516
20Mar2020 19:00:00;0,2666710
20Mar2020 20:00:00;0,6190320
20Mar2020 21:00:00;0,0000000
20Mar2020 22:00:00;0,0000080
20Mar2020 23:00:00;0,0000000
21Mar2020 0:00:00;0,0000000
21Mar2020 1:00:00;0,0000080
21Mar2020 2:00:00;0,0000000
21Mar2020 3:00:00;0,0000080
21Mar2020 4:00:00;0,0000000
21Mar2020 5:00:00;0,0138610
21Mar2020 6:00:00;8,6871111
21Mar2020 7:00:00;51,2810744
21Mar2020 8:00:00;128,1649670
21Mar2020 9:00:00;206,1793520
21Mar2020 10:00:00;277,8910936
21Mar2020 11:00:00;334,8064006
21Mar2020 12:00:00;387,7518279
21Mar2020 13:00:00;403,0844596
21Mar2020 14:00:00;383,9625080
21Mar2020 15:00:00;320,4785558
21Mar2020 16:00:00;217,5341161
21Mar2020 17:00:00;99,1975000
21Mar2020 18:00:00;18,4917052
21Mar2020 19:00:00;0,0451305
21Mar2020 20:00:00;0,0000000
21Mar2020 21:00:00;0,0000080
21Mar2020 22:00:00;0,0000000
21Mar2020 23:00:00;0,0000000
22Mar2020 0:00:00;0,0000080
22Mar2020 1:00:00;0,0000000
22Mar2020 2:00:00;0,0000000
22Mar2020 3:00:00;0,0000080
22Mar2020 4:00:00;0,0000000
22Mar2020 5:00:00;0,0640620
22Mar2020 6:00:00;14,6979500
22Mar2020 7:00:00;78,9208351
22Mar2020 8:00:00;193,7626719
22Mar2020 9:00:00;306,6586403
22Mar2020 10:00:00;375,4227965
22Mar2020 11:00:00;404,2943986
22Mar2020 12:00:00;408,6260966
22Mar2020 13:00:00;392,3208413
22Mar2020 14:00:00;341,0211248
22Mar2020 15:00:00;275,5337800
22Mar2020 16:00:00;183,9478627
22Mar2020 17:00:00;80,3272773
22Mar2020 18:00:00;12,4762070
22Mar2020 19:00:00;0,0177760
22Mar2020 20:00:00;0,0000000
22Mar2020 21:00:00;0,0000000
22Mar2020 22:00:00;0,0000080
22Mar2020 23:00:00;0,0000000
23Mar2020 0:00:00;0,0000000
23Mar2020 1:00:00;0,0000080
23Mar2020 2:00:00;0,0000000
23Mar2020 3:00:00;0,0000000
23Mar2020 4:00:00;0,0000080
23Mar2020 5:00:00;0,0102470
23Mar2020 6:00:00;8,5233583
23Mar2020 7:00:00;52,0636546
23Mar2020 8:00:00;139,8044047
23Mar2020 9:00:00;249,7275540
23Mar2020 10:00:00;350,5633571
23Mar2020 11:00:00;386,1635736
23Mar2020 12:00:00;388,3595165
23Mar2020 13:00:00;366,7285841
23Mar2020 14:00:00;303,7427527
23Mar2020 15:00:00;216,0327191
23Mar2020 16:00:00;123,0618290
23Mar2020 17:00:00;46,9097677
23Mar2020 18:00:00;7,3686196
23Mar2020 19:00:00;0,0181900
23Mar2020 20:00:00;0,0000000
23Mar2020 21:00:00;0,0000080
23Mar2020 22:00:00;0,0000000
23Mar2020 23:00:00;0,0000080
24Mar2020 0:00:00;0,0000000
24Mar2020 1:00:00;0,0000000
24Mar2020 2:00:00;0,0000080
24Mar2020 3:00:00;0,0000000
24Mar2020 4:00:00;0,0000000
24Mar2020 5:00:00;0,0073700
24Mar2020 6:00:00;6,4477498
24Mar2020 7:00:00;39,3642436
24Mar2020 8:00:00;114,0390145
24Mar2020 9:00:00;221,2272548
24Mar2020 10:00:00;305,0056151
24Mar2020 11:00:00;355,2358706
24Mar2020 12:00:00;351,9298466
24Mar2020 13:00:00;305,1456318
24Mar2020 14:00:00;254,9653562
24Mar2020 15:00:00;178,3281293
24Mar2020 16:00:00;99,5790677
24Mar2020 17:00:00;38,9677791
24Mar2020 18:00:00;9,5512227
24Mar2020 19:00:00;1,9198220
24Mar2020 20:00:00;0,0000000
24Mar2020 21:00:00;0,0000000
24Mar2020 22:00:00;0,0000080
24Mar2020 23:00:00;0,0000000
25Mar2020 0:00:00;0,0000000
25Mar2020 1:00:00;0,0000080
25Mar2020 2:00:00;0,0000000
25Mar2020 3:00:00;0,0000080
25Mar2020 4:00:00;0,0000000
25Mar2020 5:00:00;0,0564660
25Mar2020 6:00:00;9,8476640
25Mar2020 7:00:00;56,3274610
25Mar2020 8:00:00;149,1863221
25Mar2020 9:00:00;244,6345213
25Mar2020 10:00:00;319,5345330
25Mar2020 11:00:00;357,4140860
25Mar2020 12:00:00;345,7972507
25Mar2020 13:00:00;334,5569259
25Mar2020 14:00:00;305,0813652
25Mar2020 15:00:00;256,3167822
25Mar2020 16:00:00;167,8454859
25Mar2020 17:00:00;76,0550843
25Mar2020 18:00:00;16,2885085
25Mar2020 19:00:00;0,0463360
25Mar2020 20:00:00;0,0000080
25Mar2020 21:00:00;0,0000000
25Mar2020 22:00:00;0,0000080
25Mar2020 23:00:00;0,0084800
26Mar2020 0:00:00;0,0000000
26Mar2020 1:00:00;0,0000080
26Mar2020 2:00:00;0,0000000
26Mar2020 3:00:00;0,0000000
26Mar2020 4:00:00;0,0000080
26Mar2020 5:00:00;0,1901900
26Mar2020 6:00:00;14,4647059
26Mar2020 7:00:00;73,9314378
26Mar2020 8:00:00;169,4572020
26Mar2020 9:00:00;272,4942616
26Mar2020 10:00:00;343,2596640
26Mar2020 11:00:00;386,5969081
26Mar2020 12:00:00;400,7135794
26Mar2020 13:00:00;393,7447911
26Mar2020 14:00:00;356,1161891
26Mar2020 15:00:00;295,7211886
26Mar2020 16:00:00;199,0635660
26Mar2020 17:00:00;90,5992958
26Mar2020 18:00:00;15,4130810
26Mar2020 19:00:00;0,0352920
26Mar2020 20:00:00;0,0000000
26Mar2020 21:00:00;0,0000000
26Mar2020 22:00:00;0,0000080
26Mar2020 23:00:00;0,0000000
27Mar2020 0:00:00;0,0000000
27Mar2020 1:00:00;0,0000080
27Mar2020 2:00:00;0,0000000
27Mar2020 3:00:00;0,0000080
27Mar2020 4:00:00;0,0000000
27Mar2020 5:00:00;0,0819160
27Mar2020 6:00:00;10,1770860
27Mar2020 7:00:00;53,5228971
27Mar2020 8:00:00;127,3084885
27Mar2020 9:00:00;209,4223753
27Mar2020 10:00:00;272,8720866
27Mar2020 11:00:00;315,1592320
27Mar2020 12:00:00;320,6668909
27Mar2020 13:00:00;290,7806814
27Mar2020 14:00:00;235,4942896
27Mar2020 15:00:00;165,9147156
27Mar2020 16:00:00;103,6777161
27Mar2020 17:00:00;43,1138351
27Mar2020 18:00:00;9,3893034
27Mar2020 19:00:00;0,0056290
27Mar2020 20:00:00;0,0000000
27Mar2020 21:00:00;0,0000000
27Mar2020 22:00:00;0,0000080
27Mar2020 23:00:00;0,0000000
28Mar2020 0:00:00;0,0000000
28Mar2020 1:00:00;0,0000000
28Mar2020 2:00:00;0,0000000
28Mar2020 3:00:00;0,0000080
28Mar2020 4:00:00;0,0000000
28Mar2020 5:00:00;0,0044100
28Mar2020 6:00:00;1,9792240
28Mar2020 7:00:00;10,7235586
28Mar2020 8:00:00;27,5549818
28Mar2020 9:00:00;48,1784808
28Mar2020 10:00:00;60,6738187
28Mar2020 11:00:00;74,4634925
28Mar2020 12:00:00;89,4318599
28Mar2020 13:00:00;83,1057293
28Mar2020 14:00:00;81,8873584
28Mar2020 15:00:00;65,2800483
28Mar2020 16:00:00;39,8874819
28Mar2020 17:00:00;17,5008824
28Mar2020 18:00:00;2,9615340
28Mar2020 19:00:00;0,0012600
28Mar2020 20:00:00;0,0000080
28Mar2020 21:00:00;0,0000000
28Mar2020 22:00:00;0,0000000
28Mar2020 23:00:00;0,0000080
29Mar2020 0:00:00;0,0000000
29Mar2020 1:00:00;0,0000000
29Mar2020 2:00:00;0,0000080
29Mar2020 3:00:00;0,0000000
29Mar2020 4:00:00;0,0000080
29Mar2020 5:00:00;0,0000000
29Mar2020 6:00:00;0,0715230
29Mar2020 7:00:00;13,8632930
29Mar2020 8:00:00;53,5312938
29Mar2020 9:00:00;84,6715337
29Mar2020 10:00:00;108,7689509
29Mar2020 11:00:00;132,1097907
29Mar2020 12:00:00;146,9171456
29Mar2020 13:00:00;153,7386338
29Mar2020 14:00:00;159,1169500
29Mar2020 15:00:00;139,7990334
29Mar2020 16:00:00;104,4923345
29Mar2020 17:00:00;47,9162210
29Mar2020 18:00:00;11,0585949
29Mar2020 19:00:00;0,1025200
29Mar2020 20:00:00;0,0000000
29Mar2020 21:00:00;0,0000080
29Mar2020 22:00:00;0,0000000
29Mar2020 23:00:00;0,0000000
30Mar2020 0:00:00;0,0000080
30Mar2020 1:00:00;0,0000000
30Mar2020 2:00:00;0,0000000
30Mar2020 3:00:00;0,0000080
30Mar2020 4:00:00;0,0000000
30Mar2020 5:00:00;0,0000080
30Mar2020 6:00:00;0,0479540
30Mar2020 7:00:00;9,4282394
30Mar2020 8:00:00;48,0252216
30Mar2020 9:00:00;114,7704201
30Mar2020 10:00:00;152,8603659
30Mar2020 11:00:00;151,8239240
30Mar2020 12:00:00;180,2393060
30Mar2020 13:00:00;182,0443057
30Mar2020 14:00:00;159,4364961
30Mar2020 15:00:00;123,3515028
30Mar2020 16:00:00;78,2352072
30Mar2020 17:00:00;34,4382178
30Mar2020 18:00:00;6,1907016
30Mar2020 19:00:00;0,0188700
30Mar2020 20:00:00;0,0000000
30Mar2020 21:00:00;0,0000080
30Mar2020 22:00:00;0,0000000
30Mar2020 23:00:00;0,0000000
31Mar2020 0:00:00;0,0000080
31Mar2020 1:00:00;0,0000000
31Mar2020 2:00:00;0,0000000
31Mar2020 3:00:00;0,0000080
31Mar2020 4:00:00;0,0000000
31Mar2020 5:00:00;0,0000080
31Mar2020 6:00:00;0,5098750
31Mar2020 7:00:00;36,4157812
31Mar2020 8:00:00;142,5401748
31Mar2020 9:00:00;254,0898721
31Mar2020 10:00:00;319,3760947
31Mar2020 11:00:00;337,6429101
31Mar2020 12:00:00;314,2056947
31Mar2020 13:00:00;315,5266995
31Mar2020 14:00:00;292,9571628
31Mar2020 15:00:00;236,4801066
31Mar2020 16:00:00;186,8299581
31Mar2020 17:00:00;93,3900703
31Mar2020 18:00:00;22,2277941
31Mar2020 19:00:00;0,0953110
31Mar2020 20:00:00;0,0000000
31Mar2020 21:00:00;0,0000000
31Mar2020 22:00:00;0,0000080
31Mar2020 23:00:00;0,0000000
01Apr2020 0:00:00;0,0000000
01Apr2020 1:00:00;0,0000080
01Apr2020 2:00:00;0,0000000
01Apr2020 3:00:00;0,0000000
01Apr2020 4:00:00;0,0000000
01Apr2020 5:00:00;0,0000000
01Apr2020 6:00:00;0,2433920
01Apr2020 7:00:00;27,5308632
01Apr2020 8:00:00;104,8711803
01Apr2020 9:00:00;216,0028336
01Apr2020 10:00:00;267,7025984
01Apr2020 11:00:00;279,0981012
01Apr2020 12:00:00;246,7997646
01Apr2020 13:00:00;237,8331954
01Apr2020 14:00:00;237,3306647
01Apr2020 15:00:00;193,9455415
01Apr2020 16:00:00;133,1832980
01Apr2020 17:00:00;76,2845253
01Apr2020 18:00:00;19,0183552
01Apr2020 19:00:00;0,0700780
01Apr2020 20:00:00;0,0000080
01Apr2020 21:00:00;0,0000000
01Apr2020 22:00:00;0,0000000
01Apr2020 23:00:00;0,0000080
02Apr2020 0:00:00;0,0000000
02Apr2020 1:00:00;0,0000000
02Apr2020 2:00:00;0,0000080
02Apr2020 3:00:00;0,0000000
02Apr2020 4:00:00;0,0000080
02Apr2020 5:00:00;0,0000000
02Apr2020 6:00:00;0,3350120
02Apr2020 7:00:00;27,9184069
02Apr2020 8:00:00;100,8800857
02Apr2020 9:00:00;200,9155395
02Apr2020 10:00:00;289,1579146
02Apr2020 11:00:00;342,9387629
02Apr2020 12:00:00;336,3980366
02Apr2020 13:00:00;290,1462013
02Apr2020 14:00:00;238,1731508
02Apr2020 15:00:00;179,6045187
02Apr2020 16:00:00;110,0115154
02Apr2020 17:00:00;54,4732451
02Apr2020 18:00:00;14,4675682
02Apr2020 19:00:00;0,2029130
02Apr2020 20:00:00;0,1198110
02Apr2020 21:00:00;0,0000080
02Apr2020 22:00:00;0,0000000
02Apr2020 23:00:00;0,0000000
03Apr2020 0:00:00;0,0000080
03Apr2020 1:00:00;0,0000000
03Apr2020 2:00:00;0,0000080
03Apr2020 3:00:00;0,0000000
03Apr2020 4:00:00;0,0000000
03Apr2020 5:00:00;0,0000080
03Apr2020 6:00:00;0,0726670
03Apr2020 7:00:00;12,8664205
03Apr2020 8:00:00;54,9270365
03Apr2020 9:00:00;102,6658746
03Apr2020 10:00:00;129,9836437
03Apr2020 11:00:00;134,4446369
03Apr2020 12:00:00;160,6028085
03Apr2020 13:00:00;163,5108371
03Apr2020 14:00:00;167,6817102
03Apr2020 15:00:00;146,6208825
03Apr2020 16:00:00;110,9925269
03Apr2020 17:00:00;76,7306414
03Apr2020 18:00:00;22,3244210
03Apr2020 19:00:00;0,1188490
03Apr2020 20:00:00;0,0000000
03Apr2020 21:00:00;0,0000000
03Apr2020 22:00:00;0,0000080
03Apr2020 23:00:00;0,0000000
04Apr2020 0:00:00;0,0000000
04Apr2020 1:00:00;0,0000000
04Apr2020 2:00:00;0,0000000
04Apr2020 3:00:00;0,0000080
04Apr2020 4:00:00;0,0000000
04Apr2020 5:00:00;0,0000000
04Apr2020 6:00:00;3,4389893
04Apr2020 7:00:00;53,3279799
04Apr2020 8:00:00;149,7477577
04Apr2020 9:00:00;236,2464426
04Apr2020 10:00:00;279,6916834
04Apr2020 11:00:00;282,6924087
04Apr2020 12:00:00;229,6883578
04Apr2020 13:00:00;178,3136358
04Apr2020 14:00:00;118,6123654
04Apr2020 15:00:00;97,0880168
04Apr2020 16:00:00;85,1056295
04Apr2020 17:00:00;38,6474466
04Apr2020 18:00:00;6,5874411
04Apr2020 19:00:00;0,0078580
04Apr2020 20:00:00;0,0000000
04Apr2020 21:00:00;0,0000000
04Apr2020 22:00:00;0,0000080
04Apr2020 23:00:00;0,0000000
05Apr2020 0:00:00;0,0000080
05Apr2020 1:00:00;0,0000000
05Apr2020 2:00:00;0,0000000
05Apr2020 3:00:00;0,0000080
05Apr2020 4:00:00;0,0000000
05Apr2020 5:00:00;0,0000000
05Apr2020 6:00:00;0,0606960
05Apr2020 7:00:00;6,4357555
05Apr2020 8:00:00;23,2278625
05Apr2020 9:00:00;43,6353959
05Apr2020 10:00:00;68,1179272
05Apr2020 11:00:00;95,1249437
05Apr2020 12:00:00;133,2069033
05Apr2020 13:00:00;175,6373177
05Apr2020 14:00:00;204,4972928
05Apr2020 15:00:00;194,9272237
05Apr2020 16:00:00;164,1666308
05Apr2020 17:00:00;78,1243261
05Apr2020 18:00:00;19,2646361
05Apr2020 19:00:00;0,1373220
05Apr2020 20:00:00;0,0000080
05Apr2020 21:00:00;0,0000000
05Apr2020 22:00:00;0,0000000
05Apr2020 23:00:00;0,0000080
06Apr2020 0:00:00;0,0000000
06Apr2020 1:00:00;0,0000000
06Apr2020 2:00:00;0,0000080
06Apr2020 3:00:00;0,0000000
06Apr2020 4:00:00;0,0000080
06Apr2020 5:00:00;0,0000000
06Apr2020 6:00:00;1,4350287
06Apr2020 7:00:00;32,6372972
06Apr2020 8:00:00;78,9555119
06Apr2020 9:00:00;122,2296136
06Apr2020 10:00:00;139,6207413
06Apr2020 11:00:00;166,2687507
06Apr2020 12:00:00;185,6475098
06Apr2020 13:00:00;209,9112992
06Apr2020 14:00:00;211,2249724
06Apr2020 15:00:00;198,5631718
06Apr2020 16:00:00;165,0533162
06Apr2020 17:00:00;101,8142481
06Apr2020 18:00:00;27,3674496
06Apr2020 19:00:00;0,2153290
06Apr2020 20:00:00;0,0000000
06Apr2020 21:00:00;0,0000000
06Apr2020 22:00:00;0,0000080
06Apr2020 23:00:00;0,0000000
07Apr2020 0:00:00;0,0000080
07Apr2020 1:00:00;0,0000000
07Apr2020 2:00:00;0,0000000
07Apr2020 3:00:00;0,0000080
07Apr2020 4:00:00;0,0000000
07Apr2020 5:00:00;0,0000000
07Apr2020 6:00:00;3,3564249
07Apr2020 7:00:00;58,5740147
07Apr2020 8:00:00;175,4496455
07Apr2020 9:00:00;293,7538671
07Apr2020 10:00:00;371,3129308
07Apr2020 11:00:00;399,8730306
07Apr2020 12:00:00;404,1739642
07Apr2020 13:00:00;404,8794575
07Apr2020 14:00:00;390,5467270
07Apr2020 15:00:00;339,8983259
07Apr2020 16:00:00;250,3221746
07Apr2020 17:00:00;126,9538109
07Apr2020 18:00:00;30,9592899
07Apr2020 19:00:00;0,3144640
07Apr2020 20:00:00;0,0000000
07Apr2020 21:00:00;0,0000080
07Apr2020 22:00:00;0,0000000
07Apr2020 23:00:00;0,0000080
08Apr2020 0:00:00;0,0000000
08Apr2020 1:00:00;0,0000000
08Apr2020 2:00:00;0,0000080
08Apr2020 3:00:00;0,0000000
08Apr2020 4:00:00;0,0000000
08Apr2020 5:00:00;0,0000080
08Apr2020 6:00:00;4,4104649
08Apr2020 7:00:00;59,2985533
08Apr2020 8:00:00;157,4178625
08Apr2020 9:00:00;257,5724621
08Apr2020 10:00:00;341,7184159
08Apr2020 11:00:00;378,2056424
08Apr2020 12:00:00;390,8168667
08Apr2020 13:00:00;379,6045939
08Apr2020 14:00:00;369,4375432
08Apr2020 15:00:00;315,6608341
08Apr2020 16:00:00;232,8098642
08Apr2020 17:00:00;125,6128023
08Apr2020 18:00:00;35,2220225
08Apr2020 19:00:00;0,6514990
08Apr2020 20:00:00;0,0000080
08Apr2020 21:00:00;0,0000000
08Apr2020 22:00:00;0,0000000
08Apr2020 23:00:00;0,0000080
09Apr2020 0:00:00;0,0000000
09Apr2020 1:00:00;0,0000000
09Apr2020 2:00:00;0,0000080
09Apr2020 3:00:00;0,0000000
09Apr2020 4:00:00;0,0000080
09Apr2020 5:00:00;0,0006160
09Apr2020 6:00:00;3,5290089
09Apr2020 7:00:00;53,3442530
09Apr2020 8:00:00;147,9588517
09Apr2020 9:00:00;254,5789162
09Apr2020 10:00:00;336,2154530
09Apr2020 11:00:00;382,5741491
09Apr2020 12:00:00;378,8715152
09Apr2020 13:00:00;373,2005413
09Apr2020 14:00:00;347,3366680
09Apr2020 15:00:00;306,3121897
09Apr2020 16:00:00;228,0155378
09Apr2020 17:00:00;113,0628284
09Apr2020 18:00:00;29,4240961
09Apr2020 19:00:00;0,6125974
09Apr2020 20:00:00;0,0000000
09Apr2020 21:00:00;0,0000080
09Apr2020 22:00:00;0,0000000
09Apr2020 23:00:00;0,0000000
10Apr2020 0:00:00;0,0000080
10Apr2020 1:00:00;0,0000000
10Apr2020 2:00:00;0,0000000
10Apr2020 3:00:00;0,0000080
10Apr2020 4:00:00;0,0000000
10Apr2020 5:00:00;0,0027970
10Apr2020 6:00:00;4,7596210
10Apr2020 7:00:00;65,1271197
10Apr2020 8:00:00;184,4173283
10Apr2020 9:00:00;305,2104026
10Apr2020 10:00:00;388,7390845
10Apr2020 11:00:00;417,9512001
10Apr2020 12:00:00;423,7272071
10Apr2020 13:00:00;419,0485667
10Apr2020 14:00:00;406,0860507
10Apr2020 15:00:00;359,0597868
10Apr2020 16:00:00;279,0045369
10Apr2020 17:00:00;152,3416509
10Apr2020 18:00:00;38,6223926
10Apr2020 19:00:00;0,8409354
10Apr2020 20:00:00;0,0000000
10Apr2020 21:00:00;0,0000000
10Apr2020 22:00:00;0,0000080
10Apr2020 23:00:00;0,0000000
11Apr2020 0:00:00;0,0000080
11Apr2020 1:00:00;0,0000000
11Apr2020 2:00:00;0,0000000
11Apr2020 3:00:00;0,0000080
11Apr2020 4:00:00;0,0000000
11Apr2020 5:00:00;0,0028140
11Apr2020 6:00:00;4,9264717
11Apr2020 7:00:00;65,0497079
11Apr2020 8:00:00;177,6606283
11Apr2020 9:00:00;283,9800272
11Apr2020 10:00:00;357,7593677
11Apr2020 11:00:00;374,1852693
11Apr2020 12:00:00;345,1211471
11Apr2020 13:00:00;319,2279991
11Apr2020 14:00:00;298,7232024
11Apr2020 15:00:00;264,0487514
11Apr2020 16:00:00;205,2702169
11Apr2020 17:00:00;121,9517146
11Apr2020 18:00:00;33,7806142
11Apr2020 19:00:00;0,6563080
11Apr2020 20:00:00;0,0000000
11Apr2020 21:00:00;0,0000080
11Apr2020 22:00:00;0,0000000
11Apr2020 23:00:00;0,0000000
12Apr2020 0:00:00;0,0000080
12Apr2020 1:00:00;0,0000000
12Apr2020 2:00:00;0,0000080
12Apr2020 3:00:00;0,0000000
12Apr2020 4:00:00;0,0000000
12Apr2020 5:00:00;0,0050570
12Apr2020 6:00:00;5,8216615
12Apr2020 7:00:00;69,0032736
12Apr2020 8:00:00;187,4612905
12Apr2020 9:00:00;304,0247360
12Apr2020 10:00:00;384,3579819
12Apr2020 11:00:00;420,0500885
12Apr2020 12:00:00;426,6730876
12Apr2020 13:00:00;424,3195403
12Apr2020 14:00:00;407,7658503
12Apr2020 15:00:00;357,9364638
12Apr2020 16:00:00;270,8639425
12Apr2020 17:00:00;151,1350284
12Apr2020 18:00:00;41,0850350
12Apr2020 19:00:00;1,2482274
12Apr2020 20:00:00;0,0000000
12Apr2020 21:00:00;0,0000000
12Apr2020 22:00:00;0,0000080
12Apr2020 23:00:00;0,0000000
13Apr2020 0:00:00;0,0000080
13Apr2020 1:00:00;0,0000000
13Apr2020 2:00:00;0,0000000
13Apr2020 3:00:00;0,0000080
13Apr2020 4:00:00;0,0000000
13Apr2020 5:00:00;0,0070780
13Apr2020 6:00:00;6,1059415
13Apr2020 7:00:00;70,2543044
13Apr2020 8:00:00;192,3160256
13Apr2020 9:00:00;306,3321321
13Apr2020 10:00:00;382,7834069
13Apr2020 11:00:00;408,0765324
13Apr2020 12:00:00;418,7540938
13Apr2020 13:00:00;411,8222817
13Apr2020 14:00:00;394,5249284
13Apr2020 15:00:00;351,8534507
13Apr2020 16:00:00;262,5572852
13Apr2020 17:00:00;146,6079305
13Apr2020 18:00:00;39,6200878
13Apr2020 19:00:00;0,9333993
13Apr2020 20:00:00;0,0000080
13Apr2020 21:00:00;0,0000000
13Apr2020 22:00:00;0,0000000
13Apr2020 23:00:00;0,0000080
14Apr2020 0:00:00;0,0000000
14Apr2020 1:00:00;0,0000000
14Apr2020 2:00:00;0,0000080
14Apr2020 3:00:00;0,0000000
14Apr2020 4:00:00;0,0000080
14Apr2020 5:00:00;0,0109730
14Apr2020 6:00:00;7,6912323
14Apr2020 7:00:00;54,2691306
14Apr2020 8:00:00;146,4168362
14Apr2020 9:00:00;260,5243577
14Apr2020 10:00:00;356,7421512
14Apr2020 11:00:00;392,9257328
14Apr2020 12:00:00;395,8218451
14Apr2020 13:00:00;382,3694740
14Apr2020 14:00:00;349,4738076
14Apr2020 15:00:00;291,1644559
14Apr2020 16:00:00;217,1511683
14Apr2020 17:00:00;115,8671997
14Apr2020 18:00:00;34,0951858
14Apr2020 19:00:00;1,1519822
14Apr2020 20:00:00;0,0000000
14Apr2020 21:00:00;0,0000080
14Apr2020 22:00:00;0,0000000
14Apr2020 23:00:00;0,0000000
15Apr2020 0:00:00;0,0000080
15Apr2020 1:00:00;0,0000000
15Apr2020 2:00:00;0,0000000
15Apr2020 3:00:00;0,0000080
15Apr2020 4:00:00;0,0000000
15Apr2020 5:00:00;0,0132840
15Apr2020 6:00:00;0,8880115
15Apr2020 7:00:00;14,5738981
15Apr2020 8:00:00;37,8232677
15Apr2020 9:00:00;71,2362691
15Apr2020 10:00:00;120,2373532
15Apr2020 11:00:00;168,6806844
15Apr2020 12:00:00;188,6960512
15Apr2020 13:00:00;184,3994105
15Apr2020 14:00:00;166,1356058
15Apr2020 15:00:00;134,7057165
15Apr2020 16:00:00;106,4229354
15Apr2020 17:00:00;71,0584414
15Apr2020 18:00:00;24,1010367
15Apr2020 19:00:00;0,4533774
15Apr2020 20:00:00;0,0000000
15Apr2020 21:00:00;0,0000080
15Apr2020 22:00:00;0,0000000
15Apr2020 23:00:00;0,0000000
16Apr2020 0:00:00;0,0000080
16Apr2020 1:00:00;0,0000000
16Apr2020 2:00:00;0,0000080
16Apr2020 3:00:00;0,0000000
16Apr2020 4:00:00;0,0000000
16Apr2020 5:00:00;0,0080240
16Apr2020 6:00:00;4,0144348
16Apr2020 7:00:00;40,4341439
16Apr2020 8:00:00;106,9150092
16Apr2020 9:00:00;197,7497300
16Apr2020 10:00:00;264,8657002
16Apr2020 11:00:00;275,1293519
16Apr2020 12:00:00;275,7619544
16Apr2020 13:00:00;280,3838272
16Apr2020 14:00:00;289,8626133
16Apr2020 15:00:00;298,6575177
16Apr2020 16:00:00;250,9294563
16Apr2020 17:00:00;151,3191612
16Apr2020 18:00:00;43,2650554
16Apr2020 19:00:00;1,3296197
16Apr2020 20:00:00;0,0014630
16Apr2020 21:00:00;0,0000000
16Apr2020 22:00:00;0,0000000
16Apr2020 23:00:00;0,0000080
17Apr2020 0:00:00;0,0000000
17Apr2020 1:00:00;0,0000000
17Apr2020 2:00:00;0,0000080
17Apr2020 3:00:00;0,0000000
17Apr2020 4:00:00;0,0000080
17Apr2020 5:00:00;0,0077490
17Apr2020 6:00:00;8,4160810
17Apr2020 7:00:00;77,6061474
17Apr2020 8:00:00;196,7198717
17Apr2020 9:00:00;308,8003939
17Apr2020 10:00:00;373,2203593
17Apr2020 11:00:00;400,7751155
17Apr2020 12:00:00;414,8972324
17Apr2020 13:00:00;407,7211088
17Apr2020 14:00:00;406,8027362
17Apr2020 15:00:00;353,5728030
17Apr2020 16:00:00;270,8771648
17Apr2020 17:00:00;154,2322426
17Apr2020 18:00:00;43,0364076
17Apr2020 19:00:00;2,2629157
17Apr2020 20:00:00;0,0000000
17Apr2020 21:00:00;0,0000080
17Apr2020 22:00:00;0,0000000
17Apr2020 23:00:00;0,0000000
18Apr2020 0:00:00;0,0000080
18Apr2020 1:00:00;0,0000000
18Apr2020 2:00:00;0,0000000
18Apr2020 3:00:00;0,0000080
18Apr2020 4:00:00;0,0017300
18Apr2020 5:00:00;0,0996400
18Apr2020 6:00:00;8,1839660
18Apr2020 7:00:00;72,5616614
18Apr2020 8:00:00;190,9569823
18Apr2020 9:00:00;303,2599557
18Apr2020 10:00:00;376,4164535
18Apr2020 11:00:00;415,8316281
18Apr2020 12:00:00;418,8434444
18Apr2020 13:00:00;399,5239416
18Apr2020 14:00:00;386,0945487
18Apr2020 15:00:00;340,4267081
18Apr2020 16:00:00;260,1466202
18Apr2020 17:00:00;148,4775817
18Apr2020 18:00:00;42,9296791
18Apr2020 19:00:00;1,4244990
18Apr2020 20:00:00;0,0000000
18Apr2020 21:00:00;0,0000000
18Apr2020 22:00:00;0,0000080
18Apr2020 23:00:00;0,0000000
19Apr2020 0:00:00;0,0000000
19Apr2020 1:00:00;0,0000080
19Apr2020 2:00:00;0,0000000
19Apr2020 3:00:00;0,0000080
19Apr2020 4:00:00;0,0048400
19Apr2020 5:00:00;0,1031020
19Apr2020 6:00:00;9,6976570
19Apr2020 7:00:00;76,5571436
19Apr2020 8:00:00;196,9244080
19Apr2020 9:00:00;307,3982236
19Apr2020 10:00:00;377,6309098
19Apr2020 11:00:00;414,8779013
19Apr2020 12:00:00;423,0204964
19Apr2020 13:00:00;415,3982468
19Apr2020 14:00:00;392,2804520
19Apr2020 15:00:00;335,7911958
19Apr2020 16:00:00;247,4791403
19Apr2020 17:00:00;137,9886559
19Apr2020 18:00:00;40,0540667
19Apr2020 19:00:00;1,6930990
19Apr2020 20:00:00;0,0000000
19Apr2020 21:00:00;0,0000080
19Apr2020 22:00:00;0,0000000
19Apr2020 23:00:00;0,0000000
20Apr2020 0:00:00;0,0000000
20Apr2020 1:00:00;0,0000000
20Apr2020 2:00:00;0,0000080
20Apr2020 3:00:00;0,0000000
20Apr2020 4:00:00;0,0078930
20Apr2020 5:00:00;0,0731290
20Apr2020 6:00:00;12,2492010
20Apr2020 7:00:00;70,6244586
20Apr2020 8:00:00;165,4431563
20Apr2020 9:00:00;265,7478713
20Apr2020 10:00:00;337,1639249
20Apr2020 11:00:00;373,7241877
20Apr2020 12:00:00;352,1129994
20Apr2020 13:00:00;318,9233189
20Apr2020 14:00:00;288,5257751
20Apr2020 15:00:00;256,3866038
20Apr2020 16:00:00;184,3491977
20Apr2020 17:00:00;105,1560682
20Apr2020 18:00:00;39,2910364
20Apr2020 19:00:00;2,1597933
20Apr2020 20:00:00;0,0014150
20Apr2020 21:00:00;0,0000080
20Apr2020 22:00:00;0,0000000
20Apr2020 23:00:00;0,0000000
21Apr2020 0:00:00;0,0000080
21Apr2020 1:00:00;0,0000000
21Apr2020 2:00:00;0,0000090
21Apr2020 3:00:00;0,0000000
21Apr2020 4:00:00;0,0000000
21Apr2020 5:00:00;0,0317010
21Apr2020 6:00:00;3,7249005
21Apr2020 7:00:00;29,8583588
21Apr2020 8:00:00;60,9207379
21Apr2020 9:00:00;95,0320147
21Apr2020 10:00:00;144,1796803
21Apr2020 11:00:00;177,4897699
21Apr2020 12:00:00;179,0499360
21Apr2020 13:00:00;139,0203558
21Apr2020 14:00:00;114,4229620
21Apr2020 15:00:00;80,3059053
21Apr2020 16:00:00;51,6330781
21Apr2020 17:00:00;32,8423881
21Apr2020 18:00:00;14,2579819
21Apr2020 19:00:00;0,7884510
21Apr2020 20:00:00;0,0088060
21Apr2020 21:00:00;0,0000090
21Apr2020 22:00:00;0,0000000
21Apr2020 23:00:00;0,0000080
22Apr2020 0:00:00;0,0000010
22Apr2020 1:00:00;0,0000000
22Apr2020 2:00:00;0,0000080
22Apr2020 3:00:00;0,0000020
22Apr2020 4:00:00;0,0000000
22Apr2020 5:00:00;0,0368560
22Apr2020 6:00:00;1,2704198
22Apr2020 7:00:00;16,2060427
22Apr2020 8:00:00;43,3211241
22Apr2020 9:00:00;64,4436930
22Apr2020 10:00:00;73,4390794
22Apr2020 11:00:00;81,1679885
22Apr2020 12:00:00;83,6271312
22Apr2020 13:00:00;77,1333980
22Apr2020 14:00:00;72,4258627
22Apr2020 15:00:00;71,7978020
22Apr2020 16:00:00;47,9135198
22Apr2020 17:00:00;27,6316086
22Apr2020 18:00:00;8,5841853
22Apr2020 19:00:00;0,1714830
22Apr2020 20:00:00;0,0189750
22Apr2020 21:00:00;0,0103570
22Apr2020 22:00:00;0,0000010
22Apr2020 23:00:00;0,0000080
23Apr2020 0:00:00;0,0000000
23Apr2020 1:00:00;0,0000010
23Apr2020 2:00:00;0,0000000
23Apr2020 3:00:00;0,0000000
23Apr2020 4:00:00;0,0110380
23Apr2020 5:00:00;0,1121270
23Apr2020 6:00:00;12,5374620
23Apr2020 7:00:00;72,4314431
23Apr2020 8:00:00;182,0387296
23Apr2020 9:00:00;277,8737095
23Apr2020 10:00:00;322,4073491
23Apr2020 11:00:00;334,7585592
23Apr2020 12:00:00;359,1484269
23Apr2020 13:00:00;375,3927960
23Apr2020 14:00:00;381,4316242
23Apr2020 15:00:00;351,2926398
23Apr2020 16:00:00;275,3886522
23Apr2020 17:00:00;160,4071104
23Apr2020 18:00:00;48,5580500
23Apr2020 19:00:00;2,5515254
23Apr2020 20:00:00;0,0000080
23Apr2020 21:00:00;0,0000000
23Apr2020 22:00:00;0,0000010
23Apr2020 23:00:00;0,0000080
24Apr2020 0:00:00;0,0000000
24Apr2020 1:00:00;0,0000010
24Apr2020 2:00:00;0,0000080
24Apr2020 3:00:00;0,0000000
24Apr2020 4:00:00;0,0099760
24Apr2020 5:00:00;0,1890480
24Apr2020 6:00:00;15,7127815
24Apr2020 7:00:00;90,1972369
24Apr2020 8:00:00;191,2123278
24Apr2020 9:00:00;283,6435461
24Apr2020 10:00:00;342,3984978
24Apr2020 11:00:00;392,3115105
24Apr2020 12:00:00;396,5255471
24Apr2020 13:00:00;374,9874959
24Apr2020 14:00:00;359,7766350
24Apr2020 15:00:00;306,5300588
24Apr2020 16:00:00;228,6168559
24Apr2020 17:00:00;132,8134958
24Apr2020 18:00:00;46,8063458
24Apr2020 19:00:00;3,4879339
24Apr2020 20:00:00;0,0045540
24Apr2020 21:00:00;0,0000000
24Apr2020 22:00:00;0,0000080
24Apr2020 23:00:00;0,0000010
25Apr2020 0:00:00;0,0000000
25Apr2020 1:00:00;0,0000080
25Apr2020 2:00:00;0,0000010
25Apr2020 3:00:00;0,0000080
25Apr2020 4:00:00;0,0222130
25Apr2020 5:00:00;0,2161730
25Apr2020 6:00:00;12,6968560
25Apr2020 7:00:00;86,3615816
25Apr2020 8:00:00;209,0101066
25Apr2020 9:00:00;316,6156470
25Apr2020 10:00:00;388,7582401
25Apr2020 11:00:00;421,6040894
25Apr2020 12:00:00;427,0343874
25Apr2020 13:00:00;426,4155809
25Apr2020 14:00:00;409,1256511
25Apr2020 15:00:00;354,1088982
25Apr2020 16:00:00;259,6770364
25Apr2020 17:00:00;147,1144197
25Apr2020 18:00:00;46,1435673
25Apr2020 19:00:00;3,1192734
25Apr2020 20:00:00;0,0013730
25Apr2020 21:00:00;0,0000000
25Apr2020 22:00:00;0,0000080
25Apr2020 23:00:00;0,0000010
26Apr2020 0:00:00;0,0000000
26Apr2020 1:00:00;0,0000080
26Apr2020 2:00:00;0,0000000
26Apr2020 3:00:00;0,0000090
26Apr2020 4:00:00;0,0178330
26Apr2020 5:00:00;0,1897600
26Apr2020 6:00:00;13,3451270
26Apr2020 7:00:00;91,5545779
26Apr2020 8:00:00;215,4019550
26Apr2020 9:00:00;323,6673110
26Apr2020 10:00:00;393,2362178
26Apr2020 11:00:00;421,7184646
26Apr2020 12:00:00;426,1908068
26Apr2020 13:00:00;418,1492118
26Apr2020 14:00:00;379,1403320
26Apr2020 15:00:00;306,8206159
26Apr2020 16:00:00;215,1646571
26Apr2020 17:00:00;119,2156933
26Apr2020 18:00:00;41,2950779
26Apr2020 19:00:00;3,4887394
26Apr2020 20:00:00;0,0014210
26Apr2020 21:00:00;0,0000010
26Apr2020 22:00:00;0,0000000
26Apr2020 23:00:00;0,0000080
27Apr2020 0:00:00;0,0000010
27Apr2020 1:00:00;0,0000000
27Apr2020 2:00:00;0,0000080
27Apr2020 3:00:00;0,0000010
27Apr2020 4:00:00;0,0155420
27Apr2020 5:00:00;0,1864580
27Apr2020 6:00:00;14,7521320
27Apr2020 7:00:00;79,1689038
27Apr2020 8:00:00;183,3395378
27Apr2020 9:00:00;281,8118415
27Apr2020 10:00:00;350,0910674
27Apr2020 11:00:00;372,5120916
27Apr2020 12:00:00;352,5119001
27Apr2020 13:00:00;326,0837841
27Apr2020 14:00:00;294,2198915
27Apr2020 15:00:00;244,6821539
27Apr2020 16:00:00;208,0583780
27Apr2020 17:00:00;113,4476745
27Apr2020 18:00:00;38,8904875
27Apr2020 19:00:00;3,2468953
27Apr2020 20:00:00;7,4784090
27Apr2020 21:00:00;0,0000000
27Apr2020 22:00:00;0,0000010
27Apr2020 23:00:00;0,0000080
28Apr2020 0:00:00;0,0000000
28Apr2020 1:00:00;0,0000010
28Apr2020 2:00:00;0,0000080
28Apr2020 3:00:00;0,0000000
28Apr2020 4:00:00;0,0266170
28Apr2020 5:00:00;0,1976680
28Apr2020 6:00:00;15,3595095
28Apr2020 7:00:00;88,3834471
28Apr2020 8:00:00;199,8414318
28Apr2020 9:00:00;307,5998731
28Apr2020 10:00:00;374,6121036
28Apr2020 11:00:00;405,5254352
28Apr2020 12:00:00;417,4604033
28Apr2020 13:00:00;407,6867639
28Apr2020 14:00:00;393,0292239
28Apr2020 15:00:00;347,7805358
28Apr2020 16:00:00;263,1280246
28Apr2020 17:00:00;155,8149421
28Apr2020 18:00:00;49,5499129
28Apr2020 19:00:00;3,5794352
28Apr2020 20:00:00;0,0013620
28Apr2020 21:00:00;0,0000000
28Apr2020 22:00:00;0,0000010
28Apr2020 23:00:00;0,0000080
29Apr2020 0:00:00;0,0000000
29Apr2020 1:00:00;0,0000010
29Apr2020 2:00:00;0,0000080
29Apr2020 3:00:00;0,0000000
29Apr2020 4:00:00;0,0298720
29Apr2020 5:00:00;0,2315910
29Apr2020 6:00:00;14,8471788
29Apr2020 7:00:00;89,3529681
29Apr2020 8:00:00;207,7457996
29Apr2020 9:00:00;313,5531577
29Apr2020 10:00:00;386,8062645
29Apr2020 11:00:00;392,7454132
29Apr2020 12:00:00;394,7127536
29Apr2020 13:00:00;391,2751187
29Apr2020 14:00:00;370,2094996
29Apr2020 15:00:00;326,0330995
29Apr2020 16:00:00;232,5758844
29Apr2020 17:00:00;117,1342118
29Apr2020 18:00:00;40,9384797
29Apr2020 19:00:00;3,5000669
29Apr2020 20:00:00;0,0029590
29Apr2020 21:00:00;0,0000080
29Apr2020 22:00:00;0,0000000
29Apr2020 23:00:00;0,0000010
30Apr2020 0:00:00;0,0000080
30Apr2020 1:00:00;0,0000000
30Apr2020 2:00:00;0,0000010
30Apr2020 3:00:00;0,0000080
30Apr2020 4:00:00;0,0271840
30Apr2020 5:00:00;0,1646260
30Apr2020 6:00:00;8,1344815
30Apr2020 7:00:00;43,4844311
30Apr2020 8:00:00;96,6512383
30Apr2020 9:00:00;163,0478674
30Apr2020 10:00:00;186,4340265
30Apr2020 11:00:00;202,7201424
30Apr2020 12:00:00;261,0586727
30Apr2020 13:00:00;255,8292452
30Apr2020 14:00:00;240,3350588
30Apr2020 15:00:00;139,2270539
30Apr2020 16:00:00;75,3262374
30Apr2020 17:00:00;43,9895910
30Apr2020 18:00:00;26,0389808
30Apr2020 19:00:00;2,2201913
30Apr2020 20:00:00;0,1972320
30Apr2020 21:00:00;0,0000010
30Apr2020 22:00:00;0,0000080
30Apr2020 23:00:00;0,0015930
01May2020 0:00:00;0,0000050
01May2020 1:00:00;0,0000000
01May2020 2:00:00;0,0000000
01May2020 3:00:00;0,0000050
01May2020 4:00:00;0,0099520
01May2020 5:00:00;0,0868050
01May2020 6:00:00;10,2371588
01May2020 7:00:00;54,4294287
01May2020 8:00:00;137,4073764
01May2020 9:00:00;225,3004891
01May2020 10:00:00;285,7601089
01May2020 11:00:00;282,5974659
01May2020 12:00:00;241,4676979
01May2020 13:00:00;215,2576547
01May2020 14:00:00;188,2677019
01May2020 15:00:00;168,0538231
01May2020 16:00:00;137,2248868
01May2020 17:00:00;79,2865473
01May2020 18:00:00;27,8641263
01May2020 19:00:00;2,6448245
01May2020 20:00:00;0,0045740
01May2020 21:00:00;0,0000010
01May2020 22:00:00;0,0000040
01May2020 23:00:00;0,0000000
02May2020 0:00:00;0,0000010
02May2020 1:00:00;0,0000040
02May2020 2:00:00;0,0000000
02May2020 3:00:00;0,0000010
02May2020 4:00:00;0,0399620
02May2020 5:00:00;0,1568520
02May2020 6:00:00;12,6447248
02May2020 7:00:00;62,4705468
02May2020 8:00:00;154,4594476
02May2020 9:00:00;256,0350445
02May2020 10:00:00;300,3774493
02May2020 11:00:00;317,3814972
02May2020 12:00:00;264,5456708
02May2020 13:00:00;238,1688549
02May2020 14:00:00;185,8262130
02May2020 15:00:00;155,7299008
02May2020 16:00:00;94,8291768
02May2020 17:00:00;55,0651617
02May2020 18:00:00;25,5417723
02May2020 19:00:00;3,7754260
02May2020 20:00:00;0,0045770
02May2020 21:00:00;0,0000000
02May2020 22:00:00;0,0000000
02May2020 23:00:00;0,0000000
03May2020 0:00:00;0,0000000
03May2020 1:00:00;0,0000050
03May2020 2:00:00;0,0000000
03May2020 3:00:00;0,0000000
03May2020 4:00:00;0,0219880
03May2020 5:00:00;0,1495233
03May2020 6:00:00;7,5341444
03May2020 7:00:00;23,0489784
03May2020 8:00:00;48,7681786
03May2020 9:00:00;66,9102083
03May2020 10:00:00;97,7635140
03May2020 11:00:00;121,8293646
03May2020 12:00:00;147,1171300
03May2020 13:00:00;153,9141969
03May2020 14:00:00;158,2435946
03May2020 15:00:00;141,7269526
03May2020 16:00:00;117,5484218
03May2020 17:00:00;76,5429075
03May2020 18:00:00;29,1112503
03May2020 19:00:00;2,0361969
03May2020 20:00:00;0,0014210
03May2020 21:00:00;0,0000040
03May2020 22:00:00;0,0000000
03May2020 23:00:00;0,0000010
04May2020 0:00:00;0,0000040
04May2020 1:00:00;0,0000000
04May2020 2:00:00;0,0000010
04May2020 3:00:00;0,0000040
04May2020 4:00:00;0,0438220
04May2020 5:00:00;0,1263600
04May2020 6:00:00;12,3909725
04May2020 7:00:00;54,3796048
04May2020 8:00:00;115,9591277
04May2020 9:00:00;173,3049928
04May2020 10:00:00;238,6524636
04May2020 11:00:00;250,8271552
04May2020 12:00:00;254,8700527
04May2020 13:00:00;217,6326049
04May2020 14:00:00;196,5617230
04May2020 15:00:00;175,9867092
04May2020 16:00:00;148,4120898
04May2020 17:00:00;85,1428942
04May2020 18:00:00;33,0909057
04May2020 19:00:00;4,4555080
04May2020 20:00:00;0,0044070
04May2020 21:00:00;0,0000000
04May2020 22:00:00;0,0000040
04May2020 23:00:00;0,0000010
05May2020 0:00:00;0,0000040
05May2020 1:00:00;0,0000000
05May2020 2:00:00;0,0000010
05May2020 3:00:00;0,0000040
05May2020 4:00:00;0,0684100
05May2020 5:00:00;0,2349090
05May2020 6:00:00;21,1176515
05May2020 7:00:00;82,3290954
05May2020 8:00:00;170,3158730
05May2020 9:00:00;256,3370320
05May2020 10:00:00;282,9281142
05May2020 11:00:00;271,6023418
05May2020 12:00:00;272,7021540
05May2020 13:00:00;234,4273277
05May2020 14:00:00;202,7693282
05May2020 15:00:00;174,6316550
05May2020 16:00:00;130,8294696
05May2020 17:00:00;74,6650325
05May2020 18:00:00;37,5862844
05May2020 19:00:00;4,0834730
05May2020 20:00:00;0,0028230
05May2020 21:00:00;0,0000010
05May2020 22:00:00;0,0099830
05May2020 23:00:00;0,0000000
06May2020 0:00:00;0,0000010
06May2020 1:00:00;0,0000040
06May2020 2:00:00;0,0000000
06May2020 3:00:00;0,0000010
06May2020 4:00:00;0,0826510
06May2020 5:00:00;0,2304820
06May2020 6:00:00;19,7589240
06May2020 7:00:00;97,0405509
06May2020 8:00:00;214,1459306
06May2020 9:00:00;317,4264171
06May2020 10:00:00;352,5439265
06May2020 11:00:00;369,8456956
06May2020 12:00:00;355,5054090
06May2020 13:00:00;345,9013930
06May2020 14:00:00;337,4355858
06May2020 15:00:00;301,1828574
06May2020 16:00:00;241,7302490
06May2020 17:00:00;147,7840667
06May2020 18:00:00;43,1586788
06May2020 19:00:00;3,9504658
06May2020 20:00:00;0,0000040
06May2020 21:00:00;0,0000010
06May2020 22:00:00;0,0000000
06May2020 23:00:00;0,0000000
07May2020 0:00:00;0,0000000
07May2020 1:00:00;0,0000010
07May2020 2:00:00;0,0000040
07May2020 3:00:00;0,0000000
07May2020 4:00:00;0,0682000
07May2020 5:00:00;0,1122920
07May2020 6:00:00;13,3283952
07May2020 7:00:00;60,3811073
07May2020 8:00:00;117,6791002
07May2020 9:00:00;104,5322285
07May2020 10:00:00;79,3795612
07May2020 11:00:00;95,1670504
07May2020 12:00:00;111,3500256
07May2020 13:00:00;98,4993503
07May2020 14:00:00;90,5088322
07May2020 15:00:00;72,8346586
07May2020 16:00:00;55,0044839
07May2020 17:00:00;41,2109218
07May2020 18:00:00;27,3681410
07May2020 19:00:00;5,2240558
07May2020 20:00:00;0,0137040
07May2020 21:00:00;0,0000000
07May2020 22:00:00;0,0000050
07May2020 23:00:00;0,0000000
08May2020 0:00:00;0,0000000
08May2020 1:00:00;0,0000010
08May2020 2:00:00;0,0000000
08May2020 3:00:00;0,0000000
08May2020 4:00:00;0,1262180
08May2020 5:00:00;0,3088050
08May2020 6:00:00;21,2454328
08May2020 7:00:00;99,4584707
08May2020 8:00:00;199,5291454
08May2020 9:00:00;289,1104341
08May2020 10:00:00;338,2974919
08May2020 11:00:00;367,1094369
08May2020 12:00:00;365,2634769
08May2020 13:00:00;338,3271457
08May2020 14:00:00;291,5967399
08May2020 15:00:00;233,8078541
08May2020 16:00:00;158,2258308
08May2020 17:00:00;89,9153453
08May2020 18:00:00;31,9196473
08May2020 19:00:00;5,1296145
08May2020 20:00:00;0,0061450
08May2020 21:00:00;0,0000000
08May2020 22:00:00;0,0000000
08May2020 23:00:00;0,0000010
09May2020 0:00:00;0,0000000
09May2020 1:00:00;0,0000000
09May2020 2:00:00;0,0000010
09May2020 3:00:00;0,0000000
09May2020 4:00:00;0,0956920
09May2020 5:00:00;0,3490685
09May2020 6:00:00;20,1850878
09May2020 7:00:00;101,2180158
09May2020 8:00:00;225,5937296
09May2020 9:00:00;328,7070315
09May2020 10:00:00;396,9821693
09May2020 11:00:00;421,5211402
09May2020 12:00:00;424,4389578
09May2020 13:00:00;419,5671349
09May2020 14:00:00;403,0186710
09May2020 15:00:00;359,7555638
09May2020 16:00:00;276,0889608
09May2020 17:00:00;162,6076847
09May2020 18:00:00;56,4083413
09May2020 19:00:00;6,8656702
09May2020 20:00:00;0,0065180
09May2020 21:00:00;0,0000040
09May2020 22:00:00;0,0000000
09May2020 23:00:00;0,0000010
10May2020 0:00:00;0,0000040
10May2020 1:00:00;0,0000000
10May2020 2:00:00;0,0000010
10May2020 3:00:00;0,0000040
10May2020 4:00:00;0,1039530
10May2020 5:00:00;0,3855050
10May2020 6:00:00;20,2700874
10May2020 7:00:00;100,4913934
10May2020 8:00:00;222,2957076
10May2020 9:00:00;327,9776173
10May2020 10:00:00;382,8080570
10May2020 11:00:00;401,9978306
10May2020 12:00:00;396,0135900
10May2020 13:00:00;377,7907989
10May2020 14:00:00;354,9433636
10May2020 15:00:00;313,7923626
10May2020 16:00:00;261,2526688
10May2020 17:00:00;155,3440845
10May2020 18:00:00;54,7389733
10May2020 19:00:00;7,1265379
10May2020 20:00:00;0,0064860
10May2020 21:00:00;0,0000010
10May2020 22:00:00;0,0000000
10May2020 23:00:00;0,0000000
11May2020 0:00:00;0,0000010
11May2020 1:00:00;0,0000040
11May2020 2:00:00;0,0000000
11May2020 3:00:00;0,0000010
11May2020 4:00:00;0,0898660
11May2020 5:00:00;0,6471816
11May2020 6:00:00;23,3904875
11May2020 7:00:00;101,5224278
11May2020 8:00:00;217,5594567
11May2020 9:00:00;312,7894598
11May2020 10:00:00;364,4634516
11May2020 11:00:00;392,3588452
11May2020 12:00:00;390,1406007
11May2020 13:00:00;372,5198369
11May2020 14:00:00;338,7775270
11May2020 15:00:00;314,8968412
11May2020 16:00:00;244,8385228
11May2020 17:00:00;149,5763532
11May2020 18:00:00;52,9317877
11May2020 19:00:00;7,2704980
11May2020 20:00:00;0,0104550
11May2020 21:00:00;0,0000000
11May2020 22:00:00;0,0000010
11May2020 23:00:00;0,0000000
12May2020 0:00:00;0,0000000
12May2020 1:00:00;0,0000050
12May2020 2:00:00;0,0000000
12May2020 3:00:00;0,0000000
12May2020 4:00:00;0,1310390
12May2020 5:00:00;0,4855569
12May2020 6:00:00;21,9406135
12May2020 7:00:00;99,1376304
12May2020 8:00:00;215,5583250
12May2020 9:00:00;316,4926010
12May2020 10:00:00;383,3279302
12May2020 11:00:00;414,0985968
12May2020 12:00:00;427,0377980
12May2020 13:00:00;420,9662477
12May2020 14:00:00;391,4530862
12May2020 15:00:00;305,6309280
12May2020 16:00:00;187,0961806
12May2020 17:00:00;129,8930145
12May2020 18:00:00;58,2302234
12May2020 19:00:00;9,7694870
12May2020 20:00:00;0,0100750
12May2020 21:00:00;0,0000000
12May2020 22:00:00;0,0000010
12May2020 23:00:00;0,0000000
13May2020 0:00:00;0,0000000
13May2020 1:00:00;0,0000050
13May2020 2:00:00;0,0000000
13May2020 3:00:00;0,0000000
13May2020 4:00:00;0,1503840
13May2020 5:00:00;0,6157933
13May2020 6:00:00;21,7068210
13May2020 7:00:00;100,5000029
13May2020 8:00:00;217,0846236
13May2020 9:00:00;313,2852151
13May2020 10:00:00;375,8161255
13May2020 11:00:00;400,4359246
13May2020 12:00:00;413,2246150
13May2020 13:00:00;406,6338090
13May2020 14:00:00;371,4616188
13May2020 15:00:00;312,0575194
13May2020 16:00:00;243,9002270
13May2020 17:00:00;150,0279327
13May2020 18:00:00;53,0493948
13May2020 19:00:00;7,7977198
13May2020 20:00:00;0,0130930
13May2020 21:00:00;0,0000000
13May2020 22:00:00;0,0000000
13May2020 23:00:00;0,0000020
14May2020 0:00:00;0,0000000
14May2020 1:00:00;0,0000000
14May2020 2:00:00;0,0000050
14May2020 3:00:00;0,0000000
14May2020 4:00:00;0,1279430
14May2020 5:00:00;0,6517003
14May2020 6:00:00;21,9103122
14May2020 7:00:00;97,9535243
14May2020 8:00:00;213,5376672
14May2020 9:00:00;311,6460215
14May2020 10:00:00;374,8878872
14May2020 11:00:00;407,4191784
14May2020 12:00:00;419,5791516
14May2020 13:00:00;410,1420093
14May2020 14:00:00;386,7681252
14May2020 15:00:00;338,1382196
14May2020 16:00:00;256,7793199
14May2020 17:00:00;150,7580988
14May2020 18:00:00;52,7951720
14May2020 19:00:00;5,9748538
14May2020 20:00:00;0,0092940
14May2020 21:00:00;0,0000040
14May2020 22:00:00;0,0000000
14May2020 23:00:00;0,0000010
15May2020 0:00:00;0,0000040
15May2020 1:00:00;0,0000000
15May2020 2:00:00;0,0000060
15May2020 3:00:00;0,0000000
15May2020 4:00:00;0,0909710
15May2020 5:00:00;0,5770878
15May2020 6:00:00;24,6267308
15May2020 7:00:00;95,2649927
15May2020 8:00:00;201,3307994
15May2020 9:00:00;292,0874751
15May2020 10:00:00;362,6219249
15May2020 11:00:00;395,8218369
15May2020 12:00:00;403,2359119
15May2020 13:00:00;398,2427077
15May2020 14:00:00;361,3806589
15May2020 15:00:00;313,1996441
15May2020 16:00:00;239,8311608
15May2020 17:00:00;153,3019753
15May2020 18:00:00;52,6147173
15May2020 19:00:00;7,4668445
15May2020 20:00:00;0,0109820
15May2020 21:00:00;0,0000010
15May2020 22:00:00;0,0000000
15May2020 23:00:00;0,0000000
16May2020 0:00:00;0,0000010
16May2020 1:00:00;0,0000000
16May2020 2:00:00;0,0000040
16May2020 3:00:00;0,0000010
16May2020 4:00:00;0,1131060
16May2020 5:00:00;0,7573495
16May2020 6:00:00;28,1939648
16May2020 7:00:00;90,7314538
16May2020 8:00:00;185,4637616
16May2020 9:00:00;278,1717225
16May2020 10:00:00;348,2429033
16May2020 11:00:00;389,0721512
16May2020 12:00:00;412,3427188
16May2020 13:00:00;407,7735959
16May2020 14:00:00;369,8133480
16May2020 15:00:00;326,9114388
16May2020 16:00:00;248,1669668
16May2020 17:00:00;148,7744737
16May2020 18:00:00;57,5314973
16May2020 19:00:00;11,2450922
16May2020 20:00:00;0,0234910
16May2020 21:00:00;0,0000040
16May2020 22:00:00;0,0000010
16May2020 23:00:00;0,0000000
17May2020 0:00:00;0,0000040
17May2020 1:00:00;0,0000020
17May2020 2:00:00;0,0000000
17May2020 3:00:00;0,0000040
17May2020 4:00:00;0,0859150
17May2020 5:00:00;0,9071313
17May2020 6:00:00;26,7040954
17May2020 7:00:00;99,9766784
17May2020 8:00:00;208,8935396
17May2020 9:00:00;304,7054953
17May2020 10:00:00;369,2430360
17May2020 11:00:00;405,1479196
17May2020 12:00:00;414,7136690
17May2020 13:00:00;406,9002109
17May2020 14:00:00;371,6013776
17May2020 15:00:00;315,7793846
17May2020 16:00:00;240,1505268
17May2020 17:00:00;133,6018385
17May2020 18:00:00;51,3412973
17May2020 19:00:00;9,0896489
17May2020 20:00:00;0,0050400
17May2020 21:00:00;0,0000000
17May2020 22:00:00;0,0000040
17May2020 23:00:00;0,0000020
18May2020 0:00:00;0,0000040
18May2020 1:00:00;0,0000000
18May2020 2:00:00;0,0000010
18May2020 3:00:00;0,0000040
18May2020 4:00:00;0,0567070
18May2020 5:00:00;0,9755556
18May2020 6:00:00;27,8020105
18May2020 7:00:00;93,6051558
18May2020 8:00:00;190,0824357
18May2020 9:00:00;281,9193368
18May2020 10:00:00;340,9198006
18May2020 11:00:00;387,6473372
18May2020 12:00:00;403,3671387
18May2020 13:00:00;396,9439059
18May2020 14:00:00;367,0564170
18May2020 15:00:00;309,6861562
18May2020 16:00:00;220,1125568
18May2020 17:00:00;129,9724502
18May2020 18:00:00;53,8102717
18May2020 19:00:00;11,2690130
18May2020 20:00:00;0,0206980
18May2020 21:00:00;0,0000000
18May2020 22:00:00;0,0000000
18May2020 23:00:00;0,0000010
19May2020 0:00:00;0,0000000
19May2020 1:00:00;0,0000000
19May2020 2:00:00;0,0000060
19May2020 3:00:00;0,0000000
19May2020 4:00:00;0,0469780
19May2020 5:00:00;1,1513689
19May2020 6:00:00;27,6596795
19May2020 7:00:00;97,5336714
19May2020 8:00:00;200,7369310
19May2020 9:00:00;294,6404750
19May2020 10:00:00;359,4447972
19May2020 11:00:00;395,5673278
19May2020 12:00:00;412,0081780
19May2020 13:00:00;407,9848257
19May2020 14:00:00;378,7753442
19May2020 15:00:00;318,4879990
19May2020 16:00:00;232,2282986
19May2020 17:00:00;147,5270435
19May2020 18:00:00;57,8137794
19May2020 19:00:00;10,3402240
19May2020 20:00:00;0,0202850
19May2020 21:00:00;0,0000010
19May2020 22:00:00;0,0000000
19May2020 23:00:00;0,0000000
20May2020 0:00:00;0,0000010
20May2020 1:00:00;0,0000000
20May2020 2:00:00;0,0000040
20May2020 3:00:00;0,0000010
20May2020 4:00:00;0,0285720
20May2020 5:00:00;1,4813123
20May2020 6:00:00;30,6256670
20May2020 7:00:00;97,5071669
20May2020 8:00:00;192,9702816
20May2020 9:00:00;281,4762021
20May2020 10:00:00;332,6768185
20May2020 11:00:00;371,1295686
20May2020 12:00:00;382,9507650
20May2020 13:00:00;389,1342820
20May2020 14:00:00;336,4921408
20May2020 15:00:00;263,4816984
20May2020 16:00:00;178,4567860
20May2020 17:00:00;103,3102697
20May2020 18:00:00;46,8460948
20May2020 19:00:00;9,1308958
20May2020 20:00:00;0,0095920
20May2020 21:00:00;0,1290530
20May2020 22:00:00;0,0000010
20May2020 23:00:00;0,0000000
21May2020 0:00:00;0,0000000
21May2020 1:00:00;0,0000050
21May2020 2:00:00;0,0000000
21May2020 3:00:00;0,0000000
21May2020 4:00:00;0,0226570
21May2020 5:00:00;1,5626603
21May2020 6:00:00;29,0005722
21May2020 7:00:00;91,7235863
21May2020 8:00:00;188,3221992
21May2020 9:00:00;269,9205495
21May2020 10:00:00;319,3287072
21May2020 11:00:00;349,7556204
21May2020 12:00:00;312,0422816
21May2020 13:00:00;244,1987033
21May2020 14:00:00;214,9548642
21May2020 15:00:00;155,4595436
21May2020 16:00:00;138,4693199
21May2020 17:00:00;93,3190328
21May2020 18:00:00;29,9222500
21May2020 19:00:00;8,2160338
21May2020 20:00:00;0,3818290
21May2020 21:00:00;0,7954460
21May2020 22:00:00;0,0000000
21May2020 23:00:00;0,0000010
22May2020 0:00:00;0,0000000
22May2020 1:00:00;0,0000000
22May2020 2:00:00;0,0303100
22May2020 3:00:00;0,0000000
22May2020 4:00:00;0,0336830
22May2020 5:00:00;1,0162278
22May2020 6:00:00;24,4227588
22May2020 7:00:00;90,1616007
22May2020 8:00:00;179,0783244
22May2020 9:00:00;247,4505361
22May2020 10:00:00;258,6766329
22May2020 11:00:00;269,2839669
22May2020 12:00:00;232,6572559
22May2020 13:00:00;172,8831047
22May2020 14:00:00;135,8608629
22May2020 15:00:00;124,7003001
22May2020 16:00:00;104,9415148
22May2020 17:00:00;59,3400853
22May2020 18:00:00;31,6642493
22May2020 19:00:00;9,9080840
22May2020 20:00:00;1,0209240
22May2020 21:00:00;0,0263360
22May2020 22:00:00;0,0000000
22May2020 23:00:00;0,0000000
23May2020 0:00:00;0,0000040
23May2020 1:00:00;0,0000000
23May2020 2:00:00;0,0000000
23May2020 3:00:00;0,0000040
23May2020 4:00:00;0,0362990
23May2020 5:00:00;1,1884165
23May2020 6:00:00;24,7514238
23May2020 7:00:00;106,6357398
23May2020 8:00:00;215,4826636
23May2020 9:00:00;267,9292565
23May2020 10:00:00;285,0184843
23May2020 11:00:00;284,5855072
23May2020 12:00:00;287,4693328
23May2020 13:00:00;280,8724249
23May2020 14:00:00;255,3841200
23May2020 15:00:00;225,6564348
23May2020 16:00:00;183,6166898
23May2020 17:00:00;105,6166527
23May2020 18:00:00;48,7959753
23May2020 19:00:00;10,4626522
23May2020 20:00:00;0,0243310
23May2020 21:00:00;0,0000000
23May2020 22:00:00;0,0000000
23May2020 23:00:00;0,0000010
24May2020 0:00:00;0,0000000
24May2020 1:00:00;0,0000000
24May2020 2:00:00;0,0000000
24May2020 3:00:00;0,0000000
24May2020 4:00:00;0,0277420
24May2020 5:00:00;0,9650853
24May2020 6:00:00;25,0795214
24May2020 7:00:00;97,0577144
24May2020 8:00:00;212,0053236
24May2020 9:00:00;302,1540283
24May2020 10:00:00;366,0422170
24May2020 11:00:00;396,4153536
24May2020 12:00:00;393,8967720
24May2020 13:00:00;401,9782309
24May2020 14:00:00;385,9415896
24May2020 15:00:00;326,9730206
24May2020 16:00:00;250,8876278
24May2020 17:00:00;166,7339545
24May2020 18:00:00;66,2920953
24May2020 19:00:00;10,4313399
24May2020 20:00:00;0,0262200
24May2020 21:00:00;0,0000000
24May2020 22:00:00;0,0000000
24May2020 23:00:00;0,0000000
25May2020 0:00:00;0,0000010
25May2020 1:00:00;0,0000040
25May2020 2:00:00;0,0000000
25May2020 3:00:00;0,0000000
25May2020 4:00:00;0,0300730
25May2020 5:00:00;1,2864566
25May2020 6:00:00;24,4210195
25May2020 7:00:00;106,6340078
25May2020 8:00:00;226,4074557
25May2020 9:00:00;325,3539298
25May2020 10:00:00;390,1423706
25May2020 11:00:00;418,6851322
25May2020 12:00:00;411,0377407
25May2020 13:00:00;392,1953019
25May2020 14:00:00;343,0916450
25May2020 15:00:00;261,9195802
25May2020 16:00:00;159,1537858
25May2020 17:00:00;83,7034372
25May2020 18:00:00;33,3347637
25May2020 19:00:00;7,1392010
25May2020 20:00:00;0,0107550
25May2020 21:00:00;0,0000000
25May2020 22:00:00;0,0000010
25May2020 23:00:00;0,0000000
26May2020 0:00:00;0,0000000
26May2020 1:00:00;0,0000040
26May2020 2:00:00;0,0000000
26May2020 3:00:00;0,0000000
26May2020 4:00:00;0,0388980
26May2020 5:00:00;1,4057419
26May2020 6:00:00;26,2781735
26May2020 7:00:00;74,6852654
26May2020 8:00:00;119,8715020
26May2020 9:00:00;165,0130890
26May2020 10:00:00;219,5980192
26May2020 11:00:00;283,5613678
26May2020 12:00:00;289,0970470
26May2020 13:00:00;275,3175017
26May2020 14:00:00;283,8567862
26May2020 15:00:00;240,3846060
26May2020 16:00:00;174,0765986
26May2020 17:00:00;80,8957115
26May2020 18:00:00;25,0502494
26May2020 19:00:00;3,0682800
26May2020 20:00:00;0,0041180
26May2020 21:00:00;0,0000000
26May2020 22:00:00;0,0000040
26May2020 23:00:00;0,0000000
27May2020 0:00:00;0,0000010
27May2020 1:00:00;0,0000040
27May2020 2:00:00;0,0000000
27May2020 3:00:00;0,0000040
27May2020 4:00:00;0,0264930
27May2020 5:00:00;1,4870193
27May2020 6:00:00;26,9160650
27May2020 7:00:00;89,3426989
27May2020 8:00:00;186,1699656
27May2020 9:00:00;296,3825371
27May2020 10:00:00;359,7263175
27May2020 11:00:00;388,7047406
27May2020 12:00:00;357,4995450
27May2020 13:00:00;336,5895270
27May2020 14:00:00;317,4320778
27May2020 15:00:00;275,3706084
27May2020 16:00:00;165,2309610
27May2020 17:00:00;122,7246937
27May2020 18:00:00;58,3393978
27May2020 19:00:00;14,1443858
27May2020 20:00:00;0,0458960
27May2020 21:00:00;0,0017250
27May2020 22:00:00;0,0000040
27May2020 23:00:00;0,0000000
28May2020 0:00:00;0,0000040
28May2020 1:00:00;0,0000000
28May2020 2:00:00;0,0000000
28May2020 3:00:00;0,0000040
28May2020 4:00:00;0,0331550
28May2020 5:00:00;1,6536423
28May2020 6:00:00;25,5259862
28May2020 7:00:00;102,7861953
28May2020 8:00:00;214,2415872
28May2020 9:00:00;307,4401085
28May2020 10:00:00;370,8498672
28May2020 11:00:00;395,8575324
28May2020 12:00:00;386,8781416
28May2020 13:00:00;371,2128613
28May2020 14:00:00;350,7234902
28May2020 15:00:00;315,1746456
28May2020 16:00:00;252,7212869
28May2020 17:00:00;169,6579628
28May2020 18:00:00;65,8293610
28May2020 19:00:00;10,8993528
28May2020 20:00:00;0,0302060
28May2020 21:00:00;0,0000040
28May2020 22:00:00;0,0000000
28May2020 23:00:00;0,0000000
29May2020 0:00:00;0,0000040
29May2020 1:00:00;0,0000000
29May2020 2:00:00;0,0000000
29May2020 3:00:00;0,0000050
29May2020 4:00:00;0,0000000
29May2020 5:00:00;0,4245648
29May2020 6:00:00;6,2218948
29May2020 7:00:00;21,1500047
29May2020 8:00:00;53,3704694
29May2020 9:00:00;110,1609441
29May2020 10:00:00;145,8078749
29May2020 11:00:00;159,8761659
29May2020 12:00:00;195,6085009
29May2020 13:00:00;245,5723897
29May2020 14:00:00;237,5680329
29May2020 15:00:00;226,3353221
29May2020 16:00:00;200,8376228
29May2020 17:00:00;143,0462153
29May2020 18:00:00;62,2040793
29May2020 19:00:00;11,0222065
29May2020 20:00:00;0,0359370
29May2020 21:00:00;0,0000040
29May2020 22:00:00;0,0000000
29May2020 23:00:00;0,0000000
30May2020 0:00:00;0,0000000
30May2020 1:00:00;0,0000010
30May2020 2:00:00;0,0000040
30May2020 3:00:00;0,0000000
30May2020 4:00:00;0,0291760
30May2020 5:00:00;1,2751565
30May2020 6:00:00;24,8686238
30May2020 7:00:00;86,8481818
30May2020 8:00:00;185,2884626
30May2020 9:00:00;246,8114825
30May2020 10:00:00;283,0698023
30May2020 11:00:00;284,8504782
30May2020 12:00:00;290,5523338
30May2020 13:00:00;304,1744189
30May2020 14:00:00;313,0941860
30May2020 15:00:00;253,7317388
30May2020 16:00:00;205,4326618
30May2020 17:00:00;147,3217517
30May2020 18:00:00;65,5691503
30May2020 19:00:00;12,6689382
30May2020 20:00:00;0,0531510
30May2020 21:00:00;0,0000000
30May2020 22:00:00;0,0000040
30May2020 23:00:00;0,0000010
31May2020 0:00:00;0,0000000
31May2020 1:00:00;0,0000000
31May2020 2:00:00;0,0000000
31May2020 3:00:00;0,0000000
31May2020 4:00:00;0,0312260
31May2020 5:00:00;1,4242993
31May2020 6:00:00;28,0841094
31May2020 7:00:00;104,0248674
31May2020 8:00:00;216,5183356
31May2020 9:00:00;312,3505183
31May2020 10:00:00;343,6638160
31May2020 11:00:00;328,7243936
31May2020 12:00:00;295,8167590
31May2020 13:00:00;245,3876629
31May2020 14:00:00;200,1942966
31May2020 15:00:00;156,6472866
31May2020 16:00:00;134,9580778
31May2020 17:00:00;90,3183535
31May2020 18:00:00;44,4226973
31May2020 19:00:00;9,7157879
31May2020 20:00:00;0,0476120
31May2020 21:00:00;0,0000040
31May2020 22:00:00;0,0000000
31May2020 23:00:00;0,0000000
01Jun2020 0:00:00;0,0000080
01Jun2020 1:00:00;0,0000000
01Jun2020 2:00:00;0,0000080
01Jun2020 3:00:00;0,0000000
01Jun2020 4:00:00;0,0180440
01Jun2020 5:00:00;1,3303168
01Jun2020 6:00:00;23,3517297
01Jun2020 7:00:00;71,0839222
01Jun2020 8:00:00;135,4277338
01Jun2020 9:00:00;201,2662765
01Jun2020 10:00:00;244,3539272
01Jun2020 11:00:00;276,8608278
01Jun2020 12:00:00;299,1818098
01Jun2020 13:00:00;284,3620687
01Jun2020 14:00:00;227,2352405
01Jun2020 15:00:00;178,4094391
01Jun2020 16:00:00;152,9212534
01Jun2020 17:00:00;82,2840567
01Jun2020 18:00:00;35,8502033
01Jun2020 19:00:00;6,1937007
01Jun2020 20:00:00;0,0123420
01Jun2020 21:00:00;0,0000000
01Jun2020 22:00:00;0,0000080
01Jun2020 23:00:00;0,0000000
02Jun2020 0:00:00;0,0000000
02Jun2020 1:00:00;0,0000080
02Jun2020 2:00:00;0,0000000
02Jun2020 3:00:00;0,0000000
02Jun2020 4:00:00;0,0133290
02Jun2020 5:00:00;0,9862259
02Jun2020 6:00:00;23,4136496
02Jun2020 7:00:00;83,9153293
02Jun2020 8:00:00;162,8070576
02Jun2020 9:00:00;228,0380504
02Jun2020 10:00:00;256,9272762
02Jun2020 11:00:00;266,6783434
02Jun2020 12:00:00;301,1029635
02Jun2020 13:00:00;313,0275664
02Jun2020 14:00:00;299,0827733
02Jun2020 15:00:00;264,0087475
02Jun2020 16:00:00;197,6682096
02Jun2020 17:00:00;139,2355897
02Jun2020 18:00:00;65,2744438
02Jun2020 19:00:00;14,4314571
02Jun2020 20:00:00;0,0765810
02Jun2020 21:00:00;0,0000000
02Jun2020 22:00:00;0,0000000
02Jun2020 23:00:00;0,0000080
03Jun2020 0:00:00;0,0000000
03Jun2020 1:00:00;0,0000080
03Jun2020 2:00:00;0,0000010
03Jun2020 3:00:00;0,0000000
03Jun2020 4:00:00;0,0507740
03Jun2020 5:00:00;1,9098094
03Jun2020 6:00:00;26,2281624
03Jun2020 7:00:00;101,6425011
03Jun2020 8:00:00;205,7975996
03Jun2020 9:00:00;287,6143077
03Jun2020 10:00:00;336,5876598
03Jun2020 11:00:00;325,7287545
03Jun2020 12:00:00;321,1416546
03Jun2020 13:00:00;298,8993055
03Jun2020 14:00:00;282,5046972
03Jun2020 15:00:00;271,9186004
03Jun2020 16:00:00;207,3475380
03Jun2020 17:00:00;126,9260179
03Jun2020 18:00:00;58,0703881
03Jun2020 19:00:00;13,6678319
03Jun2020 20:00:00;0,0436660
03Jun2020 21:00:00;0,0000000
03Jun2020 22:00:00;0,0049600
03Jun2020 23:00:00;0,0015690
04Jun2020 0:00:00;0,0000000
04Jun2020 1:00:00;0,0000000
04Jun2020 2:00:00;0,0000080
04Jun2020 3:00:00;0,0000000
04Jun2020 4:00:00;0,0273970
04Jun2020 5:00:00;1,1733770
04Jun2020 6:00:00;21,7229431
04Jun2020 7:00:00;83,3656123
04Jun2020 8:00:00;194,1100838
04Jun2020 9:00:00;274,6131672
04Jun2020 10:00:00;305,4471357
04Jun2020 11:00:00;304,9892388
04Jun2020 12:00:00;306,3520940
04Jun2020 13:00:00;321,0896641
04Jun2020 14:00:00;339,5046759
04Jun2020 15:00:00;315,0947309
04Jun2020 16:00:00;244,8013565
04Jun2020 17:00:00;163,9981174
04Jun2020 18:00:00;69,0908444
04Jun2020 19:00:00;13,3761763
04Jun2020 20:00:00;0,0732790
04Jun2020 21:00:00;0,0017320
04Jun2020 22:00:00;0,1014640
04Jun2020 23:00:00;0,0000000
05Jun2020 0:00:00;0,0000080
05Jun2020 1:00:00;0,0000000
05Jun2020 2:00:00;0,0000010
05Jun2020 3:00:00;0,0000080
05Jun2020 4:00:00;0,0377310
05Jun2020 5:00:00;1,9914409
05Jun2020 6:00:00;25,6129957
05Jun2020 7:00:00;105,8964380
05Jun2020 8:00:00;221,8137523
05Jun2020 9:00:00;316,4647413
05Jun2020 10:00:00;375,3948053
05Jun2020 11:00:00;405,8245058
05Jun2020 12:00:00;412,5884594
05Jun2020 13:00:00;413,7251892
05Jun2020 14:00:00;392,1563981
05Jun2020 15:00:00;338,8184463
05Jun2020 16:00:00;268,3598059
05Jun2020 17:00:00;172,3154998
05Jun2020 18:00:00;68,6542176
05Jun2020 19:00:00;13,2389189
05Jun2020 20:00:00;0,0788130
05Jun2020 21:00:00;0,0000000
05Jun2020 22:00:00;0,0000000
05Jun2020 23:00:00;0,0000080
06Jun2020 0:00:00;0,0000000
06Jun2020 1:00:00;0,0000010
06Jun2020 2:00:00;0,0000000
06Jun2020 3:00:00;0,0000000
06Jun2020 4:00:00;0,0502270
06Jun2020 5:00:00;2,8156037
06Jun2020 6:00:00;29,5607276
06Jun2020 7:00:00;104,2785081
06Jun2020 8:00:00;215,9568602
06Jun2020 9:00:00;304,3400108
06Jun2020 10:00:00;368,4149796
06Jun2020 11:00:00;402,6669173
06Jun2020 12:00:00;414,4379498
06Jun2020 13:00:00;394,6242205
06Jun2020 14:00:00;375,5010972
06Jun2020 15:00:00;317,2906540
06Jun2020 16:00:00;230,5694326
06Jun2020 17:00:00;149,4975668
06Jun2020 18:00:00;64,1132500
06Jun2020 19:00:00;16,1138324
06Jun2020 20:00:00;0,0885540
06Jun2020 21:00:00;0,0000080
06Jun2020 22:00:00;0,0000000
06Jun2020 23:00:00;0,0000000
07Jun2020 0:00:00;0,0000080
07Jun2020 1:00:00;0,0000000
07Jun2020 2:00:00;0,0000000
07Jun2020 3:00:00;0,0000080
07Jun2020 4:00:00;0,0403770
07Jun2020 5:00:00;2,3039407
07Jun2020 6:00:00;29,4487625
07Jun2020 7:00:00;102,1740542
07Jun2020 8:00:00;207,1187291
07Jun2020 9:00:00;297,7788744
07Jun2020 10:00:00;365,2580172
07Jun2020 11:00:00;405,4867008
07Jun2020 12:00:00;419,8064570
07Jun2020 13:00:00;415,9639844
07Jun2020 14:00:00;380,2748693
07Jun2020 15:00:00;328,7363602
07Jun2020 16:00:00;245,7516361
07Jun2020 17:00:00;149,3207044
07Jun2020 18:00:00;61,2175536
07Jun2020 19:00:00;18,3548865
07Jun2020 20:00:00;0,6159109
07Jun2020 21:00:00;0,0000000
07Jun2020 22:00:00;0,0000000
07Jun2020 23:00:00;0,0000080
08Jun2020 0:00:00;0,0014920
08Jun2020 1:00:00;0,0000010
08Jun2020 2:00:00;0,0000000
08Jun2020 3:00:00;0,0000000
08Jun2020 4:00:00;0,0401800
08Jun2020 5:00:00;2,3860903
08Jun2020 6:00:00;29,6586770
08Jun2020 7:00:00;102,2788956
08Jun2020 8:00:00;207,0180890
08Jun2020 9:00:00;296,7136271
08Jun2020 10:00:00;360,4310865
08Jun2020 11:00:00;397,0792415
08Jun2020 12:00:00;410,2430864
08Jun2020 13:00:00;406,4371791
08Jun2020 14:00:00;377,5556839
08Jun2020 15:00:00;319,3306132
08Jun2020 16:00:00;242,1246435
08Jun2020 17:00:00;150,3772750
08Jun2020 18:00:00;65,5244982
08Jun2020 19:00:00;16,8855696
08Jun2020 20:00:00;0,3671250
08Jun2020 21:00:00;0,0000000
08Jun2020 22:00:00;0,0000080
08Jun2020 23:00:00;0,0000000
09Jun2020 0:00:00;0,0000080
09Jun2020 1:00:00;0,0000000
09Jun2020 2:00:00;0,0000000
09Jun2020 3:00:00;0,0000080
09Jun2020 4:00:00;0,0361740
09Jun2020 5:00:00;2,5605677
09Jun2020 6:00:00;28,3157788
09Jun2020 7:00:00;100,2237257
09Jun2020 8:00:00;200,1925298
09Jun2020 9:00:00;284,4419366
09Jun2020 10:00:00;345,3298153
09Jun2020 11:00:00;378,9353925
09Jun2020 12:00:00;395,4441244
09Jun2020 13:00:00;381,6774430
09Jun2020 14:00:00;353,6234796
09Jun2020 15:00:00;307,6194074
09Jun2020 16:00:00;230,9938613
09Jun2020 17:00:00;149,6868489
09Jun2020 18:00:00;60,7112542
09Jun2020 19:00:00;12,5073989
09Jun2020 20:00:00;0,0791200
09Jun2020 21:00:00;0,0000000
09Jun2020 22:00:00;0,0000080
09Jun2020 23:00:00;0,0000000
10Jun2020 0:00:00;0,0000000
10Jun2020 1:00:00;0,0000080
10Jun2020 2:00:00;0,0000000
10Jun2020 3:00:00;0,0000000
10Jun2020 4:00:00;0,0470960
10Jun2020 5:00:00;2,9399493
10Jun2020 6:00:00;29,4033086
10Jun2020 7:00:00;89,8242256
10Jun2020 8:00:00;185,9404152
10Jun2020 9:00:00;270,8885871
10Jun2020 10:00:00;313,6866940
10Jun2020 11:00:00;361,6699497
10Jun2020 12:00:00;386,6245581
10Jun2020 13:00:00;343,3779432
10Jun2020 14:00:00;245,6550010
10Jun2020 15:00:00;138,8361075
10Jun2020 16:00:00;90,1432304
10Jun2020 17:00:00;66,7944418
10Jun2020 18:00:00;39,7897246
10Jun2020 19:00:00;12,9395690
10Jun2020 20:00:00;0,0719900
10Jun2020 21:00:00;0,0000080
10Jun2020 22:00:00;0,0000010
10Jun2020 23:00:00;0,0000000
11Jun2020 0:00:00;0,0000080
11Jun2020 1:00:00;0,0000000
11Jun2020 2:00:00;0,0000000
11Jun2020 3:00:00;0,0000080
11Jun2020 4:00:00;0,0446300
11Jun2020 5:00:00;2,1691989
11Jun2020 6:00:00;29,0693493
11Jun2020 7:00:00;84,4218071
11Jun2020 8:00:00;174,6281475
11Jun2020 9:00:00;261,4681930
11Jun2020 10:00:00;323,6260233
11Jun2020 11:00:00;370,4665290
11Jun2020 12:00:00;358,3981419
11Jun2020 13:00:00;323,6352872
11Jun2020 14:00:00;233,4253260
11Jun2020 15:00:00;170,0441166
11Jun2020 16:00:00;113,4567455
11Jun2020 17:00:00;91,0235617
11Jun2020 18:00:00;42,9256490
11Jun2020 19:00:00;11,4860882
11Jun2020 20:00:00;0,1061960
11Jun2020 21:00:00;0,0065100
11Jun2020 22:00:00;0,0006800
11Jun2020 23:00:00;0,0000000
12Jun2020 0:00:00;0,0000080
12Jun2020 1:00:00;0,0000000
12Jun2020 2:00:00;0,2040100
12Jun2020 3:00:00;0,0000000
12Jun2020 4:00:00;0,0148440
12Jun2020 5:00:00;1,8103927
12Jun2020 6:00:00;24,2294823
12Jun2020 7:00:00;86,8008283
12Jun2020 8:00:00;181,1237514
12Jun2020 9:00:00;265,4874739
12Jun2020 10:00:00;334,6901367
12Jun2020 11:00:00;349,3660730
12Jun2020 12:00:00;323,3286110
12Jun2020 13:00:00;283,9826249
12Jun2020 14:00:00;203,0213347
12Jun2020 15:00:00;116,2127971
12Jun2020 16:00:00;71,1350404
12Jun2020 17:00:00;57,7402295
12Jun2020 18:00:00;45,4234167
12Jun2020 19:00:00;11,7897180
12Jun2020 20:00:00;0,0625360
12Jun2020 21:00:00;0,0000080
12Jun2020 22:00:00;0,0000000
12Jun2020 23:00:00;0,0000000
13Jun2020 0:00:00;0,0000080
13Jun2020 1:00:00;0,0000000
13Jun2020 2:00:00;0,0000000
13Jun2020 3:00:00;0,0000080
13Jun2020 4:00:00;0,0170830
13Jun2020 5:00:00;1,0080163
13Jun2020 6:00:00;16,3986538
13Jun2020 7:00:00;40,1491251
13Jun2020 8:00:00;61,3036730
13Jun2020 9:00:00;78,0244254
13Jun2020 10:00:00;109,1797183
13Jun2020 11:00:00;124,7465958
13Jun2020 12:00:00;133,9096576
13Jun2020 13:00:00;146,7212221
13Jun2020 14:00:00;190,2349847
13Jun2020 15:00:00;196,7379735
13Jun2020 16:00:00;181,5769402
13Jun2020 17:00:00;125,8680623
13Jun2020 18:00:00;57,5313590
13Jun2020 19:00:00;12,7945136
13Jun2020 20:00:00;0,0877590
13Jun2020 21:00:00;5,3751000
13Jun2020 22:00:00;0,0000080
13Jun2020 23:00:00;0,0000000
14Jun2020 0:00:00;0,0000090
14Jun2020 1:00:00;0,0000000
14Jun2020 2:00:00;0,0670700
14Jun2020 3:00:00;0,0000000
14Jun2020 4:00:00;0,0373500
14Jun2020 5:00:00;2,2336300
14Jun2020 6:00:00;27,4865943
14Jun2020 7:00:00;77,7138353
14Jun2020 8:00:00;162,6027392
14Jun2020 9:00:00;247,6149233
14Jun2020 10:00:00;298,6644305
14Jun2020 11:00:00;306,4874796
14Jun2020 12:00:00;298,8415847
14Jun2020 13:00:00;299,2453774
14Jun2020 14:00:00;298,2379733
14Jun2020 15:00:00;252,0274593
14Jun2020 16:00:00;198,7825271
14Jun2020 17:00:00;138,7620216
14Jun2020 18:00:00;60,0276993
14Jun2020 19:00:00;16,8522294
14Jun2020 20:00:00;0,1777400
14Jun2020 21:00:00;0,0000000
14Jun2020 22:00:00;0,0000080
14Jun2020 23:00:00;0,0000000
15Jun2020 0:00:00;0,0000080
15Jun2020 1:00:00;0,0000000
15Jun2020 2:00:00;0,0000010
15Jun2020 3:00:00;0,0000080
15Jun2020 4:00:00;0,0073010
15Jun2020 5:00:00;1,7174790
15Jun2020 6:00:00;17,2668544
15Jun2020 7:00:00;37,5774209
15Jun2020 8:00:00;72,8453910
15Jun2020 9:00:00;108,2109583
15Jun2020 10:00:00;146,9729497
15Jun2020 11:00:00;163,6762191
15Jun2020 12:00:00;175,4791890
15Jun2020 13:00:00;198,7973413
15Jun2020 14:00:00;196,7483326
15Jun2020 15:00:00;143,8247366
15Jun2020 16:00:00;107,9703902
15Jun2020 17:00:00;76,0765823
15Jun2020 18:00:00;38,9122339
15Jun2020 19:00:00;11,5878761
15Jun2020 20:00:00;0,1294938
15Jun2020 21:00:00;0,7858520
15Jun2020 22:00:00;0,0000000
15Jun2020 23:00:00;0,0000080
16Jun2020 0:00:00;0,0000000
16Jun2020 1:00:00;0,0000000
16Jun2020 2:00:00;0,0000080
16Jun2020 3:00:00;0,0000000
16Jun2020 4:00:00;0,0114240
16Jun2020 5:00:00;1,6533278
16Jun2020 6:00:00;21,6808447
16Jun2020 7:00:00;69,0475687
16Jun2020 8:00:00;142,6726549
16Jun2020 9:00:00;237,6098113
16Jun2020 10:00:00;319,4078289
16Jun2020 11:00:00;360,9934319
16Jun2020 12:00:00;353,1978845
16Jun2020 13:00:00;330,0302737
16Jun2020 14:00:00;294,6053712
16Jun2020 15:00:00;271,0632580
16Jun2020 16:00:00;235,0226888
16Jun2020 17:00:00;156,1700611
16Jun2020 18:00:00;71,0271543
16Jun2020 19:00:00;16,1081597
16Jun2020 20:00:00;0,2515510
16Jun2020 21:00:00;0,0000000
16Jun2020 22:00:00;0,0000080
16Jun2020 23:00:00;0,0000000
17Jun2020 0:00:00;0,0000000
17Jun2020 1:00:00;0,0000080
17Jun2020 2:00:00;0,0000000
17Jun2020 3:00:00;0,0000000
17Jun2020 4:00:00;0,1503190
17Jun2020 5:00:00;2,7104050
17Jun2020 6:00:00;28,9444948
17Jun2020 7:00:00;95,4795357
17Jun2020 8:00:00;192,0365214
17Jun2020 9:00:00;266,1527265
17Jun2020 10:00:00;297,4237597
17Jun2020 11:00:00;281,6017250
17Jun2020 12:00:00;217,3741102
17Jun2020 13:00:00;186,0128059
17Jun2020 14:00:00;203,5265209
17Jun2020 15:00:00;190,0753510
17Jun2020 16:00:00;168,8331108
17Jun2020 17:00:00;104,6982461
17Jun2020 18:00:00;51,3785467
17Jun2020 19:00:00;13,0807456
17Jun2020 20:00:00;0,1529700
17Jun2020 21:00:00;0,0000080
17Jun2020 22:00:00;0,0000000
17Jun2020 23:00:00;0,0000090
18Jun2020 0:00:00;0,0000000
18Jun2020 1:00:00;0,0000000
18Jun2020 2:00:00;0,0000080
18Jun2020 3:00:00;0,0000000
18Jun2020 4:00:00;0,0418920
18Jun2020 5:00:00;2,3689100
18Jun2020 6:00:00;29,1166832
18Jun2020 7:00:00;88,4980221
18Jun2020 8:00:00;169,4566541
18Jun2020 9:00:00;254,0432253
18Jun2020 10:00:00;315,4818080
18Jun2020 11:00:00;365,3197507
18Jun2020 12:00:00;354,0753464
18Jun2020 13:00:00;325,0158386
18Jun2020 14:00:00;251,3590298
18Jun2020 15:00:00;184,1785810
18Jun2020 16:00:00;130,8892974
18Jun2020 17:00:00;82,4083375
18Jun2020 18:00:00;45,7140382
18Jun2020 19:00:00;19,9738264
18Jun2020 20:00:00;1,0511431
18Jun2020 21:00:00;5,4038740
18Jun2020 22:00:00;0,0000000
18Jun2020 23:00:00;0,0000080
19Jun2020 0:00:00;0,0000000
19Jun2020 1:00:00;0,0000000
19Jun2020 2:00:00;0,0000080
19Jun2020 3:00:00;0,0000010
19Jun2020 4:00:00;0,0333150
19Jun2020 5:00:00;0,9467300
19Jun2020 6:00:00;20,0758782
19Jun2020 7:00:00;53,5538885
19Jun2020 8:00:00;128,3657261
19Jun2020 9:00:00;243,0172749
19Jun2020 10:00:00;299,8355866
19Jun2020 11:00:00;281,9104978
19Jun2020 12:00:00;276,2707743
19Jun2020 13:00:00;250,1077874
19Jun2020 14:00:00;251,0257669
19Jun2020 15:00:00;184,7602194
19Jun2020 16:00:00;144,2606821
19Jun2020 17:00:00;123,5437416
19Jun2020 18:00:00;67,3385941
19Jun2020 19:00:00;17,5363624
19Jun2020 20:00:00;0,2029630
19Jun2020 21:00:00;0,0000000
19Jun2020 22:00:00;0,0000000
19Jun2020 23:00:00;0,0000080
20Jun2020 0:00:00;0,0000000
20Jun2020 1:00:00;0,0000000
20Jun2020 2:00:00;0,0000080
20Jun2020 3:00:00;0,0000000
20Jun2020 4:00:00;0,0598590
20Jun2020 5:00:00;1,9658595
20Jun2020 6:00:00;24,0492981
20Jun2020 7:00:00;88,2687591
20Jun2020 8:00:00;172,5302644
20Jun2020 9:00:00;236,2646434
20Jun2020 10:00:00;265,5301609
20Jun2020 11:00:00;300,1786041
20Jun2020 12:00:00;307,7769008
20Jun2020 13:00:00;279,6666979
20Jun2020 14:00:00;221,7681763
20Jun2020 15:00:00;181,5926872
20Jun2020 16:00:00;160,1738005
20Jun2020 17:00:00;151,6266607
20Jun2020 18:00:00;71,3272550
20Jun2020 19:00:00;16,2049554
20Jun2020 20:00:00;0,2464230
20Jun2020 21:00:00;0,0000000
20Jun2020 22:00:00;0,0000080
20Jun2020 23:00:00;0,0000000
21Jun2020 0:00:00;0,0000000
21Jun2020 1:00:00;0,0000080
21Jun2020 2:00:00;0,0000010
21Jun2020 3:00:00;0,0017440
21Jun2020 4:00:00;0,0770070
21Jun2020 5:00:00;2,2587080
21Jun2020 6:00:00;25,6247231
21Jun2020 7:00:00;100,3317313
21Jun2020 8:00:00;187,2656211
21Jun2020 9:00:00;298,9128914
21Jun2020 10:00:00;361,6059365
21Jun2020 11:00:00;390,3796112
21Jun2020 12:00:00;398,7416906
21Jun2020 13:00:00;395,4146135
21Jun2020 14:00:00;373,4766043
21Jun2020 15:00:00;306,1983302
21Jun2020 16:00:00;215,0682882
21Jun2020 17:00:00;123,5501341
21Jun2020 18:00:00;46,4166503
21Jun2020 19:00:00;11,8034755
21Jun2020 20:00:00;0,0713270
21Jun2020 21:00:00;0,0000000
21Jun2020 22:00:00;0,0000080
21Jun2020 23:00:00;0,0000000
22Jun2020 0:00:00;0,0000000
22Jun2020 1:00:00;0,0000080
22Jun2020 2:00:00;0,0000000
22Jun2020 3:00:00;0,0007160
22Jun2020 4:00:00;0,0140730
22Jun2020 5:00:00;1,8262970
22Jun2020 6:00:00;25,0681422
22Jun2020 7:00:00;94,6668577
22Jun2020 8:00:00;198,5990693
22Jun2020 9:00:00;285,9477698
22Jun2020 10:00:00;353,6832616
22Jun2020 11:00:00;378,1625488
22Jun2020 12:00:00;383,4560933
22Jun2020 13:00:00;354,7412365
22Jun2020 14:00:00;312,8980530
22Jun2020 15:00:00;262,0372997
22Jun2020 16:00:00;177,2128757
22Jun2020 17:00:00;119,5216910
22Jun2020 18:00:00;44,0929146
22Jun2020 19:00:00;9,6051466
22Jun2020 20:00:00;0,0991320
22Jun2020 21:00:00;0,9204410
22Jun2020 22:00:00;0,0000000
22Jun2020 23:00:00;0,0000000
23Jun2020 0:00:00;0,0000080
23Jun2020 1:00:00;0,0000000
23Jun2020 2:00:00;0,0000000
23Jun2020 3:00:00;0,0057590
23Jun2020 4:00:00;0,0740260
23Jun2020 5:00:00;2,2580120
23Jun2020 6:00:00;24,9410379
23Jun2020 7:00:00;91,9822069
23Jun2020 8:00:00;196,9251766
23Jun2020 9:00:00;276,3675950
23Jun2020 10:00:00;340,5595337
23Jun2020 11:00:00;375,4619539
23Jun2020 12:00:00;371,2500183
23Jun2020 13:00:00;342,4375982
23Jun2020 14:00:00;299,8238881
23Jun2020 15:00:00;278,4276303
23Jun2020 16:00:00;211,3149117
23Jun2020 17:00:00;122,2524728
23Jun2020 18:00:00;54,9797542
23Jun2020 19:00:00;12,6235980
23Jun2020 20:00:00;0,1330610
23Jun2020 21:00:00;0,0000000
23Jun2020 22:00:00;0,0000010
23Jun2020 23:00:00;0,0000000
24Jun2020 0:00:00;0,0000000
24Jun2020 1:00:00;0,0000000
24Jun2020 2:00:00;0,0000000
24Jun2020 3:00:00;0,0026890
24Jun2020 4:00:00;0,0676070
24Jun2020 5:00:00;1,5459870
24Jun2020 6:00:00;25,1882743
24Jun2020 7:00:00;91,9422682
24Jun2020 8:00:00;195,7765990
24Jun2020 9:00:00;290,5670446
24Jun2020 10:00:00;353,8264266
24Jun2020 11:00:00;373,6810891
24Jun2020 12:00:00;366,3912803
24Jun2020 13:00:00;356,2854213
24Jun2020 14:00:00;343,5536327
24Jun2020 15:00:00;293,3778896
24Jun2020 16:00:00;234,2846194
24Jun2020 17:00:00;160,4024550
24Jun2020 18:00:00;73,2148697
24Jun2020 19:00:00;16,0883386
24Jun2020 20:00:00;0,2554180
24Jun2020 21:00:00;0,0000010
24Jun2020 22:00:00;0,0000000
24Jun2020 23:00:00;0,0000000
25Jun2020 0:00:00;0,0000000
25Jun2020 1:00:00;0,0000000
25Jun2020 2:00:00;0,0000000
25Jun2020 3:00:00;0,0047400
25Jun2020 4:00:00;0,0976960
25Jun2020 5:00:00;1,8373290
25Jun2020 6:00:00;23,0158402
25Jun2020 7:00:00;92,7655901
25Jun2020 8:00:00;197,9528721
25Jun2020 9:00:00;278,7599521
25Jun2020 10:00:00;322,3515362
25Jun2020 11:00:00;350,0241580
25Jun2020 12:00:00;351,5296512
25Jun2020 13:00:00;325,8406500
25Jun2020 14:00:00;290,9370797
25Jun2020 15:00:00;263,1740997
25Jun2020 16:00:00;209,7490585
25Jun2020 17:00:00;148,6554497
25Jun2020 18:00:00;68,8570134
25Jun2020 19:00:00;16,5339524
25Jun2020 20:00:00;0,1924000
25Jun2020 21:00:00;0,0000000
25Jun2020 22:00:00;0,0000000
25Jun2020 23:00:00;0,0000000
26Jun2020 0:00:00;0,0000000
26Jun2020 1:00:00;0,0000000
26Jun2020 2:00:00;0,0000000
26Jun2020 3:00:00;0,0024990
26Jun2020 4:00:00;0,0765750
26Jun2020 5:00:00;2,2341140
26Jun2020 6:00:00;26,4274512
26Jun2020 7:00:00;91,8803305
26Jun2020 8:00:00;193,0168760
26Jun2020 9:00:00;293,6926270
26Jun2020 10:00:00;367,2160749
26Jun2020 11:00:00;384,0393643
26Jun2020 12:00:00;370,3563066
26Jun2020 13:00:00;344,1763238
26Jun2020 14:00:00;317,4503414
26Jun2020 15:00:00;253,7636145
26Jun2020 16:00:00;205,4497614
26Jun2020 17:00:00;143,7229928
26Jun2020 18:00:00;69,4411744
26Jun2020 19:00:00;15,1930734
26Jun2020 20:00:00;0,2140380
26Jun2020 21:00:00;0,1035000
26Jun2020 22:00:00;0,0000000
26Jun2020 23:00:00;0,0000080
27Jun2020 0:00:00;0,0000000
27Jun2020 1:00:00;0,0000000
27Jun2020 2:00:00;0,0000080
27Jun2020 3:00:00;0,0058070
27Jun2020 4:00:00;0,1175400
27Jun2020 5:00:00;1,6973300
27Jun2020 6:00:00;22,3294716
27Jun2020 7:00:00;97,1454336
27Jun2020 8:00:00;207,7347965
27Jun2020 9:00:00;295,4151611
27Jun2020 10:00:00;365,7516352
27Jun2020 11:00:00;388,3960243
27Jun2020 12:00:00;380,9842257
27Jun2020 13:00:00;382,3987038
27Jun2020 14:00:00;373,9060189
27Jun2020 15:00:00;338,0321557
27Jun2020 16:00:00;267,4153032
27Jun2020 17:00:00;175,5237982
27Jun2020 18:00:00;74,2785896
27Jun2020 19:00:00;15,0782014
27Jun2020 20:00:00;0,2451140
27Jun2020 21:00:00;0,0000000
27Jun2020 22:00:00;0,0000000
27Jun2020 23:00:00;0,0000080
28Jun2020 0:00:00;0,0000000
28Jun2020 1:00:00;0,0000010
28Jun2020 2:00:00;0,0000080
28Jun2020 3:00:00;0,0037620
28Jun2020 4:00:00;0,0956180
28Jun2020 5:00:00;1,6978350
28Jun2020 6:00:00;21,8450461
28Jun2020 7:00:00;95,1686458
28Jun2020 8:00:00;205,7306729
28Jun2020 9:00:00;299,5428869
28Jun2020 10:00:00;353,2492439
28Jun2020 11:00:00;376,2493621
28Jun2020 12:00:00;398,1953734
28Jun2020 13:00:00;403,0281020
28Jun2020 14:00:00;371,6075228
28Jun2020 15:00:00;328,6651245
28Jun2020 16:00:00;262,2732875
28Jun2020 17:00:00;169,2817487
28Jun2020 18:00:00;74,2209482
28Jun2020 19:00:00;16,2351325
28Jun2020 20:00:00;0,2909670
28Jun2020 21:00:00;0,0000000
28Jun2020 22:00:00;0,0000080
28Jun2020 23:00:00;0,0000000
29Jun2020 0:00:00;0,0000080
29Jun2020 1:00:00;0,0000000
29Jun2020 2:00:00;0,0000000
29Jun2020 3:00:00;0,0068860
29Jun2020 4:00:00;0,0742050
29Jun2020 5:00:00;1,9937120
29Jun2020 6:00:00;22,7131642
29Jun2020 7:00:00;92,4290917
29Jun2020 8:00:00;199,1644842
29Jun2020 9:00:00;290,9039817
29Jun2020 10:00:00;348,2551142
29Jun2020 11:00:00;371,5185031
29Jun2020 12:00:00;387,1473583
29Jun2020 13:00:00;382,5099086
29Jun2020 14:00:00;357,4175148
29Jun2020 15:00:00;310,9331656
29Jun2020 16:00:00;248,3832817
29Jun2020 17:00:00;155,1601776
29Jun2020 18:00:00;71,0107192
29Jun2020 19:00:00;15,7969926
29Jun2020 20:00:00;0,2347260
29Jun2020 21:00:00;0,0000000
29Jun2020 22:00:00;0,0000000
29Jun2020 23:00:00;0,0000000
30Jun2020 0:00:00;0,0000080
30Jun2020 1:00:00;0,0000000
30Jun2020 2:00:00;0,0000080
30Jun2020 3:00:00;0,0027170
30Jun2020 4:00:00;0,1010120
30Jun2020 5:00:00;1,7253540
30Jun2020 6:00:00;23,1441492
30Jun2020 7:00:00;95,1709091
30Jun2020 8:00:00;206,4868941
30Jun2020 9:00:00;290,9535954
30Jun2020 10:00:00;349,8709558
30Jun2020 11:00:00;388,5250411
30Jun2020 12:00:00;393,0993768
30Jun2020 13:00:00;406,3346432
30Jun2020 14:00:00;390,2761489
30Jun2020 15:00:00;348,6957985
30Jun2020 16:00:00;277,3004754
30Jun2020 17:00:00;180,5440001
30Jun2020 18:00:00;74,6825441
30Jun2020 19:00:00;15,5224422
30Jun2020 20:00:00;0,5182540
30Jun2020 21:00:00;0,0000080
30Jun2020 22:00:00;0,0000010
30Jun2020 23:00:00;0,0000080
01Jul2020 0:00:00;0,0000400
01Jul2020 1:00:00;0,0000000
01Jul2020 2:00:00;0,0000880
01Jul2020 3:00:00;0,0000400
01Jul2020 4:00:00;0,0000000
01Jul2020 5:00:00;1,2607154
01Jul2020 6:00:00;20,7975742
01Jul2020 7:00:00;91,1614936
01Jul2020 8:00:00;198,3524423
01Jul2020 9:00:00;288,5317080
01Jul2020 10:00:00;357,8972398
01Jul2020 11:00:00;381,4681956
01Jul2020 12:00:00;382,2869519
01Jul2020 13:00:00;373,4797867
01Jul2020 14:00:00;354,9778062
01Jul2020 15:00:00;309,0602576
01Jul2020 16:00:00;236,5141772
01Jul2020 17:00:00;149,5750001
01Jul2020 18:00:00;68,6629178
01Jul2020 19:00:00;17,2615184
01Jul2020 20:00:00;0,3377050
01Jul2020 21:00:00;0,0000400
01Jul2020 22:00:00;0,0000000
01Jul2020 23:00:00;0,0000080
02Jul2020 0:00:00;0,0000000
02Jul2020 1:00:00;0,0000480
02Jul2020 2:00:00;0,0000000
02Jul2020 3:00:00;0,0000010
02Jul2020 4:00:00;0,0314290
02Jul2020 5:00:00;1,2691129
02Jul2020 6:00:00;20,7680266
02Jul2020 7:00:00;90,6957238
02Jul2020 8:00:00;200,3132426
02Jul2020 9:00:00;298,0257778
02Jul2020 10:00:00;353,9561787
02Jul2020 11:00:00;385,2916449
02Jul2020 12:00:00;414,6698565
02Jul2020 13:00:00;408,0244928
02Jul2020 14:00:00;379,0495873
02Jul2020 15:00:00;327,8076424
02Jul2020 16:00:00;262,1482862
02Jul2020 17:00:00;170,7272980
02Jul2020 18:00:00;69,2518465
02Jul2020 19:00:00;15,6842887
02Jul2020 20:00:00;0,3915112
02Jul2020 21:00:00;0,0000080
02Jul2020 22:00:00;0,0000000
02Jul2020 23:00:00;0,0000000
03Jul2020 0:00:00;0,0000080
03Jul2020 1:00:00;0,0000010
03Jul2020 2:00:00;0,0000400
03Jul2020 3:00:00;0,0000080
03Jul2020 4:00:00;0,0094360
03Jul2020 5:00:00;1,2843304
03Jul2020 6:00:00;21,0218868
03Jul2020 7:00:00;89,3948353
03Jul2020 8:00:00;195,1368947
03Jul2020 9:00:00;282,6835436
03Jul2020 10:00:00;345,0944046
03Jul2020 11:00:00;374,0455997
03Jul2020 12:00:00;381,2468693
03Jul2020 13:00:00;381,8599161
03Jul2020 14:00:00;358,6067244
03Jul2020 15:00:00;318,8617577
03Jul2020 16:00:00;249,4130723
03Jul2020 17:00:00;157,4350704
03Jul2020 18:00:00;76,6485828
03Jul2020 19:00:00;14,9987726
03Jul2020 20:00:00;1,0581930
03Jul2020 21:00:00;0,0272650
03Jul2020 22:00:00;0,0000000
03Jul2020 23:00:00;0,0000000
04Jul2020 0:00:00;0,0000000
04Jul2020 1:00:00;0,0000480
04Jul2020 2:00:00;0,0000000
04Jul2020 3:00:00;0,0000000
04Jul2020 4:00:00;0,0081130
04Jul2020 5:00:00;1,1767191
04Jul2020 6:00:00;20,4682454
04Jul2020 7:00:00;90,1636222
04Jul2020 8:00:00;194,9832100
04Jul2020 9:00:00;294,0756877
04Jul2020 10:00:00;349,9108466
04Jul2020 11:00:00;390,5104132
04Jul2020 12:00:00;411,2226345
04Jul2020 13:00:00;402,5303085
04Jul2020 14:00:00;386,0962158
04Jul2020 15:00:00;342,0473835
04Jul2020 16:00:00;269,6084157
04Jul2020 17:00:00;179,3604737
04Jul2020 18:00:00;74,9982996
04Jul2020 19:00:00;14,8003896
04Jul2020 20:00:00;0,2066387
04Jul2020 21:00:00;0,1421650
04Jul2020 22:00:00;0,0000000
04Jul2020 23:00:00;0,0000080
05Jul2020 0:00:00;0,0000000
05Jul2020 1:00:00;0,0000000
05Jul2020 2:00:00;0,0000080
05Jul2020 3:00:00;0,0000000
05Jul2020 4:00:00;0,0209630
05Jul2020 5:00:00;1,1249599
05Jul2020 6:00:00;20,6781060
05Jul2020 7:00:00;89,8705344
05Jul2020 8:00:00;194,8796565
05Jul2020 9:00:00;279,4977970
05Jul2020 10:00:00;344,9418906
05Jul2020 11:00:00;385,6335302
05Jul2020 12:00:00;403,1112549
05Jul2020 13:00:00;397,6442931
05Jul2020 14:00:00;370,6125045
05Jul2020 15:00:00;327,3613605
05Jul2020 16:00:00;259,6062766
05Jul2020 17:00:00;165,6343131
05Jul2020 18:00:00;71,4181857
05Jul2020 19:00:00;15,0839456
05Jul2020 20:00:00;0,2356835
05Jul2020 21:00:00;0,0008800
05Jul2020 22:00:00;0,0000400
05Jul2020 23:00:00;0,0000000
06Jul2020 0:00:00;0,0000000
06Jul2020 1:00:00;0,0000000
06Jul2020 2:00:00;0,0000090
06Jul2020 3:00:00;0,0000000
06Jul2020 4:00:00;0,0164120
06Jul2020 5:00:00;1,0911209
06Jul2020 6:00:00;20,5339477
06Jul2020 7:00:00;88,9902281
06Jul2020 8:00:00;196,7974221
06Jul2020 9:00:00;287,8314714
06Jul2020 10:00:00;354,4976604
06Jul2020 11:00:00;394,1909230
06Jul2020 12:00:00;406,4137683
06Jul2020 13:00:00;400,9393438
06Jul2020 14:00:00;388,1601382
06Jul2020 15:00:00;340,5606296
06Jul2020 16:00:00;265,1724610
06Jul2020 17:00:00;171,3629664
06Jul2020 18:00:00;71,0663258
06Jul2020 19:00:00;14,9321738
06Jul2020 20:00:00;0,1294026
06Jul2020 21:00:00;0,0000080
06Jul2020 22:00:00;0,0000000
06Jul2020 23:00:00;0,0000400
07Jul2020 0:00:00;0,0000090
07Jul2020 1:00:00;0,0000000
07Jul2020 2:00:00;0,0000000
07Jul2020 3:00:00;0,0000080
07Jul2020 4:00:00;0,0146230
07Jul2020 5:00:00;1,1770944
07Jul2020 6:00:00;21,3780386
07Jul2020 7:00:00;85,5936119
07Jul2020 8:00:00;186,2567780
07Jul2020 9:00:00;271,9038936
07Jul2020 10:00:00;330,1940248
07Jul2020 11:00:00;365,8675364
07Jul2020 12:00:00;372,5136626
07Jul2020 13:00:00;342,6019451
07Jul2020 14:00:00;289,7616170
07Jul2020 15:00:00;238,0070603
07Jul2020 16:00:00;172,6658429
07Jul2020 17:00:00;101,4041579
07Jul2020 18:00:00;47,8745192
07Jul2020 19:00:00;10,8094681
07Jul2020 20:00:00;0,0938540
07Jul2020 21:00:00;0,0000000
07Jul2020 22:00:00;0,0325640
07Jul2020 23:00:00;0,0000400
08Jul2020 0:00:00;0,0000000
08Jul2020 1:00:00;0,0000000
08Jul2020 2:00:00;0,0000000
08Jul2020 3:00:00;0,0000000
08Jul2020 4:00:00;0,0016150
08Jul2020 5:00:00;0,7644617
08Jul2020 6:00:00;21,0220638
08Jul2020 7:00:00;78,4929708
08Jul2020 8:00:00;164,7293143
08Jul2020 9:00:00;237,9510475
08Jul2020 10:00:00;308,3053557
08Jul2020 11:00:00;357,8771297
08Jul2020 12:00:00;368,6178094
08Jul2020 13:00:00;363,8195760
08Jul2020 14:00:00;347,5490329
08Jul2020 15:00:00;308,6173434
08Jul2020 16:00:00;245,8209361
08Jul2020 17:00:00;172,3910244
08Jul2020 18:00:00;77,2931042
08Jul2020 19:00:00;16,4469165
08Jul2020 20:00:00;0,2206902
08Jul2020 21:00:00;0,0000000
08Jul2020 22:00:00;0,0000080
08Jul2020 23:00:00;0,0000000
09Jul2020 0:00:00;0,0000080
09Jul2020 1:00:00;0,0000000
09Jul2020 2:00:00;0,0000000
09Jul2020 3:00:00;0,0000080
09Jul2020 4:00:00;0,0179140
09Jul2020 5:00:00;0,6443536
09Jul2020 6:00:00;18,6355661
09Jul2020 7:00:00;80,0785222
09Jul2020 8:00:00;173,2581520
09Jul2020 9:00:00;258,0535760
09Jul2020 10:00:00;317,6553092
09Jul2020 11:00:00;347,0148190
09Jul2020 12:00:00;371,9520709
09Jul2020 13:00:00;378,6967212
09Jul2020 14:00:00;361,2018369
09Jul2020 15:00:00;329,3623060
09Jul2020 16:00:00;266,2707402
09Jul2020 17:00:00;170,4532177
09Jul2020 18:00:00;72,8191005
09Jul2020 19:00:00;15,1030082
09Jul2020 20:00:00;0,1729230
09Jul2020 21:00:00;0,0000000
09Jul2020 22:00:00;0,0000000
09Jul2020 23:00:00;0,0000080
10Jul2020 0:00:00;0,0000000
10Jul2020 1:00:00;0,0000000
10Jul2020 2:00:00;0,0000000
10Jul2020 3:00:00;0,0000000
10Jul2020 4:00:00;0,0130900
10Jul2020 5:00:00;0,7549900
10Jul2020 6:00:00;19,8655817
10Jul2020 7:00:00;78,4232290
10Jul2020 8:00:00;163,7573014
10Jul2020 9:00:00;237,8939254
10Jul2020 10:00:00;313,2860500
10Jul2020 11:00:00;366,2606518
10Jul2020 12:00:00;408,7231683
10Jul2020 13:00:00;415,0261481
10Jul2020 14:00:00;396,7654285
10Jul2020 15:00:00;351,7495374
10Jul2020 16:00:00;276,0547659
10Jul2020 17:00:00;182,5616547
10Jul2020 18:00:00;76,5797863
10Jul2020 19:00:00;14,7832507
10Jul2020 20:00:00;0,1600650
10Jul2020 21:00:00;0,0000090
10Jul2020 22:00:00;0,0000000
10Jul2020 23:00:00;0,0000000
11Jul2020 0:00:00;0,0000080
11Jul2020 1:00:00;0,0000000
11Jul2020 2:00:00;0,0000000
11Jul2020 3:00:00;0,0000080
11Jul2020 4:00:00;0,0087000
11Jul2020 5:00:00;0,6539880
11Jul2020 6:00:00;18,8012581
11Jul2020 7:00:00;87,4888151
11Jul2020 8:00:00;191,6239986
11Jul2020 9:00:00;297,0661354
11Jul2020 10:00:00;370,6341988
11Jul2020 11:00:00;410,3264551
11Jul2020 12:00:00;421,0531172
11Jul2020 13:00:00;419,5001689
11Jul2020 14:00:00;400,7966267
11Jul2020 15:00:00;353,8424289
11Jul2020 16:00:00;281,3141204
11Jul2020 17:00:00;182,6733384
11Jul2020 18:00:00;75,0722183
11Jul2020 19:00:00;14,1911234
11Jul2020 20:00:00;0,2016765
11Jul2020 21:00:00;0,0000000
11Jul2020 22:00:00;0,0000080
11Jul2020 23:00:00;0,0000000
12Jul2020 0:00:00;0,0000080
12Jul2020 1:00:00;0,0000000
12Jul2020 2:00:00;0,0000000
12Jul2020 3:00:00;0,0000000
12Jul2020 4:00:00;0,0126640
12Jul2020 5:00:00;0,6457794
12Jul2020 6:00:00;17,8366857
12Jul2020 7:00:00;83,0093303
12Jul2020 8:00:00;187,0007378
12Jul2020 9:00:00;285,7898964
12Jul2020 10:00:00;349,6337941
12Jul2020 11:00:00;394,1372445
12Jul2020 12:00:00;406,6972402
12Jul2020 13:00:00;409,0598308
12Jul2020 14:00:00;375,5683007
12Jul2020 15:00:00;321,3952471
12Jul2020 16:00:00;241,0108234
12Jul2020 17:00:00;142,1479325
12Jul2020 18:00:00;66,0010559
12Jul2020 19:00:00;16,4657151
12Jul2020 20:00:00;0,4206560
12Jul2020 21:00:00;0,0000080
12Jul2020 22:00:00;0,0000000
12Jul2020 23:00:00;0,0000000
13Jul2020 0:00:00;0,0000080
13Jul2020 1:00:00;0,0000000
13Jul2020 2:00:00;0,0000080
13Jul2020 3:00:00;0,0000400
13Jul2020 4:00:00;0,0210130
13Jul2020 5:00:00;0,6648071
13Jul2020 6:00:00;22,3151288
13Jul2020 7:00:00;81,2419353
13Jul2020 8:00:00;176,6118653
13Jul2020 9:00:00;260,4841377
13Jul2020 10:00:00;324,9049116
13Jul2020 11:00:00;359,8477760
13Jul2020 12:00:00;388,3636840
13Jul2020 13:00:00;370,9106768
13Jul2020 14:00:00;341,5958666
13Jul2020 15:00:00;306,7701425
13Jul2020 16:00:00;256,3363811
13Jul2020 17:00:00;172,1094786
13Jul2020 18:00:00;74,4056517
13Jul2020 19:00:00;14,6866111
13Jul2020 20:00:00;0,1442480
13Jul2020 21:00:00;0,0000000
13Jul2020 22:00:00;0,0000080
13Jul2020 23:00:00;0,0000000
14Jul2020 0:00:00;0,0000080
14Jul2020 1:00:00;0,0000000
14Jul2020 2:00:00;0,0000400
14Jul2020 3:00:00;0,0000080
14Jul2020 4:00:00;0,0117480
14Jul2020 5:00:00;0,7153125
14Jul2020 6:00:00;22,1114109
14Jul2020 7:00:00;78,9924352
14Jul2020 8:00:00;169,1097464
14Jul2020 9:00:00;256,9014266
14Jul2020 10:00:00;328,4809784
14Jul2020 11:00:00;366,9761438
14Jul2020 12:00:00;363,3812058
14Jul2020 13:00:00;351,3335093
14Jul2020 14:00:00;319,4068210
14Jul2020 15:00:00;270,6681852
14Jul2020 16:00:00;208,5605821
14Jul2020 17:00:00;141,6024477
14Jul2020 18:00:00;62,3860832
14Jul2020 19:00:00;15,0898962
14Jul2020 20:00:00;0,1692340
14Jul2020 21:00:00;0,0000000
14Jul2020 22:00:00;0,0000080
14Jul2020 23:00:00;0,0057970
15Jul2020 0:00:00;0,0000000
15Jul2020 1:00:00;0,0000080
15Jul2020 2:00:00;0,0000010
15Jul2020 3:00:00;0,0000080
15Jul2020 4:00:00;0,0081200
15Jul2020 5:00:00;0,4569881
15Jul2020 6:00:00;20,4951555
15Jul2020 7:00:00;80,0639587
15Jul2020 8:00:00;178,3680593
15Jul2020 9:00:00;272,9986657
15Jul2020 10:00:00;343,1410573
15Jul2020 11:00:00;384,6290447
15Jul2020 12:00:00;391,7616048
15Jul2020 13:00:00;382,5799628
15Jul2020 14:00:00;356,7911172
15Jul2020 15:00:00;297,7466053
15Jul2020 16:00:00;236,8484208
15Jul2020 17:00:00;163,6953843
15Jul2020 18:00:00;72,3683765
15Jul2020 19:00:00;15,4298839
15Jul2020 20:00:00;0,1371190
15Jul2020 21:00:00;0,0000000
15Jul2020 22:00:00;0,0000080
15Jul2020 23:00:00;0,0000000
16Jul2020 0:00:00;0,0000000
16Jul2020 1:00:00;0,0000080
16Jul2020 2:00:00;0,0000000
16Jul2020 3:00:00;0,0000080
16Jul2020 4:00:00;0,0047040
16Jul2020 5:00:00;0,4327395
16Jul2020 6:00:00;18,0688578
16Jul2020 7:00:00;75,2491309
16Jul2020 8:00:00;166,2141050
16Jul2020 9:00:00;257,4763818
16Jul2020 10:00:00;323,6214912
16Jul2020 11:00:00;372,8219457
16Jul2020 12:00:00;385,1901886
16Jul2020 13:00:00;374,2074721
16Jul2020 14:00:00;326,3934768
16Jul2020 15:00:00;241,3517013
16Jul2020 16:00:00;193,9257687
16Jul2020 17:00:00;141,3346867
16Jul2020 18:00:00;67,5397755
16Jul2020 19:00:00;16,0303829
16Jul2020 20:00:00;0,1510519
16Jul2020 21:00:00;0,0000000
16Jul2020 22:00:00;0,0000080
16Jul2020 23:00:00;0,0000000
17Jul2020 0:00:00;0,0000010
17Jul2020 1:00:00;0,0000480
17Jul2020 2:00:00;0,0000000
17Jul2020 3:00:00;0,0000000
17Jul2020 4:00:00;0,0101110
17Jul2020 5:00:00;0,3375985
17Jul2020 6:00:00;18,2891333
17Jul2020 7:00:00;74,2754264
17Jul2020 8:00:00;157,5692238
17Jul2020 9:00:00;222,2407911
17Jul2020 10:00:00;258,8444390
17Jul2020 11:00:00;299,4040346
17Jul2020 12:00:00;341,1173723
17Jul2020 13:00:00;338,5941824
17Jul2020 14:00:00;334,7221582
17Jul2020 15:00:00;296,7043724
17Jul2020 16:00:00;239,8631917
17Jul2020 17:00:00;152,8404561
17Jul2020 18:00:00;66,6132148
17Jul2020 19:00:00;13,8106032
17Jul2020 20:00:00;0,1054485
17Jul2020 21:00:00;0,0000000
17Jul2020 22:00:00;0,0000000
17Jul2020 23:00:00;0,0000080
18Jul2020 0:00:00;0,0000000
18Jul2020 1:00:00;0,0000000
18Jul2020 2:00:00;0,0000080
18Jul2020 3:00:00;0,0000000
18Jul2020 4:00:00;0,0053970
18Jul2020 5:00:00;0,3785478
18Jul2020 6:00:00;19,0436472
18Jul2020 7:00:00;82,2885979
18Jul2020 8:00:00;186,8389719
18Jul2020 9:00:00;278,4628034
18Jul2020 10:00:00;350,7907668
18Jul2020 11:00:00;394,7383958
18Jul2020 12:00:00;408,6889069
18Jul2020 13:00:00;399,4050492
18Jul2020 14:00:00;368,5499424
18Jul2020 15:00:00;313,8981393
18Jul2020 16:00:00;241,3102963
18Jul2020 17:00:00;161,0780048
18Jul2020 18:00:00;68,8527795
18Jul2020 19:00:00;13,7034924
18Jul2020 20:00:00;0,1440750
18Jul2020 21:00:00;0,0191800
18Jul2020 22:00:00;0,0000080
18Jul2020 23:00:00;0,0000000
19Jul2020 0:00:00;0,0000010
19Jul2020 1:00:00;0,0000080
19Jul2020 2:00:00;0,0000000
19Jul2020 3:00:00;0,0000000
19Jul2020 4:00:00;0,0016090
19Jul2020 5:00:00;0,3190358
19Jul2020 6:00:00;17,5408589
19Jul2020 7:00:00;79,1098776
19Jul2020 8:00:00;181,7234013
19Jul2020 9:00:00;272,9652213
19Jul2020 10:00:00;341,0580969
19Jul2020 11:00:00;381,3735468
19Jul2020 12:00:00;394,7205327
19Jul2020 13:00:00;393,0365061
19Jul2020 14:00:00;367,9214570
19Jul2020 15:00:00;319,4252306
19Jul2020 16:00:00;248,2767657
19Jul2020 17:00:00;161,0110742
19Jul2020 18:00:00;66,5196006
19Jul2020 19:00:00;13,3898884
19Jul2020 20:00:00;0,0717350
19Jul2020 21:00:00;0,0000000
19Jul2020 22:00:00;0,1017490
19Jul2020 23:00:00;0,0000000
20Jul2020 0:00:00;0,0000000
20Jul2020 1:00:00;0,0000080
20Jul2020 2:00:00;0,0000000
20Jul2020 3:00:00;0,0000080
20Jul2020 4:00:00;0,0061570
20Jul2020 5:00:00;0,3470670
20Jul2020 6:00:00;18,0065681
20Jul2020 7:00:00;74,1258278
20Jul2020 8:00:00;170,8003073
20Jul2020 9:00:00;260,9841381
20Jul2020 10:00:00;323,5041257
20Jul2020 11:00:00;369,6603674
20Jul2020 12:00:00;391,1197827
20Jul2020 13:00:00;382,8017729
20Jul2020 14:00:00;341,1650841
20Jul2020 15:00:00;298,4830830
20Jul2020 16:00:00;237,4253077
20Jul2020 17:00:00;149,1100859
20Jul2020 18:00:00;64,6385086
20Jul2020 19:00:00;14,3129315
20Jul2020 20:00:00;0,3129650
20Jul2020 21:00:00;0,3827850
20Jul2020 22:00:00;0,0000400
20Jul2020 23:00:00;0,0000080
21Jul2020 0:00:00;0,0000000
21Jul2020 1:00:00;0,0000000
21Jul2020 2:00:00;0,0000080
21Jul2020 3:00:00;0,0000400
21Jul2020 4:00:00;0,0042010
21Jul2020 5:00:00;0,2415850
21Jul2020 6:00:00;16,7041962
21Jul2020 7:00:00;82,0134237
21Jul2020 8:00:00;186,7375718
21Jul2020 9:00:00;285,5032986
21Jul2020 10:00:00;356,2338763
21Jul2020 11:00:00;376,8930461
21Jul2020 12:00:00;398,5620080
21Jul2020 13:00:00;412,3355171
21Jul2020 14:00:00;393,2376531
21Jul2020 15:00:00;346,4722931
21Jul2020 16:00:00;279,3636690
21Jul2020 17:00:00;181,1766135
21Jul2020 18:00:00;73,4218964
21Jul2020 19:00:00;12,6677005
21Jul2020 20:00:00;0,0738790
21Jul2020 21:00:00;0,0000000
21Jul2020 22:00:00;0,0000400
21Jul2020 23:00:00;0,0000080
22Jul2020 0:00:00;0,0000010
22Jul2020 1:00:00;0,0000000
22Jul2020 2:00:00;0,0000080
22Jul2020 3:00:00;0,0000400
22Jul2020 4:00:00;0,0099470
22Jul2020 5:00:00;0,2142203
22Jul2020 6:00:00;16,1281909
22Jul2020 7:00:00;79,8793281
22Jul2020 8:00:00;187,1496883
22Jul2020 9:00:00;293,8633413
22Jul2020 10:00:00;358,3304653
22Jul2020 11:00:00;404,4225491
22Jul2020 12:00:00;411,5699077
22Jul2020 13:00:00;411,9431841
22Jul2020 14:00:00;391,4608277
22Jul2020 15:00:00;352,2737992
22Jul2020 16:00:00;277,1731981
22Jul2020 17:00:00;178,1538376
22Jul2020 18:00:00;71,9134660
22Jul2020 19:00:00;12,8259141
22Jul2020 20:00:00;0,0787200
22Jul2020 21:00:00;0,0000000
22Jul2020 22:00:00;0,0000080
22Jul2020 23:00:00;0,0000000
23Jul2020 0:00:00;0,0000400
23Jul2020 1:00:00;0,0000090
23Jul2020 2:00:00;0,0000000
23Jul2020 3:00:00;0,0000000
23Jul2020 4:00:00;0,0000480
23Jul2020 5:00:00;0,2263360
23Jul2020 6:00:00;15,5878530
23Jul2020 7:00:00;83,0818123
23Jul2020 8:00:00;193,2523218
23Jul2020 9:00:00;299,4913030
23Jul2020 10:00:00;370,2529138
23Jul2020 11:00:00;406,2126723
23Jul2020 12:00:00;420,5764071
23Jul2020 13:00:00;411,7430044
23Jul2020 14:00:00;384,4059106
23Jul2020 15:00:00;338,4016960
23Jul2020 16:00:00;270,8252734
23Jul2020 17:00:00;172,8618376
23Jul2020 18:00:00;70,1043004
23Jul2020 19:00:00;12,4329020
23Jul2020 20:00:00;0,0653570
23Jul2020 21:00:00;0,0000410
23Jul2020 22:00:00;0,0000080
23Jul2020 23:00:00;0,0000000
24Jul2020 0:00:00;0,0000000
24Jul2020 1:00:00;0,0000480
24Jul2020 2:00:00;0,0000000
24Jul2020 3:00:00;0,0000080
24Jul2020 4:00:00;0,0016310
24Jul2020 5:00:00;0,1852565
24Jul2020 6:00:00;15,5023062
24Jul2020 7:00:00;82,3425352
24Jul2020 8:00:00;195,1849285
24Jul2020 9:00:00;290,5084181
24Jul2020 10:00:00;349,4845871
24Jul2020 11:00:00;387,0754284
24Jul2020 12:00:00;408,3258722
24Jul2020 13:00:00;408,7495460
24Jul2020 14:00:00;390,6966649
24Jul2020 15:00:00;344,1539177
24Jul2020 16:00:00;273,4052886
24Jul2020 17:00:00;175,5593887
24Jul2020 18:00:00;71,3471902
24Jul2020 19:00:00;11,5578794
24Jul2020 20:00:00;1,1097420
24Jul2020 21:00:00;0,0000080
24Jul2020 22:00:00;0,0000010
24Jul2020 23:00:00;0,0000000
25Jul2020 0:00:00;0,0000400
25Jul2020 1:00:00;0,0000000
25Jul2020 2:00:00;0,0000080
25Jul2020 3:00:00;0,0000000
25Jul2020 4:00:00;0,0015960
25Jul2020 5:00:00;0,1433670
25Jul2020 6:00:00;14,1822567
25Jul2020 7:00:00;78,2654099
25Jul2020 8:00:00;186,8469261
25Jul2020 9:00:00;283,6427771
25Jul2020 10:00:00;351,1618887
25Jul2020 11:00:00;393,2115752
25Jul2020 12:00:00;407,8678435
25Jul2020 13:00:00;403,3699220
25Jul2020 14:00:00;383,7732716
25Jul2020 15:00:00;343,5339061
25Jul2020 16:00:00;272,0888801
25Jul2020 17:00:00;174,6028927
25Jul2020 18:00:00;68,1034696
25Jul2020 19:00:00;11,0817424
25Jul2020 20:00:00;0,0583650
25Jul2020 21:00:00;0,0000000
25Jul2020 22:00:00;0,0000080
25Jul2020 23:00:00;0,0000000
26Jul2020 0:00:00;0,0000400
26Jul2020 1:00:00;0,0000080
26Jul2020 2:00:00;0,0000000
26Jul2020 3:00:00;0,0000080
26Jul2020 4:00:00;0,0031950
26Jul2020 5:00:00;0,1572620
26Jul2020 6:00:00;15,1556216
26Jul2020 7:00:00;77,3884371
26Jul2020 8:00:00;180,4998793
26Jul2020 9:00:00;279,2234826
26Jul2020 10:00:00;342,8667197
26Jul2020 11:00:00;387,0224296
26Jul2020 12:00:00;394,2317459
26Jul2020 13:00:00;374,7607659
26Jul2020 14:00:00;356,7567070
26Jul2020 15:00:00;307,7059727
26Jul2020 16:00:00;235,5167396
26Jul2020 17:00:00;155,5715765
26Jul2020 18:00:00;61,7884085
26Jul2020 19:00:00;11,4826291
26Jul2020 20:00:00;0,2475490
26Jul2020 21:00:00;0,0000000
26Jul2020 22:00:00;0,0000000
26Jul2020 23:00:00;0,0000400
27Jul2020 0:00:00;0,0000000
27Jul2020 1:00:00;0,0000000
27Jul2020 2:00:00;0,0000000
27Jul2020 3:00:00;0,0000000
27Jul2020 4:00:00;0,0016640
27Jul2020 5:00:00;0,1086470
27Jul2020 6:00:00;15,8253754
27Jul2020 7:00:00;71,5882063
27Jul2020 8:00:00;165,2938796
27Jul2020 9:00:00;258,0231081
27Jul2020 10:00:00;332,5712276
27Jul2020 11:00:00;373,2442844
27Jul2020 12:00:00;387,5502295
27Jul2020 13:00:00;384,9434231
27Jul2020 14:00:00;349,6106932
27Jul2020 15:00:00;297,9041468
27Jul2020 16:00:00;239,9370545
27Jul2020 17:00:00;151,0972717
27Jul2020 18:00:00;63,9620675
27Jul2020 19:00:00;12,3426572
27Jul2020 20:00:00;0,1374620
27Jul2020 21:00:00;0,0000000
27Jul2020 22:00:00;0,0000080
27Jul2020 23:00:00;0,0000400
28Jul2020 0:00:00;0,0000000
28Jul2020 1:00:00;0,0000090
28Jul2020 2:00:00;0,0000000
28Jul2020 3:00:00;0,0023825
28Jul2020 4:00:00;0,0015430
28Jul2020 5:00:00;0,0822500
28Jul2020 6:00:00;13,7937417
28Jul2020 7:00:00;62,9258818
28Jul2020 8:00:00;154,3128565
28Jul2020 9:00:00;233,5233857
28Jul2020 10:00:00;318,2549632
28Jul2020 11:00:00;371,5148592
28Jul2020 12:00:00;371,8636987
28Jul2020 13:00:00;346,9759802
28Jul2020 14:00:00;320,7727783
28Jul2020 15:00:00;275,1387110
28Jul2020 16:00:00;216,6273636
28Jul2020 17:00:00;141,2497881
28Jul2020 18:00:00;64,1727740
28Jul2020 19:00:00;14,8911950
28Jul2020 20:00:00;0,0518500
28Jul2020 21:00:00;0,0000080
28Jul2020 22:00:00;0,0000000
28Jul2020 23:00:00;0,0000000
29Jul2020 0:00:00;0,0000400
29Jul2020 1:00:00;0,0000010
29Jul2020 2:00:00;0,0000000
29Jul2020 3:00:00;0,0023915
29Jul2020 4:00:00;0,0000000
29Jul2020 5:00:00;0,0993750
29Jul2020 6:00:00;13,3034594
29Jul2020 7:00:00;75,3671596
29Jul2020 8:00:00;183,7170243
29Jul2020 9:00:00;284,3041428
29Jul2020 10:00:00;346,9806043
29Jul2020 11:00:00;398,8851011
29Jul2020 12:00:00;406,9108217
29Jul2020 13:00:00;391,7069616
29Jul2020 14:00:00;383,1032827
29Jul2020 15:00:00;327,8374747
29Jul2020 16:00:00;270,8839216
29Jul2020 17:00:00;174,1372326
29Jul2020 18:00:00;67,1918875
29Jul2020 19:00:00;9,9679321
29Jul2020 20:00:00;0,0439500
29Jul2020 21:00:00;0,0000000
29Jul2020 22:00:00;0,0000000
29Jul2020 23:00:00;0,0000000
30Jul2020 0:00:00;0,0000000
30Jul2020 1:00:00;0,0000400
30Jul2020 2:00:00;0,0000000
30Jul2020 3:00:00;0,0000000
30Jul2020 4:00:00;0,0000000
30Jul2020 5:00:00;0,0891990
30Jul2020 6:00:00;13,0341328
30Jul2020 7:00:00;77,8455734
30Jul2020 8:00:00;188,5053522
30Jul2020 9:00:00;289,1197155
30Jul2020 10:00:00;356,6275364
30Jul2020 11:00:00;396,4041353
30Jul2020 12:00:00;414,0775997
30Jul2020 13:00:00;413,9734426
30Jul2020 14:00:00;392,5229898
30Jul2020 15:00:00;345,1481421
30Jul2020 16:00:00;269,6319311
30Jul2020 17:00:00;170,5674918
30Jul2020 18:00:00;67,8118321
30Jul2020 19:00:00;9,7784728
30Jul2020 20:00:00;0,0370140
30Jul2020 21:00:00;0,0000000
30Jul2020 22:00:00;0,0000080
30Jul2020 23:00:00;0,0000400
31Jul2020 0:00:00;0,0000000
31Jul2020 1:00:00;0,0000080
31Jul2020 2:00:00;0,0000000
31Jul2020 3:00:00;0,0000080
31Jul2020 4:00:00;0,0000400
31Jul2020 5:00:00;0,1109080
31Jul2020 6:00:00;12,6622646
31Jul2020 7:00:00;75,1618340
31Jul2020 8:00:00;177,3385919
31Jul2020 9:00:00;278,4889013
31Jul2020 10:00:00;351,1545320
31Jul2020 11:00:00;392,5396325
31Jul2020 12:00:00;409,1764353
31Jul2020 13:00:00;406,8229186
31Jul2020 14:00:00;382,6732579
31Jul2020 15:00:00;338,2662692
31Jul2020 16:00:00;267,5515430
31Jul2020 17:00:00;167,3127679
31Jul2020 18:00:00;63,3396782
31Jul2020 19:00:00;9,6797829
31Jul2020 20:00:00;0,0240610
31Jul2020 21:00:00;0,0000000
31Jul2020 22:00:00;0,0000000
31Jul2020 23:00:00;0,0000000
01Aug2020 0:00:00;0,0000000
01Aug2020 1:00:00;0,0000400
01Aug2020 2:00:00;0,0000000
01Aug2020 3:00:00;0,0000000
01Aug2020 4:00:00;0,0000000
01Aug2020 5:00:00;0,0750580
01Aug2020 6:00:00;12,5437829
01Aug2020 7:00:00;75,3569469
01Aug2020 8:00:00;183,2275108
01Aug2020 9:00:00;281,4979531
01Aug2020 10:00:00;353,0912752
01Aug2020 11:00:00;390,7125245
01Aug2020 12:00:00;402,3346305
01Aug2020 13:00:00;402,7906215
01Aug2020 14:00:00;365,9781186
01Aug2020 15:00:00;313,3894336
01Aug2020 16:00:00;245,6204842
01Aug2020 17:00:00;153,1247137
01Aug2020 18:00:00;63,2605802
01Aug2020 19:00:00;10,2128849
01Aug2020 20:00:00;0,1143850
01Aug2020 21:00:00;0,0030790
01Aug2020 22:00:00;0,0000000
01Aug2020 23:00:00;0,0000000
02Aug2020 0:00:00;0,0000000
02Aug2020 1:00:00;0,0000400
02Aug2020 2:00:00;0,0000000
02Aug2020 3:00:00;0,0000010
02Aug2020 4:00:00;0,0000000
02Aug2020 5:00:00;0,1509620
02Aug2020 6:00:00;12,1383556
02Aug2020 7:00:00;60,3043035
02Aug2020 8:00:00;146,8821908
02Aug2020 9:00:00;245,8113861
02Aug2020 10:00:00;303,6782849
02Aug2020 11:00:00;336,2365809
02Aug2020 12:00:00;360,6604646
02Aug2020 13:00:00;377,4702317
02Aug2020 14:00:00;359,8500917
02Aug2020 15:00:00;324,5089167
02Aug2020 16:00:00;263,7272208
02Aug2020 17:00:00;177,4609047
02Aug2020 18:00:00;68,5615625
02Aug2020 19:00:00;9,8640110
02Aug2020 20:00:00;0,1148290
02Aug2020 21:00:00;0,0000000
02Aug2020 22:00:00;0,0000000
02Aug2020 23:00:00;0,0000000
03Aug2020 0:00:00;0,0000400
03Aug2020 1:00:00;0,0000000
03Aug2020 2:00:00;0,0000000
03Aug2020 3:00:00;0,0000000
03Aug2020 4:00:00;0,0000400
03Aug2020 5:00:00;0,0682740
03Aug2020 6:00:00;12,3022298
03Aug2020 7:00:00;78,0571144
03Aug2020 8:00:00;191,6476232
03Aug2020 9:00:00;299,2961036
03Aug2020 10:00:00;367,6258512
03Aug2020 11:00:00;405,4161903
03Aug2020 12:00:00;422,3977920
03Aug2020 13:00:00;419,0013724
03Aug2020 14:00:00;401,2130316
03Aug2020 15:00:00;353,6526487
03Aug2020 16:00:00;281,9009105
03Aug2020 17:00:00;178,5012293
03Aug2020 18:00:00;67,9079917
03Aug2020 19:00:00;8,8229649
03Aug2020 20:00:00;0,1050080
03Aug2020 21:00:00;0,0013540
03Aug2020 22:00:00;0,0000000
03Aug2020 23:00:00;0,0000400
04Aug2020 0:00:00;0,0000000
04Aug2020 1:00:00;0,0000000
04Aug2020 2:00:00;0,0000000
04Aug2020 3:00:00;0,0000000
04Aug2020 4:00:00;0,0000400
04Aug2020 5:00:00;0,0581740
04Aug2020 6:00:00;11,9075489
04Aug2020 7:00:00;74,2553989
04Aug2020 8:00:00;186,5358434
04Aug2020 9:00:00;288,7072288
04Aug2020 10:00:00;355,4361613
04Aug2020 11:00:00;393,2216937
04Aug2020 12:00:00;408,5786773
04Aug2020 13:00:00;409,2771224
04Aug2020 14:00:00;391,7341108
04Aug2020 15:00:00;349,3602270
04Aug2020 16:00:00;265,2892236
04Aug2020 17:00:00;171,3262151
04Aug2020 18:00:00;62,3088391
04Aug2020 19:00:00;8,5157298
04Aug2020 20:00:00;0,1024660
04Aug2020 21:00:00;0,0000000
04Aug2020 22:00:00;0,0000400
04Aug2020 23:00:00;0,0000000
05Aug2020 0:00:00;0,0000000
05Aug2020 1:00:00;0,0000000
05Aug2020 2:00:00;0,0000000
05Aug2020 3:00:00;0,0000400
05Aug2020 4:00:00;0,0119550
05Aug2020 5:00:00;0,0533770
05Aug2020 6:00:00;11,9378321
05Aug2020 7:00:00;73,8645382
05Aug2020 8:00:00;181,2696792
05Aug2020 9:00:00;283,9870048
05Aug2020 10:00:00;352,6647277
05Aug2020 11:00:00;386,3823178
05Aug2020 12:00:00;414,4484478
05Aug2020 13:00:00;415,4183758
05Aug2020 14:00:00;395,3986492
05Aug2020 15:00:00;343,3342272
05Aug2020 16:00:00;265,2033792
05Aug2020 17:00:00;165,1608933
05Aug2020 18:00:00;60,6873606
05Aug2020 19:00:00;8,8929736
05Aug2020 20:00:00;0,1166130
05Aug2020 21:00:00;0,0013680
05Aug2020 22:00:00;0,0000400
05Aug2020 23:00:00;0,0000000
06Aug2020 0:00:00;0,0000010
06Aug2020 1:00:00;0,0000000
06Aug2020 2:00:00;0,0000400
06Aug2020 3:00:00;0,0000000
06Aug2020 4:00:00;0,0000000
06Aug2020 5:00:00;0,2542980
06Aug2020 6:00:00;11,1604042
06Aug2020 7:00:00;73,7634814
06Aug2020 8:00:00;183,6213656
06Aug2020 9:00:00;283,7080202
06Aug2020 10:00:00;343,9348373
06Aug2020 11:00:00;389,7711086
06Aug2020 12:00:00;403,5349636
06Aug2020 13:00:00;403,1555404
06Aug2020 14:00:00;383,4754999
06Aug2020 15:00:00;329,8213768
06Aug2020 16:00:00;260,6520994
06Aug2020 17:00:00;164,9476440
06Aug2020 18:00:00;60,0660312
06Aug2020 19:00:00;8,1848442
06Aug2020 20:00:00;0,0888060
06Aug2020 21:00:00;0,0000000
06Aug2020 22:00:00;0,0000400
06Aug2020 23:00:00;0,0000000
07Aug2020 0:00:00;0,0000000
07Aug2020 1:00:00;0,0000000
07Aug2020 2:00:00;0,0000000
07Aug2020 3:00:00;0,0000410
07Aug2020 4:00:00;0,0000000
07Aug2020 5:00:00;0,0799360
07Aug2020 6:00:00;10,8133399
07Aug2020 7:00:00;72,2647443
07Aug2020 8:00:00;178,5893007
07Aug2020 9:00:00;277,8081156
07Aug2020 10:00:00;346,9286609
07Aug2020 11:00:00;386,4181453
07Aug2020 12:00:00;403,3481563
07Aug2020 13:00:00;396,2358070
07Aug2020 14:00:00;373,4010837
07Aug2020 15:00:00;323,8374232
07Aug2020 16:00:00;254,3335074
07Aug2020 17:00:00;156,0447086
07Aug2020 18:00:00;58,7454403
07Aug2020 19:00:00;10,0114299
07Aug2020 20:00:00;0,1844450
07Aug2020 21:00:00;0,0000000
07Aug2020 22:00:00;0,0000000
07Aug2020 23:00:00;0,0000000
08Aug2020 0:00:00;0,0000400
08Aug2020 1:00:00;0,0000000
08Aug2020 2:00:00;0,0000010
08Aug2020 3:00:00;0,0000000
08Aug2020 4:00:00;0,0000000
08Aug2020 5:00:00;0,1331280
08Aug2020 6:00:00;10,5399926
08Aug2020 7:00:00;67,7478362
08Aug2020 8:00:00;166,9166065
08Aug2020 9:00:00;271,4494658
08Aug2020 10:00:00;342,0286142
08Aug2020 11:00:00;389,6800346
08Aug2020 12:00:00;406,2788750
08Aug2020 13:00:00;404,7064503
08Aug2020 14:00:00;380,1127339
08Aug2020 15:00:00;335,4372842
08Aug2020 16:00:00;252,3691285
08Aug2020 17:00:00;143,8475626
08Aug2020 18:00:00;47,2475289
08Aug2020 19:00:00;4,8591219
08Aug2020 20:00:00;0,8273600
08Aug2020 21:00:00;0,0038150
08Aug2020 22:00:00;0,0029300
08Aug2020 23:00:00;0,0000000
09Aug2020 0:00:00;0,0000000
09Aug2020 1:00:00;0,0000000
09Aug2020 2:00:00;0,0000400
09Aug2020 3:00:00;0,0000000
09Aug2020 4:00:00;0,0000000
09Aug2020 5:00:00;0,0733790
09Aug2020 6:00:00;10,4984864
09Aug2020 7:00:00;72,1062994
09Aug2020 8:00:00;180,5411132
09Aug2020 9:00:00;285,9039939
09Aug2020 10:00:00;354,7647714
09Aug2020 11:00:00;395,0166639
09Aug2020 12:00:00;395,4311585
09Aug2020 13:00:00;389,6145453
09Aug2020 14:00:00;345,4482185
09Aug2020 15:00:00;278,5033466
09Aug2020 16:00:00;204,0968186
09Aug2020 17:00:00;123,4765280
09Aug2020 18:00:00;48,2928485
09Aug2020 19:00:00;6,7707719
09Aug2020 20:00:00;0,0481470
09Aug2020 21:00:00;0,0000000
09Aug2020 22:00:00;0,0000400
09Aug2020 23:00:00;0,0000000
10Aug2020 0:00:00;0,0000000
10Aug2020 1:00:00;0,0000000
10Aug2020 2:00:00;0,0000010
10Aug2020 3:00:00;0,0000400
10Aug2020 4:00:00;0,0000000
10Aug2020 5:00:00;0,0884930
10Aug2020 6:00:00;13,6482550
10Aug2020 7:00:00;66,8126505
10Aug2020 8:00:00;150,5044463
10Aug2020 9:00:00;229,4311908
10Aug2020 10:00:00;284,3419056
10Aug2020 11:00:00;345,6807686
10Aug2020 12:00:00;356,9414823
10Aug2020 13:00:00;327,6802843
10Aug2020 14:00:00;290,5798045
10Aug2020 15:00:00;253,5547115
10Aug2020 16:00:00;175,4259346
10Aug2020 17:00:00;108,0606625
10Aug2020 18:00:00;42,2666905
10Aug2020 19:00:00;7,1272420
10Aug2020 20:00:00;0,0097150
10Aug2020 21:00:00;0,0000000
10Aug2020 22:00:00;0,0000000
10Aug2020 23:00:00;0,0000000
11Aug2020 0:00:00;0,0000400
11Aug2020 1:00:00;0,0000000
11Aug2020 2:00:00;0,0000000
11Aug2020 3:00:00;0,0000000
11Aug2020 4:00:00;0,0000000
11Aug2020 5:00:00;0,0955980
11Aug2020 6:00:00;11,0077855
11Aug2020 7:00:00;70,1156572
11Aug2020 8:00:00;175,8763294
11Aug2020 9:00:00;274,7327900
11Aug2020 10:00:00;344,8299015
11Aug2020 11:00:00;358,7393865
11Aug2020 12:00:00;361,7730306
11Aug2020 13:00:00;352,9099716
11Aug2020 14:00:00;322,4426930
11Aug2020 15:00:00;271,7031431
11Aug2020 16:00:00;226,8352757
11Aug2020 17:00:00;145,1769479
11Aug2020 18:00:00;52,2909175
11Aug2020 19:00:00;6,0138074
11Aug2020 20:00:00;0,0054070
11Aug2020 21:00:00;0,0000000
11Aug2020 22:00:00;0,0000000
11Aug2020 23:00:00;0,0000000
12Aug2020 0:00:00;0,0000400
12Aug2020 1:00:00;0,0000000
12Aug2020 2:00:00;0,0000000
12Aug2020 3:00:00;0,0000000
12Aug2020 4:00:00;0,0000000
12Aug2020 5:00:00;0,1137300
12Aug2020 6:00:00;10,4359984
12Aug2020 7:00:00;67,5345002
12Aug2020 8:00:00;168,4114730
12Aug2020 9:00:00;261,6916931
12Aug2020 10:00:00;336,4915526
12Aug2020 11:00:00;383,4625093
12Aug2020 12:00:00;376,2165291
12Aug2020 13:00:00;364,8442349
12Aug2020 14:00:00;335,9135065
12Aug2020 15:00:00;301,2544838
12Aug2020 16:00:00;225,4211291
12Aug2020 17:00:00;140,4502910
12Aug2020 18:00:00;54,3196857
12Aug2020 19:00:00;5,9432092
12Aug2020 20:00:00;0,0045090
12Aug2020 21:00:00;0,0000020
12Aug2020 22:00:00;0,0000030
12Aug2020 23:00:00;0,0000000
13Aug2020 0:00:00;0,0000000
13Aug2020 1:00:00;0,0000400
13Aug2020 2:00:00;0,0000000
13Aug2020 3:00:00;0,0000000
13Aug2020 4:00:00;0,0000000
13Aug2020 5:00:00;0,0877210
13Aug2020 6:00:00;10,3165873
13Aug2020 7:00:00;66,7198763
13Aug2020 8:00:00;174,1672740
13Aug2020 9:00:00;267,8900586
13Aug2020 10:00:00;345,9271355
13Aug2020 11:00:00;384,5704330
13Aug2020 12:00:00;392,0050669
13Aug2020 13:00:00;387,6772620
13Aug2020 14:00:00;363,9466584
13Aug2020 15:00:00;308,8817755
13Aug2020 16:00:00;231,9521397
13Aug2020 17:00:00;140,8390783
13Aug2020 18:00:00;51,5794162
13Aug2020 19:00:00;5,6089783
13Aug2020 20:00:00;0,0100260
13Aug2020 21:00:00;0,0000400
13Aug2020 22:00:00;0,0000010
13Aug2020 23:00:00;0,0000000
14Aug2020 0:00:00;0,0000000
14Aug2020 1:00:00;0,0000410
14Aug2020 2:00:00;0,0000000
14Aug2020 3:00:00;0,0000000
14Aug2020 4:00:00;0,0000010
14Aug2020 5:00:00;0,0700740
14Aug2020 6:00:00;9,3661085
14Aug2020 7:00:00;70,1832848
14Aug2020 8:00:00;181,3975601
14Aug2020 9:00:00;282,5409254
14Aug2020 10:00:00;358,9864240
14Aug2020 11:00:00;402,3017145
14Aug2020 12:00:00;415,7434620
14Aug2020 13:00:00;417,3379077
14Aug2020 14:00:00;401,3309170
14Aug2020 15:00:00;353,8844959
14Aug2020 16:00:00;274,0761059
14Aug2020 17:00:00;166,4011640
14Aug2020 18:00:00;55,6120470
14Aug2020 19:00:00;5,0249693
14Aug2020 20:00:00;0,0029460
14Aug2020 21:00:00;0,0402500
14Aug2020 22:00:00;0,0000010
14Aug2020 23:00:00;0,0000020
15Aug2020 0:00:00;0,0000000
15Aug2020 1:00:00;0,0000400
15Aug2020 2:00:00;0,0000010
15Aug2020 3:00:00;0,0000000
15Aug2020 4:00:00;0,0000000
15Aug2020 5:00:00;0,0954790
15Aug2020 6:00:00;9,2611536
15Aug2020 7:00:00;66,0515723
15Aug2020 8:00:00;170,0132713
15Aug2020 9:00:00;285,8904643
15Aug2020 10:00:00;366,2684039
15Aug2020 11:00:00;410,9176149
15Aug2020 12:00:00;426,6560839
15Aug2020 13:00:00;423,2042005
15Aug2020 14:00:00;398,7571650
15Aug2020 15:00:00;349,8354225
15Aug2020 16:00:00;269,3248541
15Aug2020 17:00:00;164,0217158
15Aug2020 18:00:00;54,5117219
15Aug2020 19:00:00;4,2093173
15Aug2020 20:00:00;0,0042790
15Aug2020 21:00:00;0,4667660
15Aug2020 22:00:00;0,0000000
15Aug2020 23:00:00;0,0000400
16Aug2020 0:00:00;0,0000010
16Aug2020 1:00:00;0,0000000
16Aug2020 2:00:00;0,0000000
16Aug2020 3:00:00;0,0000410
16Aug2020 4:00:00;0,0000000
16Aug2020 5:00:00;0,1295150
16Aug2020 6:00:00;8,7755691
16Aug2020 7:00:00;70,0452294
16Aug2020 8:00:00;179,8636161
16Aug2020 9:00:00;279,4727685
16Aug2020 10:00:00;351,3911831
16Aug2020 11:00:00;387,7869543
16Aug2020 12:00:00;401,6480466
16Aug2020 13:00:00;404,6204532
16Aug2020 14:00:00;383,5316629
16Aug2020 15:00:00;337,6802934
16Aug2020 16:00:00;251,9828753
16Aug2020 17:00:00;146,6226142
16Aug2020 18:00:00;46,6303122
16Aug2020 19:00:00;3,9519438
16Aug2020 20:00:00;0,0028960
16Aug2020 21:00:00;0,0000000
16Aug2020 22:00:00;0,0000000
16Aug2020 23:00:00;0,0000400
17Aug2020 0:00:00;0,0000000
17Aug2020 1:00:00;0,0000000
17Aug2020 2:00:00;0,0000000
17Aug2020 3:00:00;0,0000000
17Aug2020 4:00:00;0,0000400
17Aug2020 5:00:00;0,1141400
17Aug2020 6:00:00;8,3545682
17Aug2020 7:00:00;67,8813736
17Aug2020 8:00:00;181,6056691
17Aug2020 9:00:00;284,4442981
17Aug2020 10:00:00;354,1408738
17Aug2020 11:00:00;398,3025012
17Aug2020 12:00:00;410,2873080
17Aug2020 13:00:00;410,2437582
17Aug2020 14:00:00;390,1827722
17Aug2020 15:00:00;339,6980290
17Aug2020 16:00:00;259,8586684
17Aug2020 17:00:00;156,9688182
17Aug2020 18:00:00;50,5225362
17Aug2020 19:00:00;3,6120554
17Aug2020 20:00:00;0,0013290
17Aug2020 21:00:00;0,0000010
17Aug2020 22:00:00;0,0000000
17Aug2020 23:00:00;0,0000400
18Aug2020 0:00:00;0,0000010
18Aug2020 1:00:00;0,0000000
18Aug2020 2:00:00;0,0000000
18Aug2020 3:00:00;0,0000410
18Aug2020 4:00:00;0,0000000
18Aug2020 5:00:00;0,1358330
18Aug2020 6:00:00;8,1376979
18Aug2020 7:00:00;69,1766285
18Aug2020 8:00:00;182,1586497
18Aug2020 9:00:00;285,9149554
18Aug2020 10:00:00;347,1849525
18Aug2020 11:00:00;385,5219574
18Aug2020 12:00:00;395,3425277
18Aug2020 13:00:00;394,3472212
18Aug2020 14:00:00;374,9653569
18Aug2020 15:00:00;327,9925932
18Aug2020 16:00:00;250,0512533
18Aug2020 17:00:00;145,3524183
18Aug2020 18:00:00;50,7932592
18Aug2020 19:00:00;3,1385861
18Aug2020 20:00:00;0,0013250
18Aug2020 21:00:00;0,0000400
18Aug2020 22:00:00;0,0000010
18Aug2020 23:00:00;0,0000000
19Aug2020 0:00:00;0,0000000
19Aug2020 1:00:00;0,0000010
19Aug2020 2:00:00;0,0000400
19Aug2020 3:00:00;0,0000000
19Aug2020 4:00:00;0,0000010
19Aug2020 5:00:00;0,0761590
19Aug2020 6:00:00;7,8380759
19Aug2020 7:00:00;67,3600337
19Aug2020 8:00:00;174,3967459
19Aug2020 9:00:00;274,3413138
19Aug2020 10:00:00;352,0200923
19Aug2020 11:00:00;386,6374716
19Aug2020 12:00:00;408,4758690
19Aug2020 13:00:00;403,4993098
19Aug2020 14:00:00;375,1007093
19Aug2020 15:00:00;322,4239578
19Aug2020 16:00:00;248,9053700
19Aug2020 17:00:00;146,5010402
19Aug2020 18:00:00;48,0125222
19Aug2020 19:00:00;3,1436121
19Aug2020 20:00:00;0,0044720
19Aug2020 21:00:00;0,0000000
19Aug2020 22:00:00;0,0000000
19Aug2020 23:00:00;0,0000010
20Aug2020 0:00:00;0,0000400
20Aug2020 1:00:00;0,0000000
20Aug2020 2:00:00;0,0000010
20Aug2020 3:00:00;0,0000000
20Aug2020 4:00:00;0,0000400
20Aug2020 5:00:00;0,1013660
20Aug2020 6:00:00;7,2847333
20Aug2020 7:00:00;52,6183173
20Aug2020 8:00:00;122,3668400
20Aug2020 9:00:00;173,4461136
20Aug2020 10:00:00;231,5136075
20Aug2020 11:00:00;287,4498913
20Aug2020 12:00:00;314,5216639
20Aug2020 13:00:00;321,2947520
20Aug2020 14:00:00;280,9886964
20Aug2020 15:00:00;251,3874585
20Aug2020 16:00:00;194,1403677
20Aug2020 17:00:00;114,4342213
20Aug2020 18:00:00;45,0906662
20Aug2020 19:00:00;3,4321575
20Aug2020 20:00:00;0,0013180
20Aug2020 21:00:00;0,0000010
20Aug2020 22:00:00;0,0000000
20Aug2020 23:00:00;0,0000400
21Aug2020 0:00:00;0,0000010
21Aug2020 1:00:00;0,0000000
21Aug2020 2:00:00;0,0000000
21Aug2020 3:00:00;0,0000410
21Aug2020 4:00:00;0,0000000
21Aug2020 5:00:00;0,0994280
21Aug2020 6:00:00;7,2404945
21Aug2020 7:00:00;58,2672708
21Aug2020 8:00:00;155,9925351
21Aug2020 9:00:00;248,2598394
21Aug2020 10:00:00;311,3788450
21Aug2020 11:00:00;342,7932345
21Aug2020 12:00:00;352,2241330
21Aug2020 13:00:00;349,0010537
21Aug2020 14:00:00;330,0495360
21Aug2020 15:00:00;278,4353249
21Aug2020 16:00:00;210,1763629
21Aug2020 17:00:00;131,4119940
21Aug2020 18:00:00;42,6238510
21Aug2020 19:00:00;2,7757763
21Aug2020 20:00:00;0,8632040
21Aug2020 21:00:00;0,0000010
21Aug2020 22:00:00;0,0000000
21Aug2020 23:00:00;0,0000400
22Aug2020 0:00:00;0,0000010
22Aug2020 1:00:00;0,0000000
22Aug2020 2:00:00;0,0000000
22Aug2020 3:00:00;0,0000020
22Aug2020 4:00:00;0,0000400
22Aug2020 5:00:00;0,0812800
22Aug2020 6:00:00;6,6013756
22Aug2020 7:00:00;58,9530313
22Aug2020 8:00:00;155,2496423
22Aug2020 9:00:00;246,4106533
22Aug2020 10:00:00;291,5859009
22Aug2020 11:00:00;325,2024769
22Aug2020 12:00:00;333,8911349
22Aug2020 13:00:00;307,6790215
22Aug2020 14:00:00;309,8591180
22Aug2020 15:00:00;277,6901675
22Aug2020 16:00:00;205,9109931
22Aug2020 17:00:00;119,0556758
22Aug2020 18:00:00;38,5956129
22Aug2020 19:00:00;2,3783534
22Aug2020 20:00:00;0,0013670
22Aug2020 21:00:00;0,0000000
22Aug2020 22:00:00;0,0000010
22Aug2020 23:00:00;0,0000000
23Aug2020 0:00:00;0,0000000
23Aug2020 1:00:00;0,0000410
23Aug2020 2:00:00;0,0000000
23Aug2020 3:00:00;0,0008610
23Aug2020 4:00:00;0,0000010
23Aug2020 5:00:00;0,0882600
23Aug2020 6:00:00;6,5886081
23Aug2020 7:00:00;63,0959174
23Aug2020 8:00:00;173,6699441
23Aug2020 9:00:00;279,2926245
23Aug2020 10:00:00;335,0399131
23Aug2020 11:00:00;378,2834903
23Aug2020 12:00:00;393,6616386
23Aug2020 13:00:00;383,9287022
23Aug2020 14:00:00;347,5088459
23Aug2020 15:00:00;291,3970974
23Aug2020 16:00:00;229,0117413
23Aug2020 17:00:00;129,9118662
23Aug2020 18:00:00;41,6674122
23Aug2020 19:00:00;2,0707966
23Aug2020 20:00:00;0,0013110
23Aug2020 21:00:00;0,1127810
23Aug2020 22:00:00;0,0000400
23Aug2020 23:00:00;0,0000010
24Aug2020 0:00:00;0,0000000
24Aug2020 1:00:00;0,0000000
24Aug2020 2:00:00;0,0000010
24Aug2020 3:00:00;0,0000400
24Aug2020 4:00:00;0,0000000
24Aug2020 5:00:00;0,1121840
24Aug2020 6:00:00;6,6626785
24Aug2020 7:00:00;63,2304516
24Aug2020 8:00:00;171,9374671
24Aug2020 9:00:00;277,2525461
24Aug2020 10:00:00;353,3683198
24Aug2020 11:00:00;376,5981312
24Aug2020 12:00:00;394,3819480
24Aug2020 13:00:00;398,0743132
24Aug2020 14:00:00;380,5508082
24Aug2020 15:00:00;329,6555480
24Aug2020 16:00:00;252,2617244
24Aug2020 17:00:00;143,3832502
24Aug2020 18:00:00;45,2385552
24Aug2020 19:00:00;1,6149462
24Aug2020 20:00:00;0,0000000
24Aug2020 21:00:00;0,0000010
24Aug2020 22:00:00;0,0000000
24Aug2020 23:00:00;0,0000400
25Aug2020 0:00:00;0,0000010
25Aug2020 1:00:00;0,0000000
25Aug2020 2:00:00;0,0000000
25Aug2020 3:00:00;0,0000410
25Aug2020 4:00:00;0,0000000
25Aug2020 5:00:00;0,0897890
25Aug2020 6:00:00;6,2278539
25Aug2020 7:00:00;62,5535505
25Aug2020 8:00:00;170,4070727
25Aug2020 9:00:00;270,8113734
25Aug2020 10:00:00;335,2776555
25Aug2020 11:00:00;375,4500258
25Aug2020 12:00:00;388,3973670
25Aug2020 13:00:00;384,5216074
25Aug2020 14:00:00;362,4864389
25Aug2020 15:00:00;305,6905149
25Aug2020 16:00:00;236,1728627
25Aug2020 17:00:00;135,4211771
25Aug2020 18:00:00;42,1139502
25Aug2020 19:00:00;1,4111647
25Aug2020 20:00:00;0,0000000
25Aug2020 21:00:00;0,0000010
25Aug2020 22:00:00;0,0000400
25Aug2020 23:00:00;0,0000000
26Aug2020 0:00:00;0,0000010
26Aug2020 1:00:00;0,0000000
26Aug2020 2:00:00;0,0000400
26Aug2020 3:00:00;0,0000010
26Aug2020 4:00:00;0,0000000
26Aug2020 5:00:00;0,0652940
26Aug2020 6:00:00;5,8152211
26Aug2020 7:00:00;59,5553657
26Aug2020 8:00:00;159,7968609
26Aug2020 9:00:00;253,1720568
26Aug2020 10:00:00;314,9806543
26Aug2020 11:00:00;348,1125936
26Aug2020 12:00:00;362,7370610
26Aug2020 13:00:00;361,7506718
26Aug2020 14:00:00;331,6459083
26Aug2020 15:00:00;272,7417528
26Aug2020 16:00:00;172,6135100
26Aug2020 17:00:00;99,1576092
26Aug2020 18:00:00;31,3605382
26Aug2020 19:00:00;1,9150720
26Aug2020 20:00:00;0,0001600
26Aug2020 21:00:00;0,0000000
26Aug2020 22:00:00;0,0000000
26Aug2020 23:00:00;0,0000000
27Aug2020 0:00:00;0,0000400
27Aug2020 1:00:00;0,0000000
27Aug2020 2:00:00;0,0000000
27Aug2020 3:00:00;0,0000000
27Aug2020 4:00:00;0,0000400
27Aug2020 5:00:00;0,0893050
27Aug2020 6:00:00;5,4156013
27Aug2020 7:00:00;60,6428313
27Aug2020 8:00:00;166,2372520
27Aug2020 9:00:00;270,5834366
27Aug2020 10:00:00;339,3478925
27Aug2020 11:00:00;363,8848310
27Aug2020 12:00:00;381,5832279
27Aug2020 13:00:00;381,9064260
27Aug2020 14:00:00;350,3431174
27Aug2020 15:00:00;297,2245735
27Aug2020 16:00:00;221,7530217
27Aug2020 17:00:00;128,5018223
27Aug2020 18:00:00;38,1156092
27Aug2020 19:00:00;1,2875085
27Aug2020 20:00:00;0,0000000
27Aug2020 21:00:00;0,0000400
27Aug2020 22:00:00;0,0000010
27Aug2020 23:00:00;0,0000000
28Aug2020 0:00:00;0,0000000
28Aug2020 1:00:00;0,0000420
28Aug2020 2:00:00;0,0000000
28Aug2020 3:00:00;0,0000000
28Aug2020 4:00:00;0,0000010
28Aug2020 5:00:00;0,0956140
28Aug2020 6:00:00;5,0845431
28Aug2020 7:00:00;60,3219878
28Aug2020 8:00:00;167,8224431
28Aug2020 9:00:00;273,3764734
28Aug2020 10:00:00;341,7409260
28Aug2020 11:00:00;381,0923695
28Aug2020 12:00:00;396,3605610
28Aug2020 13:00:00;391,8211707
28Aug2020 14:00:00;371,4396920
28Aug2020 15:00:00;321,7446449
28Aug2020 16:00:00;241,6229359
28Aug2020 17:00:00;138,2228370
28Aug2020 18:00:00;36,9022010
28Aug2020 19:00:00;0,8084606
28Aug2020 20:00:00;0,0016730
28Aug2020 21:00:00;0,0000000
28Aug2020 22:00:00;0,0000400
28Aug2020 23:00:00;0,0000010
29Aug2020 0:00:00;0,0000000
29Aug2020 1:00:00;0,0000000
29Aug2020 2:00:00;0,0000410
29Aug2020 3:00:00;0,0000000
29Aug2020 4:00:00;0,0000000
29Aug2020 5:00:00;0,0858530
29Aug2020 6:00:00;4,8999206
29Aug2020 7:00:00;62,5536543
29Aug2020 8:00:00;171,8814533
29Aug2020 9:00:00;273,1116973
29Aug2020 10:00:00;348,9591059
29Aug2020 11:00:00;390,6490209
29Aug2020 12:00:00;409,3585379
29Aug2020 13:00:00;404,4226705
29Aug2020 14:00:00;377,2514220
29Aug2020 15:00:00;326,8421275
29Aug2020 16:00:00;246,5011111
29Aug2020 17:00:00;137,2401638
29Aug2020 18:00:00;37,0374509
29Aug2020 19:00:00;0,6847168
29Aug2020 20:00:00;0,0000400
29Aug2020 21:00:00;0,0000000
29Aug2020 22:00:00;0,0000000
29Aug2020 23:00:00;0,0000000
30Aug2020 0:00:00;0,0000400
30Aug2020 1:00:00;0,0000010
30Aug2020 2:00:00;0,0000000
30Aug2020 3:00:00;0,0000400
30Aug2020 4:00:00;0,0000000
30Aug2020 5:00:00;0,0798480
30Aug2020 6:00:00;4,9787001
30Aug2020 7:00:00;63,3862951
30Aug2020 8:00:00;174,9277531
30Aug2020 9:00:00;280,5414849
30Aug2020 10:00:00;351,9043745
30Aug2020 11:00:00;391,7731520
30Aug2020 12:00:00;404,9110182
30Aug2020 13:00:00;400,9494765
30Aug2020 14:00:00;374,3936371
30Aug2020 15:00:00;317,9692114
30Aug2020 16:00:00;243,5062706
30Aug2020 17:00:00;133,0460305
30Aug2020 18:00:00;35,5216849
30Aug2020 19:00:00;0,5547269
30Aug2020 20:00:00;0,0050600
30Aug2020 21:00:00;0,0000410
30Aug2020 22:00:00;0,0000000
30Aug2020 23:00:00;0,0000800
31Aug2020 0:00:00;0,0000000
31Aug2020 1:00:00;0,0000400
31Aug2020 2:00:00;0,0000000
31Aug2020 3:00:00;0,0000000
31Aug2020 4:00:00;0,0000000
31Aug2020 5:00:00;0,0634670
31Aug2020 6:00:00;5,0294952
31Aug2020 7:00:00;60,1228848
31Aug2020 8:00:00;164,8598351
31Aug2020 9:00:00;265,6558087
31Aug2020 10:00:00;334,4371505
31Aug2020 11:00:00;380,9529395
31Aug2020 12:00:00;390,3274164
31Aug2020 13:00:00;387,8771788
31Aug2020 14:00:00;354,8402080
31Aug2020 15:00:00;303,9014080
31Aug2020 16:00:00;221,5495481
31Aug2020 17:00:00;122,4771220
31Aug2020 18:00:00;30,1710875
31Aug2020 19:00:00;0,4222625
31Aug2020 20:00:00;0,0000000
31Aug2020 21:00:00;0,0000000
31Aug2020 22:00:00;0,0000000
31Aug2020 23:00:00;0,0000400
01Sep2020 0:00:00;0,0000000
01Sep2020 1:00:00;0,0000080
01Sep2020 2:00:00;0,0000000
01Sep2020 3:00:00;0,0000400
01Sep2020 4:00:00;0,0046740
01Sep2020 5:00:00;0,1432990
01Sep2020 6:00:00;5,3222926
01Sep2020 7:00:00;57,0170983
01Sep2020 8:00:00;154,7472653
01Sep2020 9:00:00;256,1436044
01Sep2020 10:00:00;321,0226303
01Sep2020 11:00:00;357,8131397
01Sep2020 12:00:00;365,2257977
01Sep2020 13:00:00;331,7009040
01Sep2020 14:00:00;292,1100724
01Sep2020 15:00:00;240,8366104
01Sep2020 16:00:00;182,9169310
01Sep2020 17:00:00;105,0343366
01Sep2020 18:00:00;29,1589005
01Sep2020 19:00:00;0,3542060
01Sep2020 20:00:00;0,0011130
01Sep2020 21:00:00;0,0000400
01Sep2020 22:00:00;0,0000080
01Sep2020 23:00:00;0,0000000
02Sep2020 0:00:00;0,0000400
02Sep2020 1:00:00;0,0000000
02Sep2020 2:00:00;0,0000000
02Sep2020 3:00:00;0,0000080
02Sep2020 4:00:00;0,0161010
02Sep2020 5:00:00;0,1907600
02Sep2020 6:00:00;4,6148898
02Sep2020 7:00:00;56,4955495
02Sep2020 8:00:00;157,4805211
02Sep2020 9:00:00;248,5942324
02Sep2020 10:00:00;320,7143038
02Sep2020 11:00:00;363,7441954
02Sep2020 12:00:00;376,0829143
02Sep2020 13:00:00;369,5134587
02Sep2020 14:00:00;343,9640284
02Sep2020 15:00:00;293,5763287
02Sep2020 16:00:00;216,0311876
02Sep2020 17:00:00;115,8527237
02Sep2020 18:00:00;29,8428869
02Sep2020 19:00:00;0,3683024
02Sep2020 20:00:00;0,0011230
02Sep2020 21:00:00;0,0000000
02Sep2020 22:00:00;0,0000000
02Sep2020 23:00:00;0,0000480
03Sep2020 0:00:00;0,0000000
03Sep2020 1:00:00;0,0000080
03Sep2020 2:00:00;0,0000000
03Sep2020 3:00:00;0,0000400
03Sep2020 4:00:00;0,0150650
03Sep2020 5:00:00;0,1840300
03Sep2020 6:00:00;4,6033775
03Sep2020 7:00:00;57,3731680
03Sep2020 8:00:00;158,2480089
03Sep2020 9:00:00;256,8495480
03Sep2020 10:00:00;323,7761125
03Sep2020 11:00:00;359,9597726
03Sep2020 12:00:00;376,5213939
03Sep2020 13:00:00;375,2790898
03Sep2020 14:00:00;347,2651677
03Sep2020 15:00:00;293,4411661
03Sep2020 16:00:00;212,9485117
03Sep2020 17:00:00;115,7826957
03Sep2020 18:00:00;27,5763707
03Sep2020 19:00:00;0,3437187
03Sep2020 20:00:00;0,0337590
03Sep2020 21:00:00;0,0000400
03Sep2020 22:00:00;0,0000000
03Sep2020 23:00:00;0,0000000
04Sep2020 0:00:00;0,0000000
04Sep2020 1:00:00;0,0000400
04Sep2020 2:00:00;0,0000000
04Sep2020 3:00:00;0,0000000
04Sep2020 4:00:00;0,0120320
04Sep2020 5:00:00;0,1490750
04Sep2020 6:00:00;3,9266578
04Sep2020 7:00:00;53,0216706
04Sep2020 8:00:00;156,1611649
04Sep2020 9:00:00;254,3375665
04Sep2020 10:00:00;331,1476706
04Sep2020 11:00:00;372,8515718
04Sep2020 12:00:00;391,5660259
04Sep2020 13:00:00;388,0166212
04Sep2020 14:00:00;355,4057902
04Sep2020 15:00:00;296,6509229
04Sep2020 16:00:00;203,4119897
04Sep2020 17:00:00;106,8539027
04Sep2020 18:00:00;27,7008514
04Sep2020 19:00:00;0,2911960
04Sep2020 20:00:00;0,0038970
04Sep2020 21:00:00;0,0000000
04Sep2020 22:00:00;0,0000080
04Sep2020 23:00:00;0,0000400
05Sep2020 0:00:00;0,0000000
05Sep2020 1:00:00;0,0000080
05Sep2020 2:00:00;0,0000000
05Sep2020 3:00:00;0,0000400
05Sep2020 4:00:00;0,0000080
05Sep2020 5:00:00;0,0263670
05Sep2020 6:00:00;2,3806025
05Sep2020 7:00:00;33,2124505
05Sep2020 8:00:00;88,0596601
05Sep2020 9:00:00;159,3043769
05Sep2020 10:00:00;231,6832842
05Sep2020 11:00:00;288,0267689
05Sep2020 12:00:00;318,7483983
05Sep2020 13:00:00;331,0188400
05Sep2020 14:00:00;309,5435958
05Sep2020 15:00:00;269,7465490
05Sep2020 16:00:00;199,0941606
05Sep2020 17:00:00;107,4266669
05Sep2020 18:00:00;26,3495370
05Sep2020 19:00:00;0,1941730
05Sep2020 20:00:00;0,0011270
05Sep2020 21:00:00;0,0000000
05Sep2020 22:00:00;0,0000480
05Sep2020 23:00:00;0,0000000
06Sep2020 0:00:00;0,0000080
06Sep2020 1:00:00;0,0000400
06Sep2020 2:00:00;0,0000000
06Sep2020 3:00:00;0,0000080
06Sep2020 4:00:00;0,0161530
06Sep2020 5:00:00;0,1813860
06Sep2020 6:00:00;3,7443955
06Sep2020 7:00:00;57,2500601
06Sep2020 8:00:00;162,6322485
06Sep2020 9:00:00;263,6870525
06Sep2020 10:00:00;323,1054630
06Sep2020 11:00:00;364,0435179
06Sep2020 12:00:00;380,5653088
06Sep2020 13:00:00;379,0844461
06Sep2020 14:00:00;355,7645577
06Sep2020 15:00:00;302,9498823
06Sep2020 16:00:00;223,6940477
06Sep2020 17:00:00;117,0694873
06Sep2020 18:00:00;24,4555002
06Sep2020 19:00:00;0,1635903
06Sep2020 20:00:00;0,0000400
06Sep2020 21:00:00;0,0000000
06Sep2020 22:00:00;0,0000080
06Sep2020 23:00:00;0,0000400
07Sep2020 0:00:00;0,0000080
07Sep2020 1:00:00;0,0000000
07Sep2020 2:00:00;0,0000000
07Sep2020 3:00:00;0,0000480
07Sep2020 4:00:00;0,0140660
07Sep2020 5:00:00;0,1914690
07Sep2020 6:00:00;3,7754351
07Sep2020 7:00:00;57,6737926
07Sep2020 8:00:00;167,0492484
07Sep2020 9:00:00;266,0887123
07Sep2020 10:00:00;336,2798753
07Sep2020 11:00:00;377,6914934
07Sep2020 12:00:00;388,2069852
07Sep2020 13:00:00;388,2384520
07Sep2020 14:00:00;358,3924058
07Sep2020 15:00:00;301,6293609
07Sep2020 16:00:00;225,9637081
07Sep2020 17:00:00;116,5973893
07Sep2020 18:00:00;25,3735312
07Sep2020 19:00:00;0,2067740
07Sep2020 20:00:00;0,7442950
07Sep2020 21:00:00;0,0001280
07Sep2020 22:00:00;0,0000800
07Sep2020 23:00:00;0,0000800
08Sep2020 0:00:00;0,0000880
08Sep2020 1:00:00;0,0000400
08Sep2020 2:00:00;0,0000880
08Sep2020 3:00:00;0,0000000
08Sep2020 4:00:00;0,0121710
08Sep2020 5:00:00;0,1748690
08Sep2020 6:00:00;3,4575044
08Sep2020 7:00:00;55,2653344
08Sep2020 8:00:00;161,4283471
08Sep2020 9:00:00;269,6981084
08Sep2020 10:00:00;333,5299499
08Sep2020 11:00:00;383,5581093
08Sep2020 12:00:00;397,8354479
08Sep2020 13:00:00;384,6105543
08Sep2020 14:00:00;360,9232436
08Sep2020 15:00:00;304,6970669
08Sep2020 16:00:00;216,6380523
08Sep2020 17:00:00;108,2747933
08Sep2020 18:00:00;21,6555727
08Sep2020 19:00:00;0,1100600
08Sep2020 20:00:00;0,0000880
08Sep2020 21:00:00;0,0001200
08Sep2020 22:00:00;0,0000800
08Sep2020 23:00:00;0,0000880
09Sep2020 0:00:00;0,0000800
09Sep2020 1:00:00;0,0000400
09Sep2020 2:00:00;0,0000880
09Sep2020 3:00:00;0,0000000
09Sep2020 4:00:00;0,0120000
09Sep2020 5:00:00;0,1758580
09Sep2020 6:00:00;3,2618101
09Sep2020 7:00:00;52,8165640
09Sep2020 8:00:00;157,5267931
09Sep2020 9:00:00;263,9104218
09Sep2020 10:00:00;336,5222956
09Sep2020 11:00:00;386,5170795
09Sep2020 12:00:00;402,4430607
09Sep2020 13:00:00;397,6563319
09Sep2020 14:00:00;359,2753853
09Sep2020 15:00:00;296,7210223
09Sep2020 16:00:00;217,5196220
09Sep2020 17:00:00;111,0762562
09Sep2020 18:00:00;23,8473123
09Sep2020 19:00:00;0,1468530
09Sep2020 20:00:00;0,0000800
09Sep2020 21:00:00;0,0001200
09Sep2020 22:00:00;0,0000880
09Sep2020 23:00:00;0,0000800
10Sep2020 0:00:00;0,0000080
10Sep2020 1:00:00;0,0001200
10Sep2020 2:00:00;0,0000800
10Sep2020 3:00:00;0,0000880
10Sep2020 4:00:00;0,0131080
10Sep2020 5:00:00;0,1569370
10Sep2020 6:00:00;3,1703304
10Sep2020 7:00:00;57,1024377
10Sep2020 8:00:00;166,8412049
10Sep2020 9:00:00;275,7449721
10Sep2020 10:00:00;355,5606661
10Sep2020 11:00:00;397,6819269
10Sep2020 12:00:00;417,2409927
10Sep2020 13:00:00;408,8022291
10Sep2020 14:00:00;374,6503377
10Sep2020 15:00:00;317,3905780
10Sep2020 16:00:00;226,6805159
10Sep2020 17:00:00;113,3399690
10Sep2020 18:00:00;22,6969168
10Sep2020 19:00:00;0,1367400
10Sep2020 20:00:00;0,0000890
10Sep2020 21:00:00;0,0000000
10Sep2020 22:00:00;0,0001280
10Sep2020 23:00:00;0,0000800
11Sep2020 0:00:00;0,0000800
11Sep2020 1:00:00;0,0001280
11Sep2020 2:00:00;0,0000000
11Sep2020 3:00:00;0,0000800
11Sep2020 4:00:00;0,0111030
11Sep2020 5:00:00;0,1518810
11Sep2020 6:00:00;3,0117804
11Sep2020 7:00:00;56,1295719
11Sep2020 8:00:00;166,4566926
11Sep2020 9:00:00;270,0769867
11Sep2020 10:00:00;346,6413441
11Sep2020 11:00:00;381,9192670
11Sep2020 12:00:00;391,6406682
11Sep2020 13:00:00;384,3986147
11Sep2020 14:00:00;358,6134006
11Sep2020 15:00:00;296,7284560
11Sep2020 16:00:00;216,1568815
11Sep2020 17:00:00;107,6666344
11Sep2020 18:00:00;20,6209475
11Sep2020 19:00:00;0,1075060
11Sep2020 20:00:00;0,0000800
11Sep2020 21:00:00;0,0000800
11Sep2020 22:00:00;0,0000880
11Sep2020 23:00:00;0,0001200
12Sep2020 0:00:00;0,0000000
12Sep2020 1:00:00;0,0000890
12Sep2020 2:00:00;0,0000800
12Sep2020 3:00:00;0,0001200
12Sep2020 4:00:00;0,0088260
12Sep2020 5:00:00;0,1302980
12Sep2020 6:00:00;2,2420677
12Sep2020 7:00:00;48,5259651
12Sep2020 8:00:00;148,2731072
12Sep2020 9:00:00;237,1050292
12Sep2020 10:00:00;312,5122953
12Sep2020 11:00:00;345,9533930
12Sep2020 12:00:00;361,8196363
12Sep2020 13:00:00;357,7762306
12Sep2020 14:00:00;313,7526816
12Sep2020 15:00:00;190,5413060
12Sep2020 16:00:00;78,8446980
12Sep2020 17:00:00;26,8138755
12Sep2020 18:00:00;3,9414355
12Sep2020 19:00:00;0,0163800
12Sep2020 20:00:00;0,0000800
12Sep2020 21:00:00;0,0011000
12Sep2020 22:00:00;0,1206480
12Sep2020 23:00:00;0,0000000
13Sep2020 0:00:00;0,0001200
13Sep2020 1:00:00;0,0000080
13Sep2020 2:00:00;0,0000400
13Sep2020 3:00:00;0,0000000
13Sep2020 4:00:00;0,0016710
13Sep2020 5:00:00;0,0557500
13Sep2020 6:00:00;1,4720388
13Sep2020 7:00:00;32,7925103
13Sep2020 8:00:00;109,8848679
13Sep2020 9:00:00;207,4439931
13Sep2020 10:00:00;287,8206292
13Sep2020 11:00:00;354,8175912
13Sep2020 12:00:00;369,9644139
13Sep2020 13:00:00;368,3002457
13Sep2020 14:00:00;318,9284042
13Sep2020 15:00:00;251,4703017
13Sep2020 16:00:00;169,6356048
13Sep2020 17:00:00;76,4314431
13Sep2020 18:00:00;14,4870160
13Sep2020 19:00:00;0,1748970
13Sep2020 20:00:00;0,0000080
13Sep2020 21:00:00;0,0000800
13Sep2020 22:00:00;0,0000400
13Sep2020 23:00:00;0,0000090
14Sep2020 0:00:00;0,0000000
14Sep2020 1:00:00;0,0000800
14Sep2020 2:00:00;0,0000090
14Sep2020 3:00:00;0,0000000
14Sep2020 4:00:00;0,0068910
14Sep2020 5:00:00;0,1489120
14Sep2020 6:00:00;2,3119985
14Sep2020 7:00:00;49,3302670
14Sep2020 8:00:00;152,6874860
14Sep2020 9:00:00;260,1115383
14Sep2020 10:00:00;343,7285033
14Sep2020 11:00:00;384,8231141
14Sep2020 12:00:00;398,4252450
14Sep2020 13:00:00;387,7865943
14Sep2020 14:00:00;348,5472853
14Sep2020 15:00:00;283,3631770
14Sep2020 16:00:00;198,2044972
14Sep2020 17:00:00;92,3583164
14Sep2020 18:00:00;18,2864161
14Sep2020 19:00:00;2,9443960
14Sep2020 20:00:00;0,0000800
14Sep2020 21:00:00;0,0000080
14Sep2020 22:00:00;0,0000800
14Sep2020 23:00:00;0,0000000
15Sep2020 0:00:00;0,0000880
15Sep2020 1:00:00;0,0000000
15Sep2020 2:00:00;0,0000000
15Sep2020 3:00:00;0,0000800
15Sep2020 4:00:00;0,0088530
15Sep2020 5:00:00;0,2008430
15Sep2020 6:00:00;2,1921572
15Sep2020 7:00:00;52,9245644
15Sep2020 8:00:00;163,7811188
15Sep2020 9:00:00;271,3492977
15Sep2020 10:00:00;353,8990684
15Sep2020 11:00:00;398,3169815
15Sep2020 12:00:00;411,8416124
15Sep2020 13:00:00;403,4876802
15Sep2020 14:00:00;368,4073280
15Sep2020 15:00:00;309,0609670
15Sep2020 16:00:00;217,5453016
15Sep2020 17:00:00;102,5779893
15Sep2020 18:00:00;16,6457594
15Sep2020 19:00:00;0,0823950
15Sep2020 20:00:00;0,0000880
15Sep2020 21:00:00;0,0000800
15Sep2020 22:00:00;0,0000080
15Sep2020 23:00:00;0,0000800
16Sep2020 0:00:00;0,0000800
16Sep2020 1:00:00;0,0000880
16Sep2020 2:00:00;0,0000000
16Sep2020 3:00:00;0,0000800
16Sep2020 4:00:00;0,0110630
16Sep2020 5:00:00;0,2797900
16Sep2020 6:00:00;2,4767382
16Sep2020 7:00:00;56,9106686
16Sep2020 8:00:00;173,2979980
16Sep2020 9:00:00;283,4776091
16Sep2020 10:00:00;359,2020885
16Sep2020 11:00:00;401,9606503
16Sep2020 12:00:00;416,7068219
16Sep2020 13:00:00;407,4461466
16Sep2020 14:00:00;374,6908163
16Sep2020 15:00:00;314,8713746
16Sep2020 16:00:00;224,1602440
16Sep2020 17:00:00;107,6794393
16Sep2020 18:00:00;16,8222598
16Sep2020 19:00:00;0,0894790
16Sep2020 20:00:00;0,0000810
16Sep2020 21:00:00;0,0000580
16Sep2020 22:00:00;0,0002600
16Sep2020 23:00:00;0,0000000
17Sep2020 0:00:00;0,0000880
17Sep2020 1:00:00;0,0000800
17Sep2020 2:00:00;0,0000800
17Sep2020 3:00:00;0,0000880
17Sep2020 4:00:00;0,0037390
17Sep2020 5:00:00;0,3264840
17Sep2020 6:00:00;2,1972231
17Sep2020 7:00:00;53,7728127
17Sep2020 8:00:00;162,4655033
17Sep2020 9:00:00;263,9840544
17Sep2020 10:00:00;340,6892412
17Sep2020 11:00:00;373,0223422
17Sep2020 12:00:00;389,7454853
17Sep2020 13:00:00;392,1072198
17Sep2020 14:00:00;361,2019240
17Sep2020 15:00:00;300,2357881
17Sep2020 16:00:00;212,5930496
17Sep2020 17:00:00;98,2967160
17Sep2020 18:00:00;15,3688584
17Sep2020 19:00:00;0,0723690
17Sep2020 20:00:00;0,0000800
17Sep2020 21:00:00;0,0000000
17Sep2020 22:00:00;0,0000800
17Sep2020 23:00:00;0,0000810
18Sep2020 0:00:00;0,0000800
18Sep2020 1:00:00;0,0000800
18Sep2020 2:00:00;0,0000000
18Sep2020 3:00:00;0,0000800
18Sep2020 4:00:00;0,0058800
18Sep2020 5:00:00;0,2596760
18Sep2020 6:00:00;1,7824454
18Sep2020 7:00:00;47,8452126
18Sep2020 8:00:00;145,2958359
18Sep2020 9:00:00;245,2816127
18Sep2020 10:00:00;315,1630197
18Sep2020 11:00:00;358,2066067
18Sep2020 12:00:00;376,5178221
18Sep2020 13:00:00;365,6387907
18Sep2020 14:00:00;336,5111409
18Sep2020 15:00:00;277,0135995
18Sep2020 16:00:00;189,6677770
18Sep2020 17:00:00;89,8512472
18Sep2020 18:00:00;11,8507200
18Sep2020 19:00:00;0,0518520
18Sep2020 20:00:00;0,0000800
18Sep2020 21:00:00;0,0000800
18Sep2020 22:00:00;0,0000800
18Sep2020 23:00:00;0,0000800
19Sep2020 0:00:00;0,0000800
19Sep2020 1:00:00;0,0000800
19Sep2020 2:00:00;0,0000000
19Sep2020 3:00:00;0,0000000
19Sep2020 4:00:00;0,0000800
19Sep2020 5:00:00;0,1414830
19Sep2020 6:00:00;0,6235654
19Sep2020 7:00:00;31,0733430
19Sep2020 8:00:00;97,8293092
19Sep2020 9:00:00;188,4333939
19Sep2020 10:00:00;282,8615667
19Sep2020 11:00:00;352,9299930
19Sep2020 12:00:00;372,8893598
19Sep2020 13:00:00;361,3980296
19Sep2020 14:00:00;316,1856006
19Sep2020 15:00:00;259,3138627
19Sep2020 16:00:00;169,6068730
19Sep2020 17:00:00;72,1529728
19Sep2020 18:00:00;10,6436165
19Sep2020 19:00:00;0,0588460
19Sep2020 20:00:00;0,0000800
19Sep2020 21:00:00;0,0000080
19Sep2020 22:00:00;0,0000010
19Sep2020 23:00:00;0,0000800
20Sep2020 0:00:00;0,0000080
20Sep2020 1:00:00;0,0000800
20Sep2020 2:00:00;0,0000080
20Sep2020 3:00:00;0,0000000
20Sep2020 4:00:00;0,0000800
20Sep2020 5:00:00;0,1862870
20Sep2020 6:00:00;1,2090233
20Sep2020 7:00:00;38,1845237
20Sep2020 8:00:00;128,3898578
20Sep2020 9:00:00;242,7409335
20Sep2020 10:00:00;326,4555647
20Sep2020 11:00:00;375,6646280
20Sep2020 12:00:00;370,9832617
20Sep2020 13:00:00;351,9640341
20Sep2020 14:00:00;324,7669865
20Sep2020 15:00:00;270,6516379
20Sep2020 16:00:00;163,6577601
20Sep2020 17:00:00;64,6320707
20Sep2020 18:00:00;6,7226814
20Sep2020 19:00:00;0,0293980
20Sep2020 20:00:00;0,0000010
20Sep2020 21:00:00;0,0000000
20Sep2020 22:00:00;0,0000080
20Sep2020 23:00:00;0,0000000
21Sep2020 0:00:00;0,0000000
21Sep2020 1:00:00;0,0000080
21Sep2020 2:00:00;0,0000000
21Sep2020 3:00:00;0,0000000
21Sep2020 4:00:00;0,0017280
21Sep2020 5:00:00;0,2776660
21Sep2020 6:00:00;0,6588448
21Sep2020 7:00:00;28,7139697
21Sep2020 8:00:00;84,0972297
21Sep2020 9:00:00;152,4772480
21Sep2020 10:00:00;218,9568660
21Sep2020 11:00:00;247,9302295
21Sep2020 12:00:00;247,2191218
21Sep2020 13:00:00;235,4714475
21Sep2020 14:00:00;195,4100106
21Sep2020 15:00:00;130,0593795
21Sep2020 16:00:00;88,8055134
21Sep2020 17:00:00;43,8765344
21Sep2020 18:00:00;6,3865680
21Sep2020 19:00:00;0,0203200
21Sep2020 20:00:00;0,0000800
21Sep2020 21:00:00;0,0000000
21Sep2020 22:00:00;0,0000800
21Sep2020 23:00:00;0,0000000
22Sep2020 0:00:00;0,0000800
22Sep2020 1:00:00;0,0000000
22Sep2020 2:00:00;0,0000000
22Sep2020 3:00:00;0,0000000
22Sep2020 4:00:00;0,0027490
22Sep2020 5:00:00;0,3226250
22Sep2020 6:00:00;1,2190548
22Sep2020 7:00:00;45,1254653
22Sep2020 8:00:00;152,8587316
22Sep2020 9:00:00;252,9730725
22Sep2020 10:00:00;320,1222469
22Sep2020 11:00:00;372,1797488
22Sep2020 12:00:00;394,7132277
22Sep2020 13:00:00;386,3638978
22Sep2020 14:00:00;349,3350712
22Sep2020 15:00:00;287,0356897
22Sep2020 16:00:00;196,4130325
22Sep2020 17:00:00;85,5484337
22Sep2020 18:00:00;9,0722150
22Sep2020 19:00:00;2,4447480
22Sep2020 20:00:00;0,0000010
22Sep2020 21:00:00;0,0000000
22Sep2020 22:00:00;0,0000000
22Sep2020 23:00:00;0,0000000
23Sep2020 0:00:00;0,0000000
23Sep2020 1:00:00;0,0000000
23Sep2020 2:00:00;0,0000000
23Sep2020 3:00:00;0,0000000
23Sep2020 4:00:00;0,0037000
23Sep2020 5:00:00;0,1932830
23Sep2020 6:00:00;1,1448226
23Sep2020 7:00:00;44,7284616
23Sep2020 8:00:00;148,1548030
23Sep2020 9:00:00;254,8699762
23Sep2020 10:00:00;326,1607121
23Sep2020 11:00:00;366,3957469
23Sep2020 12:00:00;376,2484968
23Sep2020 13:00:00;348,6697897
23Sep2020 14:00:00;306,8412110
23Sep2020 15:00:00;246,6424219
23Sep2020 16:00:00;169,2991592
23Sep2020 17:00:00;72,3840883
23Sep2020 18:00:00;8,3177500
23Sep2020 19:00:00;0,0427970
23Sep2020 20:00:00;0,0000000
23Sep2020 21:00:00;0,0000000
23Sep2020 22:00:00;0,0000000
23Sep2020 23:00:00;0,0000000
24Sep2020 0:00:00;0,0000000
24Sep2020 1:00:00;0,0000000
24Sep2020 2:00:00;0,0000000
24Sep2020 3:00:00;0,0000500
24Sep2020 4:00:00;0,0006740
24Sep2020 5:00:00;0,2479780
24Sep2020 6:00:00;0,8401068
24Sep2020 7:00:00;37,0033957
24Sep2020 8:00:00;136,7671710
24Sep2020 9:00:00;241,1961381
24Sep2020 10:00:00;313,4545065
24Sep2020 11:00:00;360,5203788
24Sep2020 12:00:00;365,5172564
24Sep2020 13:00:00;358,0320591
24Sep2020 14:00:00;322,7174015
24Sep2020 15:00:00;255,8874397
24Sep2020 16:00:00;176,3952946
24Sep2020 17:00:00;74,8773645
24Sep2020 18:00:00;6,2159580
24Sep2020 19:00:00;0,1029020
24Sep2020 20:00:00;0,0000000
24Sep2020 21:00:00;0,0000000
24Sep2020 22:00:00;0,0000090
24Sep2020 23:00:00;0,0000000
25Sep2020 0:00:00;0,0000000
25Sep2020 1:00:00;0,0000080
25Sep2020 2:00:00;0,0000010
25Sep2020 3:00:00;0,0000080
25Sep2020 4:00:00;0,0000000
25Sep2020 5:00:00;0,1229670
25Sep2020 6:00:00;0,0859704
25Sep2020 7:00:00;4,5833530
25Sep2020 8:00:00;28,7902531
25Sep2020 9:00:00;72,8087598
25Sep2020 10:00:00;129,6777201
25Sep2020 11:00:00;196,6838337
25Sep2020 12:00:00;261,6211372
25Sep2020 13:00:00;272,0512184
25Sep2020 14:00:00;227,3959315
25Sep2020 15:00:00;182,4341198
25Sep2020 16:00:00;125,0798172
25Sep2020 17:00:00;56,1825707
25Sep2020 18:00:00;6,0362120
25Sep2020 19:00:00;0,0297300
25Sep2020 20:00:00;0,0000010
25Sep2020 21:00:00;0,0001300
25Sep2020 22:00:00;0,0000000
25Sep2020 23:00:00;0,0000010
26Sep2020 0:00:00;0,0000000
26Sep2020 1:00:00;0,0000800
26Sep2020 2:00:00;0,0000010
26Sep2020 3:00:00;0,0000000
26Sep2020 4:00:00;0,0016280
26Sep2020 5:00:00;0,2773420
26Sep2020 6:00:00;0,7966784
26Sep2020 7:00:00;39,9047051
26Sep2020 8:00:00;145,0226109
26Sep2020 9:00:00;260,2817084
26Sep2020 10:00:00;329,6658373
26Sep2020 11:00:00;368,2848113
26Sep2020 12:00:00;363,8348516
26Sep2020 13:00:00;356,8106779
26Sep2020 14:00:00;330,7220521
26Sep2020 15:00:00;271,4873025
26Sep2020 16:00:00;182,4780470
26Sep2020 17:00:00;71,1066745
26Sep2020 18:00:00;4,9132050
26Sep2020 19:00:00;0,9904240
26Sep2020 20:00:00;0,0000080
26Sep2020 21:00:00;0,0000000
26Sep2020 22:00:00;0,0000000
26Sep2020 23:00:00;0,0000080
27Sep2020 0:00:00;0,0000000
27Sep2020 1:00:00;0,0000000
27Sep2020 2:00:00;0,0000880
27Sep2020 3:00:00;0,0000000
27Sep2020 4:00:00;0,0017070
27Sep2020 5:00:00;0,2031770
27Sep2020 6:00:00;0,4403249
27Sep2020 7:00:00;39,0944391
27Sep2020 8:00:00;144,4890706
27Sep2020 9:00:00;255,5131810
27Sep2020 10:00:00;328,6026731
27Sep2020 11:00:00;365,8420654
27Sep2020 12:00:00;375,0553023
27Sep2020 13:00:00;363,2064713
27Sep2020 14:00:00;327,4151366
27Sep2020 15:00:00;265,6256090
27Sep2020 16:00:00;176,4843064
27Sep2020 17:00:00;71,2675481
27Sep2020 18:00:00;5,4674780
27Sep2020 19:00:00;0,0254830
27Sep2020 20:00:00;0,0000000
27Sep2020 21:00:00;0,0000580
27Sep2020 22:00:00;0,0000000
27Sep2020 23:00:00;0,0000000
28Sep2020 0:00:00;0,0000080
28Sep2020 1:00:00;0,0000000
28Sep2020 2:00:00;0,0000000
28Sep2020 3:00:00;0,0000580
28Sep2020 4:00:00;0,0006290
28Sep2020 5:00:00;0,2071550
28Sep2020 6:00:00;0,6709258
28Sep2020 7:00:00;42,4351106
28Sep2020 8:00:00;152,3823021
28Sep2020 9:00:00;259,3302909
28Sep2020 10:00:00;335,6468532
28Sep2020 11:00:00;378,5022436
28Sep2020 12:00:00;394,0666373
28Sep2020 13:00:00;385,2092649
28Sep2020 14:00:00;344,9187533
28Sep2020 15:00:00;277,5699083
28Sep2020 16:00:00;186,7980766
28Sep2020 17:00:00;74,6443598
28Sep2020 18:00:00;5,1559130
28Sep2020 19:00:00;0,0189010
28Sep2020 20:00:00;0,0000000
28Sep2020 21:00:00;0,0000000
28Sep2020 22:00:00;0,0000000
28Sep2020 23:00:00;0,0000000
29Sep2020 0:00:00;0,0000000
29Sep2020 1:00:00;0,0000000
29Sep2020 2:00:00;0,0000000
29Sep2020 3:00:00;0,0000000
29Sep2020 4:00:00;0,0016620
29Sep2020 5:00:00;0,1872470
29Sep2020 6:00:00;0,6592898
29Sep2020 7:00:00;36,4699363
29Sep2020 8:00:00;136,5695626
29Sep2020 9:00:00;234,0561651
29Sep2020 10:00:00;303,5475949
29Sep2020 11:00:00;341,9170348
29Sep2020 12:00:00;342,1466277
29Sep2020 13:00:00;280,4123222
29Sep2020 14:00:00;206,6372703
29Sep2020 15:00:00;156,5032017
29Sep2020 16:00:00;120,0625685
29Sep2020 17:00:00;50,8548307
29Sep2020 18:00:00;3,2810330
29Sep2020 19:00:00;0,0277010
29Sep2020 20:00:00;0,5485940
29Sep2020 21:00:00;0,0000000
29Sep2020 22:00:00;0,0000000
29Sep2020 23:00:00;0,0000010
30Sep2020 0:00:00;0,0000000
30Sep2020 1:00:00;0,0000000
30Sep2020 2:00:00;0,0000510
30Sep2020 3:00:00;0,0000000
30Sep2020 4:00:00;0,0026860
30Sep2020 5:00:00;0,1482690
30Sep2020 6:00:00;0,6588896
30Sep2020 7:00:00;43,2167276
30Sep2020 8:00:00;155,7045760
30Sep2020 9:00:00;262,5171168
30Sep2020 10:00:00;327,4399981
30Sep2020 11:00:00;375,5127726
30Sep2020 12:00:00;389,1452957
30Sep2020 13:00:00;375,5725161
30Sep2020 14:00:00;342,7986778
30Sep2020 15:00:00;284,1414679
30Sep2020 16:00:00;191,9674972
30Sep2020 17:00:00;71,9860463
30Sep2020 18:00:00;4,7934360
30Sep2020 19:00:00;0,3224060
30Sep2020 20:00:00;0,0000000
30Sep2020 21:00:00;0,0000010
30Sep2020 22:00:00;0,0000000
30Sep2020 23:00:00;0,0000000
01Oct2020 0:00:00;0,0000010
01Oct2020 1:00:00;0,0000000
01Oct2020 2:00:00;0,0000000
01Oct2020 3:00:00;0,0000010
01Oct2020 4:00:00;0,0000000
01Oct2020 5:00:00;0,0000000
01Oct2020 6:00:00;0,3071183
01Oct2020 7:00:00;30,9264785
01Oct2020 8:00:00;124,9687094
01Oct2020 9:00:00;233,8951649
01Oct2020 10:00:00;314,7524427
01Oct2020 11:00:00;353,8528641
01Oct2020 12:00:00;352,7627350
01Oct2020 13:00:00;326,7078061
01Oct2020 14:00:00;291,6962319
01Oct2020 15:00:00;245,4686548
01Oct2020 16:00:00;155,1512275
01Oct2020 17:00:00;54,5128739
01Oct2020 18:00:00;3,2929553
01Oct2020 19:00:00;0,0158560
01Oct2020 20:00:00;0,0001200
01Oct2020 21:00:00;0,0003400
01Oct2020 22:00:00;0,0006910
01Oct2020 23:00:00;0,0002500
02Oct2020 0:00:00;0,0015150
02Oct2020 1:00:00;0,0000010
02Oct2020 2:00:00;0,0000000
02Oct2020 3:00:00;0,0000000
02Oct2020 4:00:00;0,0000000
02Oct2020 5:00:00;0,0460810
02Oct2020 6:00:00;0,4589614
02Oct2020 7:00:00;40,7243020
02Oct2020 8:00:00;160,3011940
02Oct2020 9:00:00;275,1444512
02Oct2020 10:00:00;355,1448648
02Oct2020 11:00:00;398,0603072
02Oct2020 12:00:00;411,5084028
02Oct2020 13:00:00;405,5884363
02Oct2020 14:00:00;370,9082890
02Oct2020 15:00:00;296,5542741
02Oct2020 16:00:00;202,8953418
02Oct2020 17:00:00;72,0947030
02Oct2020 18:00:00;2,3008806
02Oct2020 19:00:00;0,0109170
02Oct2020 20:00:00;0,0000000
02Oct2020 21:00:00;0,0000010
02Oct2020 22:00:00;0,0000810
02Oct2020 23:00:00;0,0000800
03Oct2020 0:00:00;0,0000000
03Oct2020 1:00:00;0,0000810
03Oct2020 2:00:00;0,0000500
03Oct2020 3:00:00;0,0001300
03Oct2020 4:00:00;0,0000000
03Oct2020 5:00:00;0,0159950
03Oct2020 6:00:00;0,4846153
03Oct2020 7:00:00;42,1571638
03Oct2020 8:00:00;157,8547106
03Oct2020 9:00:00;270,7361718
03Oct2020 10:00:00;350,6148725
03Oct2020 11:00:00;393,1455912
03Oct2020 12:00:00;404,4681377
03Oct2020 13:00:00;398,5581154
03Oct2020 14:00:00;359,1063848
03Oct2020 15:00:00;291,1707446
03Oct2020 16:00:00;189,5625903
03Oct2020 17:00:00;70,7825744
03Oct2020 18:00:00;2,8629063
03Oct2020 19:00:00;0,0136840
03Oct2020 20:00:00;0,0178780
03Oct2020 21:00:00;0,0000800
03Oct2020 22:00:00;0,0000000
03Oct2020 23:00:00;0,0000010
04Oct2020 0:00:00;0,0000000
04Oct2020 1:00:00;0,0000000
04Oct2020 2:00:00;0,0000000
04Oct2020 3:00:00;0,0000010
04Oct2020 4:00:00;0,0000000
04Oct2020 5:00:00;0,0211140
04Oct2020 6:00:00;0,4986702
04Oct2020 7:00:00;42,3709914
04Oct2020 8:00:00;156,8553652
04Oct2020 9:00:00;243,7307304
04Oct2020 10:00:00;316,1858147
04Oct2020 11:00:00;360,2011691
04Oct2020 12:00:00;375,5334549
04Oct2020 13:00:00;368,9033001
04Oct2020 14:00:00;341,0269545
04Oct2020 15:00:00;274,8474858
04Oct2020 16:00:00;181,6693289
04Oct2020 17:00:00;68,6626297
04Oct2020 18:00:00;3,7947483
04Oct2020 19:00:00;0,0177510
04Oct2020 20:00:00;0,0000000
04Oct2020 21:00:00;0,0000810
04Oct2020 22:00:00;0,0000000
04Oct2020 23:00:00;0,0000000
05Oct2020 0:00:00;0,0000000
05Oct2020 1:00:00;0,0000010
05Oct2020 2:00:00;0,0000000
05Oct2020 3:00:00;0,0000000
05Oct2020 4:00:00;0,0000010
05Oct2020 5:00:00;0,0192610
05Oct2020 6:00:00;0,5322422
05Oct2020 7:00:00;38,1066315
05Oct2020 8:00:00;146,5517708
05Oct2020 9:00:00;258,3551340
05Oct2020 10:00:00;332,9320767
05Oct2020 11:00:00;377,3495119
05Oct2020 12:00:00;391,2158078
05Oct2020 13:00:00;376,3038474
05Oct2020 14:00:00;331,4088753
05Oct2020 15:00:00;248,4562963
05Oct2020 16:00:00;145,6260649
05Oct2020 17:00:00;45,8613609
05Oct2020 18:00:00;1,4871488
05Oct2020 19:00:00;0,0388880
05Oct2020 20:00:00;0,0000000
05Oct2020 21:00:00;0,0000000
05Oct2020 22:00:00;0,0000010
05Oct2020 23:00:00;0,0000000
06Oct2020 0:00:00;0,0000000
06Oct2020 1:00:00;0,0000000
06Oct2020 2:00:00;0,0000010
06Oct2020 3:00:00;0,0000000
06Oct2020 4:00:00;0,0000000
06Oct2020 5:00:00;0,0097640
06Oct2020 6:00:00;0,3796632
06Oct2020 7:00:00;32,4923892
06Oct2020 8:00:00;135,4888818
06Oct2020 9:00:00;239,9466910
06Oct2020 10:00:00;308,3090337
06Oct2020 11:00:00;361,2645517
06Oct2020 12:00:00;374,8536887
06Oct2020 13:00:00;364,2752671
06Oct2020 14:00:00;298,5855532
06Oct2020 15:00:00;211,7176807
06Oct2020 16:00:00;121,7445364
06Oct2020 17:00:00;41,9385021
06Oct2020 18:00:00;2,1627621
06Oct2020 19:00:00;0,0038610
06Oct2020 20:00:00;0,0000010
06Oct2020 21:00:00;0,0004080
06Oct2020 22:00:00;0,0000000
06Oct2020 23:00:00;0,0000090
07Oct2020 0:00:00;0,0000000
07Oct2020 1:00:00;0,0000000
07Oct2020 2:00:00;0,0000080
07Oct2020 3:00:00;0,0000010
07Oct2020 4:00:00;0,0000000
07Oct2020 5:00:00;0,0079680
07Oct2020 6:00:00;0,3547172
07Oct2020 7:00:00;29,3699688
07Oct2020 8:00:00;131,6167412
07Oct2020 9:00:00;240,5438046
07Oct2020 10:00:00;314,4075273
07Oct2020 11:00:00;354,8636462
07Oct2020 12:00:00;370,2027295
07Oct2020 13:00:00;356,3482224
07Oct2020 14:00:00;302,8864969
07Oct2020 15:00:00;198,0805437
07Oct2020 16:00:00;92,3425512
07Oct2020 17:00:00;24,6210731
07Oct2020 18:00:00;0,6201203
07Oct2020 19:00:00;1,0973220
07Oct2020 20:00:00;0,0000000
07Oct2020 21:00:00;0,0000010
07Oct2020 22:00:00;0,0000080
07Oct2020 23:00:00;0,0000000
08Oct2020 0:00:00;0,0000010
08Oct2020 1:00:00;0,0000000
08Oct2020 2:00:00;0,0000000
08Oct2020 3:00:00;0,0000090
08Oct2020 4:00:00;0,0000000
08Oct2020 5:00:00;0,0032760
08Oct2020 6:00:00;0,3628572
08Oct2020 7:00:00;27,9202300
08Oct2020 8:00:00;127,6385343
08Oct2020 9:00:00;230,1000933
08Oct2020 10:00:00;294,7004294
08Oct2020 11:00:00;339,1154691
08Oct2020 12:00:00;339,9199420
08Oct2020 13:00:00;298,3493829
08Oct2020 14:00:00;233,4071751
08Oct2020 15:00:00;140,7454228
08Oct2020 16:00:00;56,8789830
08Oct2020 17:00:00;12,2708038
08Oct2020 18:00:00;0,0666360
08Oct2020 19:00:00;0,0000010
08Oct2020 20:00:00;0,0000080
08Oct2020 21:00:00;0,0000000
08Oct2020 22:00:00;0,0000000
08Oct2020 23:00:00;0,0000080
09Oct2020 0:00:00;0,0000000
09Oct2020 1:00:00;0,0000010
09Oct2020 2:00:00;0,0000080
09Oct2020 3:00:00;0,0000000
09Oct2020 4:00:00;0,0000010
09Oct2020 5:00:00;0,0000000
09Oct2020 6:00:00;0,1043090
09Oct2020 7:00:00;26,0088833
09Oct2020 8:00:00;95,1945895
09Oct2020 9:00:00;141,4532857
09Oct2020 10:00:00;222,6660090
09Oct2020 11:00:00;261,7619901
09Oct2020 12:00:00;272,4580718
09Oct2020 13:00:00;249,4171347
09Oct2020 14:00:00;194,9350198
09Oct2020 15:00:00;109,9757945
09Oct2020 16:00:00;44,8904313
09Oct2020 17:00:00;11,7943370
09Oct2020 18:00:00;0,2776345
09Oct2020 19:00:00;0,0044080
09Oct2020 20:00:00;0,0000080
09Oct2020 21:00:00;0,0000500
09Oct2020 22:00:00;0,0003000
09Oct2020 23:00:00;0,0000080
10Oct2020 0:00:00;0,0000000
10Oct2020 1:00:00;0,0000000
10Oct2020 2:00:00;0,0000090
10Oct2020 3:00:00;0,0000500
10Oct2020 4:00:00;0,0000080
10Oct2020 5:00:00;0,0015690
10Oct2020 6:00:00;0,1158930
10Oct2020 7:00:00;16,9052173
10Oct2020 8:00:00;77,0503627
10Oct2020 9:00:00;136,3701743
10Oct2020 10:00:00;213,8276634
10Oct2020 11:00:00;234,5644009
10Oct2020 12:00:00;283,6342444
10Oct2020 13:00:00;292,9931133
10Oct2020 14:00:00;250,8864202
10Oct2020 15:00:00;220,8661929
10Oct2020 16:00:00;143,4587533
10Oct2020 17:00:00;45,8532417
10Oct2020 18:00:00;0,7171365
10Oct2020 19:00:00;0,0024920
10Oct2020 20:00:00;0,0000000
10Oct2020 21:00:00;0,0000090
10Oct2020 22:00:00;0,0000000
10Oct2020 23:00:00;0,0000080
11Oct2020 0:00:00;0,0000010
11Oct2020 1:00:00;0,0000000
11Oct2020 2:00:00;0,0000080
11Oct2020 3:00:00;0,0000010
11Oct2020 4:00:00;0,0000000
11Oct2020 5:00:00;0,0061290
11Oct2020 6:00:00;0,3578900
11Oct2020 7:00:00;24,4511974
11Oct2020 8:00:00;122,3502107
11Oct2020 9:00:00;218,1507446
11Oct2020 10:00:00;293,8869037
11Oct2020 11:00:00;341,7426392
11Oct2020 12:00:00;356,2077251
11Oct2020 13:00:00;339,8662664
11Oct2020 14:00:00;312,2201242
11Oct2020 15:00:00;249,7465072
11Oct2020 16:00:00;156,8317023
11Oct2020 17:00:00;52,1233175
11Oct2020 18:00:00;0,5285742
11Oct2020 19:00:00;0,9587040
11Oct2020 20:00:00;0,0000080
11Oct2020 21:00:00;0,0000000
11Oct2020 22:00:00;0,0000000
11Oct2020 23:00:00;0,0000080
12Oct2020 0:00:00;0,0000000
12Oct2020 1:00:00;0,0000010
12Oct2020 2:00:00;0,0000080
12Oct2020 3:00:00;0,0000000
12Oct2020 4:00:00;0,0000090
12Oct2020 5:00:00;0,0043820
12Oct2020 6:00:00;0,4153180
12Oct2020 7:00:00;29,4693073
12Oct2020 8:00:00;137,1422905
12Oct2020 9:00:00;247,6520384
12Oct2020 10:00:00;325,0437088
12Oct2020 11:00:00;367,1923257
12Oct2020 12:00:00;384,3911552
12Oct2020 13:00:00;374,1803377
12Oct2020 14:00:00;329,8645809
12Oct2020 15:00:00;250,3793824
12Oct2020 16:00:00;143,6887460
12Oct2020 17:00:00;32,9818500
12Oct2020 18:00:00;0,3779512
12Oct2020 19:00:00;0,0000080
12Oct2020 20:00:00;0,0000010
12Oct2020 21:00:00;0,0000080
12Oct2020 22:00:00;0,0000000
12Oct2020 23:00:00;0,0000010
13Oct2020 0:00:00;0,0000080
13Oct2020 1:00:00;0,0000000
13Oct2020 2:00:00;0,0000000
13Oct2020 3:00:00;0,0000010
13Oct2020 4:00:00;0,0000000
13Oct2020 5:00:00;0,0000080
13Oct2020 6:00:00;0,2146930
13Oct2020 7:00:00;21,5816507
13Oct2020 8:00:00;114,5379355
13Oct2020 9:00:00;229,5353041
13Oct2020 10:00:00;323,7852534
13Oct2020 11:00:00;375,0222013
13Oct2020 12:00:00;386,3804048
13Oct2020 13:00:00;377,7598241
13Oct2020 14:00:00;334,4500739
13Oct2020 15:00:00;267,1736004
13Oct2020 16:00:00;164,8127920
13Oct2020 17:00:00;47,0001247
13Oct2020 18:00:00;0,4175040
13Oct2020 19:00:00;0,0004000
13Oct2020 20:00:00;0,0002080
13Oct2020 21:00:00;0,0000010
13Oct2020 22:00:00;0,0000000
13Oct2020 23:00:00;0,0000080
14Oct2020 0:00:00;0,0000010
14Oct2020 1:00:00;0,0000080
14Oct2020 2:00:00;0,0000000
14Oct2020 3:00:00;0,0000000
14Oct2020 4:00:00;0,0000090
14Oct2020 5:00:00;0,0000000
14Oct2020 6:00:00;0,2165350
14Oct2020 7:00:00;26,9464464
14Oct2020 8:00:00;128,0408342
14Oct2020 9:00:00;228,4797552
14Oct2020 10:00:00;302,0535574
14Oct2020 11:00:00;335,0824295
14Oct2020 12:00:00;338,1641329
14Oct2020 13:00:00;312,4318073
14Oct2020 14:00:00;270,7817382
14Oct2020 15:00:00;210,2643877
14Oct2020 16:00:00;136,0310933
14Oct2020 17:00:00;40,7141676
14Oct2020 18:00:00;0,6639245
14Oct2020 19:00:00;0,0000000
14Oct2020 20:00:00;0,0000000
14Oct2020 21:00:00;0,0000080
14Oct2020 22:00:00;0,0000010
14Oct2020 23:00:00;0,0000080
15Oct2020 0:00:00;0,0000000
15Oct2020 1:00:00;0,0000010
15Oct2020 2:00:00;0,0000080
15Oct2020 3:00:00;0,0000000
15Oct2020 4:00:00;0,0000000
15Oct2020 5:00:00;0,0000080
15Oct2020 6:00:00;0,2787460
15Oct2020 7:00:00;23,5881302
15Oct2020 8:00:00;116,4532916
15Oct2020 9:00:00;226,0991293
15Oct2020 10:00:00;307,3768550
15Oct2020 11:00:00;351,3912134
15Oct2020 12:00:00;348,1325139
15Oct2020 13:00:00;343,5449674
15Oct2020 14:00:00;308,9169101
15Oct2020 15:00:00;246,3968895
15Oct2020 16:00:00;146,4052484
15Oct2020 17:00:00;41,3241727
15Oct2020 18:00:00;0,3262930
15Oct2020 19:00:00;0,0011040
15Oct2020 20:00:00;0,0000010
15Oct2020 21:00:00;0,0000000
15Oct2020 22:00:00;0,0000080
15Oct2020 23:00:00;0,0000010
16Oct2020 0:00:00;0,0000000
16Oct2020 1:00:00;0,0000080
16Oct2020 2:00:00;0,0000010
16Oct2020 3:00:00;0,0000080
16Oct2020 4:00:00;0,0000000
16Oct2020 5:00:00;0,0000000
16Oct2020 6:00:00;0,3408870
16Oct2020 7:00:00;27,7464405
16Oct2020 8:00:00;140,7039241
16Oct2020 9:00:00;250,6794435
16Oct2020 10:00:00;329,7665951
16Oct2020 11:00:00;376,2885741
16Oct2020 12:00:00;381,2537710
16Oct2020 13:00:00;373,9363724
16Oct2020 14:00:00;330,5488568
16Oct2020 15:00:00;258,1553313
16Oct2020 16:00:00;158,1185789
16Oct2020 17:00:00;43,9277674
16Oct2020 18:00:00;0,3385730
16Oct2020 19:00:00;0,0000000
16Oct2020 20:00:00;0,0000090
16Oct2020 21:00:00;0,0000000
16Oct2020 22:00:00;0,0000000
16Oct2020 23:00:00;0,0000080
17Oct2020 0:00:00;0,0000010
17Oct2020 1:00:00;0,0000000
17Oct2020 2:00:00;0,0000080
17Oct2020 3:00:00;0,0000010
17Oct2020 4:00:00;0,0000080
17Oct2020 5:00:00;0,0000000
17Oct2020 6:00:00;0,3253040
17Oct2020 7:00:00;27,0589109
17Oct2020 8:00:00;138,6815907
17Oct2020 9:00:00;244,4918069
17Oct2020 10:00:00;321,8934088
17Oct2020 11:00:00;375,4933223
17Oct2020 12:00:00;383,6407936
17Oct2020 13:00:00;363,9589008
17Oct2020 14:00:00;312,0425670
17Oct2020 15:00:00;239,0150035
17Oct2020 16:00:00;137,0768524
17Oct2020 17:00:00;30,0376852
17Oct2020 18:00:00;0,1803780
17Oct2020 19:00:00;0,0154510
17Oct2020 20:00:00;0,0000000
17Oct2020 21:00:00;0,0000080
17Oct2020 22:00:00;0,0000010
17Oct2020 23:00:00;0,0000080
18Oct2020 0:00:00;0,0000000
18Oct2020 1:00:00;0,0000000
18Oct2020 2:00:00;0,0000080
18Oct2020 3:00:00;0,0000000
18Oct2020 4:00:00;0,0000010
18Oct2020 5:00:00;0,0000080
18Oct2020 6:00:00;0,0657830
18Oct2020 7:00:00;8,0456780
18Oct2020 8:00:00;49,7543729
18Oct2020 9:00:00;107,8304738
18Oct2020 10:00:00;134,0648049
18Oct2020 11:00:00;187,7198367
18Oct2020 12:00:00;213,3063617
18Oct2020 13:00:00;261,8287030
18Oct2020 14:00:00;271,5216026
18Oct2020 15:00:00;203,5847790
18Oct2020 16:00:00;94,5751901
18Oct2020 17:00:00;13,0485660
18Oct2020 18:00:00;0,3724550
18Oct2020 19:00:00;0,0001000
18Oct2020 20:00:00;0,0003500
18Oct2020 21:00:00;0,0000080
18Oct2020 22:00:00;0,0000000
18Oct2020 23:00:00;0,0000000
19Oct2020 0:00:00;0,0273050
19Oct2020 1:00:00;0,0000000
19Oct2020 2:00:00;0,0000600
19Oct2020 3:00:00;0,0000000
19Oct2020 4:00:00;0,0000000
19Oct2020 5:00:00;0,0000080
19Oct2020 6:00:00;0,0693270
19Oct2020 7:00:00;6,1450472
19Oct2020 8:00:00;45,1538540
19Oct2020 9:00:00;98,0309687
19Oct2020 10:00:00;123,6280136
19Oct2020 11:00:00;125,2055236
19Oct2020 12:00:00;142,6195966
19Oct2020 13:00:00;152,4709787
19Oct2020 14:00:00;135,9085457
19Oct2020 15:00:00;105,8582410
19Oct2020 16:00:00;58,1818332
19Oct2020 17:00:00;16,4295319
19Oct2020 18:00:00;0,0899700
19Oct2020 19:00:00;0,0000000
19Oct2020 20:00:00;0,0000080
19Oct2020 21:00:00;0,0000010
19Oct2020 22:00:00;0,0000000
19Oct2020 23:00:00;0,0000080
20Oct2020 0:00:00;0,0000010
20Oct2020 1:00:00;0,0000000
20Oct2020 2:00:00;0,0000080
20Oct2020 3:00:00;0,0000010
20Oct2020 4:00:00;0,0000080
20Oct2020 5:00:00;0,0000000
20Oct2020 6:00:00;0,0357950
20Oct2020 7:00:00;4,5537902
20Oct2020 8:00:00;31,0551913
20Oct2020 9:00:00;69,0885384
20Oct2020 10:00:00;112,6001714
20Oct2020 11:00:00;123,0908973
20Oct2020 12:00:00;136,9514154
20Oct2020 13:00:00;152,2562568
20Oct2020 14:00:00;146,2651452
20Oct2020 15:00:00;139,2247315
20Oct2020 16:00:00;94,4178372
20Oct2020 17:00:00;19,1704318
20Oct2020 18:00:00;0,3585140
20Oct2020 19:00:00;0,1584670
20Oct2020 20:00:00;0,0000080
20Oct2020 21:00:00;0,0000000
20Oct2020 22:00:00;0,0000000
20Oct2020 23:00:00;0,0000080
21Oct2020 0:00:00;0,0000000
21Oct2020 1:00:00;0,0000010
21Oct2020 2:00:00;0,0000080
21Oct2020 3:00:00;0,0000000
21Oct2020 4:00:00;0,0000090
21Oct2020 5:00:00;0,0504810
21Oct2020 6:00:00;0,3634960
21Oct2020 7:00:00;14,1596255
21Oct2020 8:00:00;95,6031739
21Oct2020 9:00:00;197,2002555
21Oct2020 10:00:00;262,8273546
21Oct2020 11:00:00;305,4457532
21Oct2020 12:00:00;346,4517447
21Oct2020 13:00:00;349,8040534
21Oct2020 14:00:00;308,9695132
21Oct2020 15:00:00;228,3091320
21Oct2020 16:00:00;130,6748951
21Oct2020 17:00:00;26,3036689
21Oct2020 18:00:00;1,7081630
21Oct2020 19:00:00;0,0001390
21Oct2020 20:00:00;0,0000000
21Oct2020 21:00:00;0,0000500
21Oct2020 22:00:00;0,0000080
21Oct2020 23:00:00;0,0000010
22Oct2020 0:00:00;0,0000000
22Oct2020 1:00:00;0,0000000
22Oct2020 2:00:00;0,0000010
22Oct2020 3:00:00;0,0000080
22Oct2020 4:00:00;0,0000000
22Oct2020 5:00:00;0,0000010
22Oct2020 6:00:00;0,5158770
22Oct2020 7:00:00;18,3235775
22Oct2020 8:00:00;119,5396282
22Oct2020 9:00:00;235,6915752
22Oct2020 10:00:00;313,9896328
22Oct2020 11:00:00;362,6604549
22Oct2020 12:00:00;373,0351450
22Oct2020 13:00:00;357,5716952
22Oct2020 14:00:00;319,3802313
22Oct2020 15:00:00;243,3106092
22Oct2020 16:00:00;129,7916894
22Oct2020 17:00:00;24,7515985
22Oct2020 18:00:00;0,1200120
22Oct2020 19:00:00;0,0000500
22Oct2020 20:00:00;0,0000080
22Oct2020 21:00:00;0,0000010
22Oct2020 22:00:00;0,0000000
22Oct2020 23:00:00;0,0000080
23Oct2020 0:00:00;0,0000010
23Oct2020 1:00:00;0,0000080
23Oct2020 2:00:00;0,0000000
23Oct2020 3:00:00;0,0000010
23Oct2020 4:00:00;0,0000080
23Oct2020 5:00:00;0,0000000
23Oct2020 6:00:00;0,3133230
23Oct2020 7:00:00;17,2089915
23Oct2020 8:00:00;114,3496507
23Oct2020 9:00:00;228,2050227
23Oct2020 10:00:00;311,3232376
23Oct2020 11:00:00;353,5740610
23Oct2020 12:00:00;372,7342080
23Oct2020 13:00:00;359,2279543
23Oct2020 14:00:00;319,7739744
23Oct2020 15:00:00;247,6731499
23Oct2020 16:00:00;135,2842964
23Oct2020 17:00:00;26,8099563
23Oct2020 18:00:00;0,1836260
23Oct2020 19:00:00;0,0000010
23Oct2020 20:00:00;0,0001580
23Oct2020 21:00:00;0,0005500
23Oct2020 22:00:00;0,0003010
23Oct2020 23:00:00;0,0000080
24Oct2020 0:00:00;0,0000000
24Oct2020 1:00:00;0,0000090
24Oct2020 2:00:00;0,0000000
24Oct2020 3:00:00;0,0009820
24Oct2020 4:00:00;0,0000090
24Oct2020 5:00:00;0,0000000
24Oct2020 6:00:00;0,4180150
24Oct2020 7:00:00;17,8176750
24Oct2020 8:00:00;113,0453934
24Oct2020 9:00:00;225,5963381
24Oct2020 10:00:00;300,2735611
24Oct2020 11:00:00;334,6277524
24Oct2020 12:00:00;353,9451638
24Oct2020 13:00:00;349,6236314
24Oct2020 14:00:00;308,6060672
24Oct2020 15:00:00;233,5781083
24Oct2020 16:00:00;129,3269904
24Oct2020 17:00:00;26,3508408
24Oct2020 18:00:00;0,1555530
24Oct2020 19:00:00;0,0000000
24Oct2020 20:00:00;0,0000510
24Oct2020 21:00:00;0,0000080
24Oct2020 22:00:00;0,0000500
24Oct2020 23:00:00;0,0000090
25Oct2020 0:00:00;0,0000000
25Oct2020 1:00:00;0,0000000
25Oct2020 2:00:00;0,0000090
25Oct2020 3:00:00;0,0000000
25Oct2020 4:00:00;0,0000000
25Oct2020 5:00:00;0,0244490
25Oct2020 6:00:00;5,8627421
25Oct2020 7:00:00;49,3378238
25Oct2020 8:00:00;152,2458751
25Oct2020 9:00:00;256,3668861
25Oct2020 10:00:00;321,2302526
25Oct2020 11:00:00;355,5779920
25Oct2020 12:00:00;363,5589789
25Oct2020 13:00:00;342,0150915
25Oct2020 14:00:00;291,6407031
25Oct2020 15:00:00;201,3375791
25Oct2020 16:00:00;90,2040784
25Oct2020 17:00:00;11,9983302
25Oct2020 18:00:00;0,0385030
25Oct2020 19:00:00;0,0000080
25Oct2020 20:00:00;0,0000000
25Oct2020 21:00:00;0,0000000
25Oct2020 22:00:00;0,0000080
25Oct2020 23:00:00;0,0000010
26Oct2020 0:00:00;0,0000000
26Oct2020 1:00:00;0,0000580
26Oct2020 2:00:00;0,0000010
26Oct2020 3:00:00;0,0000080
26Oct2020 4:00:00;0,0000000
26Oct2020 5:00:00;0,0142850
26Oct2020 6:00:00;4,0387835
26Oct2020 7:00:00;39,5234478
26Oct2020 8:00:00;124,9727333
26Oct2020 9:00:00;209,1188207
26Oct2020 10:00:00;275,9835706
26Oct2020 11:00:00;321,2441760
26Oct2020 12:00:00;329,0691573
26Oct2020 13:00:00;311,1214172
26Oct2020 14:00:00;264,3394794
26Oct2020 15:00:00;180,7326880
26Oct2020 16:00:00;79,2276388
26Oct2020 17:00:00;11,8404016
26Oct2020 18:00:00;0,0444420
26Oct2020 19:00:00;0,0000080
26Oct2020 20:00:00;0,0000000
26Oct2020 21:00:00;0,0000000
26Oct2020 22:00:00;0,0000080
26Oct2020 23:00:00;0,0000000
27Oct2020 0:00:00;0,0000020
27Oct2020 1:00:00;0,0000080
27Oct2020 2:00:00;0,0000000
27Oct2020 3:00:00;0,0000000
27Oct2020 4:00:00;0,0000080
27Oct2020 5:00:00;0,0156780
27Oct2020 6:00:00;4,3772950
27Oct2020 7:00:00;40,1210360
27Oct2020 8:00:00;129,0530933
27Oct2020 9:00:00;227,6300840
27Oct2020 10:00:00;298,7689061
27Oct2020 11:00:00;317,1602159
27Oct2020 12:00:00;312,9731920
27Oct2020 13:00:00;277,0268249
27Oct2020 14:00:00;222,0188576
27Oct2020 15:00:00;147,1745024
27Oct2020 16:00:00;57,7845932
27Oct2020 17:00:00;7,7754867
27Oct2020 18:00:00;0,0234410
27Oct2020 19:00:00;0,0000000
27Oct2020 20:00:00;0,0000080
27Oct2020 21:00:00;0,0000010
27Oct2020 22:00:00;0,0000000
27Oct2020 23:00:00;0,0000080
28Oct2020 0:00:00;0,0000010
28Oct2020 1:00:00;0,0000000
28Oct2020 2:00:00;0,0000080
28Oct2020 3:00:00;0,0000000
28Oct2020 4:00:00;0,0000090
28Oct2020 5:00:00;0,0103430
28Oct2020 6:00:00;3,7216267
28Oct2020 7:00:00;37,4393720
28Oct2020 8:00:00;126,8548716
28Oct2020 9:00:00;231,5402838
28Oct2020 10:00:00;300,6388103
28Oct2020 11:00:00;335,7433427
28Oct2020 12:00:00;344,1047077
28Oct2020 13:00:00;321,2787686
28Oct2020 14:00:00;246,3062066
28Oct2020 15:00:00;141,4920929
28Oct2020 16:00:00;49,1876929
28Oct2020 17:00:00;8,2342087
28Oct2020 18:00:00;0,0572300
28Oct2020 19:00:00;0,0000010
28Oct2020 20:00:00;0,0000080
28Oct2020 21:00:00;0,0000000
28Oct2020 22:00:00;0,0000000
28Oct2020 23:00:00;0,0000080
29Oct2020 0:00:00;0,0000000
29Oct2020 1:00:00;0,0000010
29Oct2020 2:00:00;0,0000080
29Oct2020 3:00:00;0,0000000
29Oct2020 4:00:00;0,0000090
29Oct2020 5:00:00;0,0001860
29Oct2020 6:00:00;3,8045542
29Oct2020 7:00:00;37,8554887
29Oct2020 8:00:00;111,7151337
29Oct2020 9:00:00;175,2183098
29Oct2020 10:00:00;203,9520288
29Oct2020 11:00:00;235,7711665
29Oct2020 12:00:00;231,2865910
29Oct2020 13:00:00;175,1526309
29Oct2020 14:00:00;148,7278338
29Oct2020 15:00:00;86,6604116
29Oct2020 16:00:00;30,6221080
29Oct2020 17:00:00;1,9206291
29Oct2020 18:00:00;0,0001580
29Oct2020 19:00:00;0,0008080
29Oct2020 20:00:00;0,0004500
29Oct2020 21:00:00;0,0002080
29Oct2020 22:00:00;0,0000000
29Oct2020 23:00:00;0,0000010
30Oct2020 0:00:00;0,0000080
30Oct2020 1:00:00;0,0000000
30Oct2020 2:00:00;0,0000590
30Oct2020 3:00:00;0,0000000
30Oct2020 4:00:00;0,0000000
30Oct2020 5:00:00;0,0117410
30Oct2020 6:00:00;1,1315245
30Oct2020 7:00:00;14,6555030
30Oct2020 8:00:00;51,6885041
30Oct2020 9:00:00;99,2050992
30Oct2020 10:00:00;131,0027418
30Oct2020 11:00:00;150,2219736
30Oct2020 12:00:00;152,4637434
30Oct2020 13:00:00;137,3404477
30Oct2020 14:00:00;114,6996634
30Oct2020 15:00:00;71,5667642
30Oct2020 16:00:00;22,7137254
30Oct2020 17:00:00;1,3122086
30Oct2020 18:00:00;0,0798390
30Oct2020 19:00:00;0,0001500
30Oct2020 20:00:00;0,0000500
30Oct2020 21:00:00;0,0000000
30Oct2020 22:00:00;0,0000500
30Oct2020 23:00:00;0,0000010
31Oct2020 0:00:00;0,0000000
31Oct2020 1:00:00;0,0000000
31Oct2020 2:00:00;0,0000010
31Oct2020 3:00:00;0,0000000
31Oct2020 4:00:00;0,0000000
31Oct2020 5:00:00;0,0207630
31Oct2020 6:00:00;1,2024460
31Oct2020 7:00:00;15,7018613
31Oct2020 8:00:00;71,2525442
31Oct2020 9:00:00;150,5005155
31Oct2020 10:00:00;230,2485685
31Oct2020 11:00:00;305,2810013
31Oct2020 12:00:00;342,3038482
31Oct2020 13:00:00;329,7833913
31Oct2020 14:00:00;289,2771607
31Oct2020 15:00:00;198,2821924
31Oct2020 16:00:00;84,6387160
31Oct2020 17:00:00;11,8578691
31Oct2020 18:00:00;0,0470750
31Oct2020 19:00:00;0,0005000
31Oct2020 20:00:00;0,0006080
31Oct2020 21:00:00;0,0001010
31Oct2020 22:00:00;0,0000000
31Oct2020 23:00:00;0,0000080
01Nov2020 0:00:00;0,0000000
01Nov2020 1:00:00;0,0000000
01Nov2020 2:00:00;0,0000000
01Nov2020 3:00:00;0,0000010
01Nov2020 4:00:00;0,0000000
01Nov2020 5:00:00;0,0000000
01Nov2020 6:00:00;2,5511085
01Nov2020 7:00:00;23,3570345
01Nov2020 8:00:00;72,6242364
01Nov2020 9:00:00;112,6544541
01Nov2020 10:00:00;135,1527970
01Nov2020 11:00:00;146,3896268
01Nov2020 12:00:00;181,5613300
01Nov2020 13:00:00;185,4850594
01Nov2020 14:00:00;202,9872303
01Nov2020 15:00:00;167,3973911
01Nov2020 16:00:00;84,1402069
01Nov2020 17:00:00;11,7244881
01Nov2020 18:00:00;0,0813050
01Nov2020 19:00:00;0,4978710
01Nov2020 20:00:00;0,0000000
01Nov2020 21:00:00;0,0000000
01Nov2020 22:00:00;0,0000000
01Nov2020 23:00:00;0,0000000
02Nov2020 0:00:00;0,0000010
02Nov2020 1:00:00;0,0000000
02Nov2020 2:00:00;0,0000000
02Nov2020 3:00:00;0,0000000
02Nov2020 4:00:00;0,0000010
02Nov2020 5:00:00;0,0248400
02Nov2020 6:00:00;4,2952959
02Nov2020 7:00:00;41,6847707
02Nov2020 8:00:00;147,2058331
02Nov2020 9:00:00;261,6357348
02Nov2020 10:00:00;340,3829874
02Nov2020 11:00:00;381,0983026
02Nov2020 12:00:00;378,4558893
02Nov2020 13:00:00;356,0163753
02Nov2020 14:00:00;304,8406746
02Nov2020 15:00:00;211,7916536
02Nov2020 16:00:00;93,8355886
02Nov2020 17:00:00;12,4422381
02Nov2020 18:00:00;0,4855530
02Nov2020 19:00:00;0,0005510
02Nov2020 20:00:00;0,0001000
02Nov2020 21:00:00;0,0003500
02Nov2020 22:00:00;0,0000510
02Nov2020 23:00:00;0,0000000
03Nov2020 0:00:00;0,0000000
03Nov2020 1:00:00;0,0000010
03Nov2020 2:00:00;0,0000000
03Nov2020 3:00:00;0,0000000
03Nov2020 4:00:00;0,0000010
03Nov2020 5:00:00;0,0000000
03Nov2020 6:00:00;4,2187587
03Nov2020 7:00:00;40,9930523
03Nov2020 8:00:00;138,8289213
03Nov2020 9:00:00;241,8904729
03Nov2020 10:00:00;299,5764413
03Nov2020 11:00:00;299,8125445
03Nov2020 12:00:00;289,9097670
03Nov2020 13:00:00;262,2136558
03Nov2020 14:00:00;179,8346128
03Nov2020 15:00:00;101,0844469
03Nov2020 16:00:00;37,6082776
03Nov2020 17:00:00;3,4948249
03Nov2020 18:00:00;0,0122930
03Nov2020 19:00:00;0,0472520
03Nov2020 20:00:00;0,0003000
03Nov2020 21:00:00;0,0000000
03Nov2020 22:00:00;0,0000000
03Nov2020 23:00:00;0,0000010
04Nov2020 0:00:00;0,0000000
04Nov2020 1:00:00;0,0000000
04Nov2020 2:00:00;0,0000010
04Nov2020 3:00:00;0,0000000
04Nov2020 4:00:00;0,0000000
04Nov2020 5:00:00;0,0000010
04Nov2020 6:00:00;0,2573920
04Nov2020 7:00:00;7,5268948
04Nov2020 8:00:00;34,1251567
04Nov2020 9:00:00;72,3670706
04Nov2020 10:00:00;99,4378421
04Nov2020 11:00:00;112,5915553
04Nov2020 12:00:00;118,9502776
04Nov2020 13:00:00;103,8252445
04Nov2020 14:00:00;85,2224437
04Nov2020 15:00:00;54,1842620
04Nov2020 16:00:00;20,0265911
04Nov2020 17:00:00;1,7923429
04Nov2020 18:00:00;0,0285430
04Nov2020 19:00:00;0,0002000
04Nov2020 20:00:00;0,0006010
04Nov2020 21:00:00;0,0002000
04Nov2020 22:00:00;0,0005000
04Nov2020 23:00:00;0,0000000
05Nov2020 0:00:00;0,0000010
05Nov2020 1:00:00;0,0000000
05Nov2020 2:00:00;0,0000000
05Nov2020 3:00:00;0,0000000
05Nov2020 4:00:00;0,0000000
05Nov2020 5:00:00;0,0000000
05Nov2020 6:00:00;0,1311910
05Nov2020 7:00:00;3,9429458
05Nov2020 8:00:00;21,3753053
05Nov2020 9:00:00;47,7099475
05Nov2020 10:00:00;72,6041548
05Nov2020 11:00:00;110,8359941
05Nov2020 12:00:00;173,7627792
05Nov2020 13:00:00;221,9596592
05Nov2020 14:00:00;209,4295248
05Nov2020 15:00:00;126,4679794
05Nov2020 16:00:00;50,1481544
05Nov2020 17:00:00;5,0213455
05Nov2020 18:00:00;0,3194740
05Nov2020 19:00:00;0,0272710
05Nov2020 20:00:00;0,0000000
05Nov2020 21:00:00;0,0000010
05Nov2020 22:00:00;0,0000000
05Nov2020 23:00:00;0,0000000
06Nov2020 0:00:00;0,0000010
06Nov2020 1:00:00;0,0000000
06Nov2020 2:00:00;0,0000500
06Nov2020 3:00:00;0,0000010
06Nov2020 4:00:00;0,0000000
06Nov2020 5:00:00;0,0000000
06Nov2020 6:00:00;0,9674880
06Nov2020 7:00:00;15,7919012
06Nov2020 8:00:00;72,6027781
06Nov2020 9:00:00;157,1632057
06Nov2020 10:00:00;251,6571609
06Nov2020 11:00:00;296,3098624
06Nov2020 12:00:00;308,7845371
06Nov2020 13:00:00;282,7740127
06Nov2020 14:00:00;241,1809095
06Nov2020 15:00:00;154,7266794
06Nov2020 16:00:00;59,9798559
06Nov2020 17:00:00;5,0951233
06Nov2020 18:00:00;0,0059970
06Nov2020 19:00:00;0,0000000
06Nov2020 20:00:00;0,0000000
06Nov2020 21:00:00;0,0000000
06Nov2020 22:00:00;0,0000010
06Nov2020 23:00:00;0,0000000
07Nov2020 0:00:00;0,0000000
07Nov2020 1:00:00;0,0000010
07Nov2020 2:00:00;0,0000000
07Nov2020 3:00:00;0,0000000
07Nov2020 4:00:00;0,0000010
07Nov2020 5:00:00;0,0000000
07Nov2020 6:00:00;0,7617737
07Nov2020 7:00:00;13,2054617
07Nov2020 8:00:00;54,7167307
07Nov2020 9:00:00;120,7434043
07Nov2020 10:00:00;180,6383599
07Nov2020 11:00:00;239,2435933
07Nov2020 12:00:00;275,3758612
07Nov2020 13:00:00;296,1771734
07Nov2020 14:00:00;265,6065465
07Nov2020 15:00:00;182,8658963
07Nov2020 16:00:00;75,7348234
07Nov2020 17:00:00;7,9547322
07Nov2020 18:00:00;0,2027730
07Nov2020 19:00:00;0,0000000
07Nov2020 20:00:00;0,0000010
07Nov2020 21:00:00;0,0000000
07Nov2020 22:00:00;0,0000000
07Nov2020 23:00:00;0,0000010
08Nov2020 0:00:00;0,0000000
08Nov2020 1:00:00;0,0000000
08Nov2020 2:00:00;0,0000010
08Nov2020 3:00:00;0,0000000
08Nov2020 4:00:00;0,0000000
08Nov2020 5:00:00;0,0095210
08Nov2020 6:00:00;2,8600059
08Nov2020 7:00:00;35,6002552
08Nov2020 8:00:00;137,0040444
08Nov2020 9:00:00;259,9339183
08Nov2020 10:00:00;342,9147598
08Nov2020 11:00:00;377,8553422
08Nov2020 12:00:00;386,9296660
08Nov2020 13:00:00;366,6488783
08Nov2020 14:00:00;307,8374361
08Nov2020 15:00:00;209,4767746
08Nov2020 16:00:00;86,3541015
08Nov2020 17:00:00;9,3018159
08Nov2020 18:00:00;0,0188750
08Nov2020 19:00:00;0,0001000
08Nov2020 20:00:00;0,0002000
08Nov2020 21:00:00;0,0003000
08Nov2020 22:00:00;0,0000000
08Nov2020 23:00:00;0,0000000
09Nov2020 0:00:00;0,0000010
09Nov2020 1:00:00;0,0000000
09Nov2020 2:00:00;0,0000000
09Nov2020 3:00:00;0,0000010
09Nov2020 4:00:00;0,0000000
09Nov2020 5:00:00;0,0041600
09Nov2020 6:00:00;2,4015087
09Nov2020 7:00:00;34,7454538
09Nov2020 8:00:00;134,3366167
09Nov2020 9:00:00;247,3455789
09Nov2020 10:00:00;317,3092041
09Nov2020 11:00:00;363,6660693
09Nov2020 12:00:00;368,4619122
09Nov2020 13:00:00;347,7894056
09Nov2020 14:00:00;291,3923240
09Nov2020 15:00:00;195,1355757
09Nov2020 16:00:00;77,4933276
09Nov2020 17:00:00;7,3171730
09Nov2020 18:00:00;1,3219220
09Nov2020 19:00:00;0,0003510
09Nov2020 20:00:00;0,0000500
09Nov2020 21:00:00;0,0001000
09Nov2020 22:00:00;0,0000500
09Nov2020 23:00:00;0,0000000
10Nov2020 0:00:00;0,0000000
10Nov2020 1:00:00;0,0000010
10Nov2020 2:00:00;0,0000000
10Nov2020 3:00:00;0,0000000
10Nov2020 4:00:00;0,0000010
10Nov2020 5:00:00;0,0000000
10Nov2020 6:00:00;2,2259137
10Nov2020 7:00:00;31,5250057
10Nov2020 8:00:00;125,6577713
10Nov2020 9:00:00;240,3291224
10Nov2020 10:00:00;319,5649346
10Nov2020 11:00:00;363,9247522
10Nov2020 12:00:00;369,3335301
10Nov2020 13:00:00;345,7980151
10Nov2020 14:00:00;285,5013407
10Nov2020 15:00:00;187,0880500
10Nov2020 16:00:00;71,9511734
10Nov2020 17:00:00;6,0097372
10Nov2020 18:00:00;0,0108260
10Nov2020 19:00:00;0,0000690
10Nov2020 20:00:00;0,0000500
10Nov2020 21:00:00;0,0000000
10Nov2020 22:00:00;0,0000010
10Nov2020 23:00:00;0,0000000
11Nov2020 0:00:00;0,0000000
11Nov2020 1:00:00;0,0000010
11Nov2020 2:00:00;0,0000000
11Nov2020 3:00:00;0,0000000
11Nov2020 4:00:00;0,0000010
11Nov2020 5:00:00;0,0000000
11Nov2020 6:00:00;1,3487670
11Nov2020 7:00:00;23,0472229
11Nov2020 8:00:00;100,8819364
11Nov2020 9:00:00;199,1315177
11Nov2020 10:00:00;275,4844085
11Nov2020 11:00:00;291,6414267
11Nov2020 12:00:00;275,9535490
11Nov2020 13:00:00;243,2901643
11Nov2020 14:00:00;214,7519935
11Nov2020 15:00:00;157,2813725
11Nov2020 16:00:00;64,5126646
11Nov2020 17:00:00;5,5076709
11Nov2020 18:00:00;1,6506330
11Nov2020 19:00:00;0,0000000
11Nov2020 20:00:00;0,0000010
11Nov2020 21:00:00;0,0000000
11Nov2020 22:00:00;0,0000000
11Nov2020 23:00:00;0,0000010
12Nov2020 0:00:00;0,0000000
12Nov2020 1:00:00;0,0000000
12Nov2020 2:00:00;0,0000010
12Nov2020 3:00:00;0,0000000
12Nov2020 4:00:00;0,0000000
12Nov2020 5:00:00;0,0000000
12Nov2020 6:00:00;1,3747887
12Nov2020 7:00:00;23,0936905
12Nov2020 8:00:00;95,8257119
12Nov2020 9:00:00;188,9307896
12Nov2020 10:00:00;265,2517627
12Nov2020 11:00:00;328,3960963
12Nov2020 12:00:00;356,9254000
12Nov2020 13:00:00;332,9449573
12Nov2020 14:00:00;265,4517352
12Nov2020 15:00:00;176,2941621
12Nov2020 16:00:00;67,8733471
12Nov2020 17:00:00;6,5036193
12Nov2020 18:00:00;0,0108270
12Nov2020 19:00:00;0,0004010
12Nov2020 20:00:00;0,0001510
12Nov2020 21:00:00;0,0000020
12Nov2020 22:00:00;0,0000020
12Nov2020 23:00:00;0,0000020
13Nov2020 0:00:00;0,0000020
13Nov2020 1:00:00;0,0000000
13Nov2020 2:00:00;0,0000000
13Nov2020 3:00:00;0,0000010
13Nov2020 4:00:00;0,0000000
13Nov2020 5:00:00;0,0012500
13Nov2020 6:00:00;1,7664510
13Nov2020 7:00:00;27,9080924
13Nov2020 8:00:00;113,5288713
13Nov2020 9:00:00;224,8402283
13Nov2020 10:00:00;302,7782339
13Nov2020 11:00:00;350,2356070
13Nov2020 12:00:00;357,7382279
13Nov2020 13:00:00;332,3130098
13Nov2020 14:00:00;279,4655188
13Nov2020 15:00:00;180,2527952
13Nov2020 16:00:00;67,2273204
13Nov2020 17:00:00;5,0870095
13Nov2020 18:00:00;0,0108310
13Nov2020 19:00:00;0,0000520
13Nov2020 20:00:00;0,0001020
13Nov2020 21:00:00;0,0000010
13Nov2020 22:00:00;0,0000020
13Nov2020 23:00:00;0,0000020
14Nov2020 0:00:00;0,0000000
14Nov2020 1:00:00;0,0000020
14Nov2020 2:00:00;0,0000010
14Nov2020 3:00:00;0,0000000
14Nov2020 4:00:00;0,0000010
14Nov2020 5:00:00;0,0002800
14Nov2020 6:00:00;0,9425910
14Nov2020 7:00:00;17,5562235
14Nov2020 8:00:00;73,3612966
14Nov2020 9:00:00;138,8002608
14Nov2020 10:00:00;179,9623122
14Nov2020 11:00:00;198,7089350
14Nov2020 12:00:00;200,7545204
14Nov2020 13:00:00;168,1359690
14Nov2020 14:00:00;139,8421799
14Nov2020 15:00:00;78,9628456
14Nov2020 16:00:00;24,9094859
14Nov2020 17:00:00;2,0625851
14Nov2020 18:00:00;0,0044300
14Nov2020 19:00:00;0,0000040
14Nov2020 20:00:00;0,0000010
14Nov2020 21:00:00;0,0000000
14Nov2020 22:00:00;0,0000020
14Nov2020 23:00:00;0,0000010
15Nov2020 0:00:00;0,0000010
15Nov2020 1:00:00;0,0000000
15Nov2020 2:00:00;0,0000000
15Nov2020 3:00:00;0,0000010
15Nov2020 4:00:00;0,0000010
15Nov2020 5:00:00;0,0000000
15Nov2020 6:00:00;0,3624560
15Nov2020 7:00:00;15,8850717
15Nov2020 8:00:00;76,4139726
15Nov2020 9:00:00;174,4866789
15Nov2020 10:00:00;260,3525108
15Nov2020 11:00:00;302,8760871
15Nov2020 12:00:00;294,7824860
15Nov2020 13:00:00;248,1187118
15Nov2020 14:00:00;190,7900011
15Nov2020 15:00:00;106,8816319
15Nov2020 16:00:00;41,1858705
15Nov2020 17:00:00;2,3704893
15Nov2020 18:00:00;0,0063220
15Nov2020 19:00:00;0,0007520
15Nov2020 20:00:00;0,0006520
15Nov2020 21:00:00;0,0000010
15Nov2020 22:00:00;0,0001000
15Nov2020 23:00:00;0,0000010
16Nov2020 0:00:00;0,0000010
16Nov2020 1:00:00;0,0000000
16Nov2020 2:00:00;0,0000020
16Nov2020 3:00:00;0,0000000
16Nov2020 4:00:00;0,0000000
16Nov2020 5:00:00;0,0000500
16Nov2020 6:00:00;0,3695140
16Nov2020 7:00:00;12,6996673
16Nov2020 8:00:00;65,9497515
16Nov2020 9:00:00;165,9399429
16Nov2020 10:00:00;255,1958312
16Nov2020 11:00:00;316,5421816
16Nov2020 12:00:00;322,6448231
16Nov2020 13:00:00;290,5244219
16Nov2020 14:00:00;226,3867968
16Nov2020 15:00:00;144,9160835
16Nov2020 16:00:00;50,1141201
16Nov2020 17:00:00;3,0496930
16Nov2020 18:00:00;0,0076900
16Nov2020 19:00:00;0,0000020
16Nov2020 20:00:00;0,0000020
16Nov2020 21:00:00;0,0000030
16Nov2020 22:00:00;0,0000000
16Nov2020 23:00:00;0,0000000
17Nov2020 0:00:00;0,0000010
17Nov2020 1:00:00;0,0000500
17Nov2020 2:00:00;0,0000000
17Nov2020 3:00:00;0,0000010
17Nov2020 4:00:00;0,0000500
17Nov2020 5:00:00;0,0008400
17Nov2020 6:00:00;2,0724070
17Nov2020 7:00:00;22,2802132
17Nov2020 8:00:00;99,3249080
17Nov2020 9:00:00;213,5290378
17Nov2020 10:00:00;297,4348728
17Nov2020 11:00:00;341,4978494
17Nov2020 12:00:00;344,7342684
17Nov2020 13:00:00;320,3057046
17Nov2020 14:00:00;263,0710393
17Nov2020 15:00:00;163,5604819
17Nov2020 16:00:00;57,8722132
17Nov2020 17:00:00;4,2162350
17Nov2020 18:00:00;0,0074060
17Nov2020 19:00:00;0,1740760
17Nov2020 20:00:00;0,0000000
17Nov2020 21:00:00;0,0000030
17Nov2020 22:00:00;0,0000040
17Nov2020 23:00:00;0,0000030
18Nov2020 0:00:00;0,0000040
18Nov2020 1:00:00;0,0000540
18Nov2020 2:00:00;0,0000020
18Nov2020 3:00:00;0,0000030
18Nov2020 4:00:00;0,0000040
18Nov2020 5:00:00;0,0000010
18Nov2020 6:00:00;0,5384430
18Nov2020 7:00:00;18,1041936
18Nov2020 8:00:00;85,5683115
18Nov2020 9:00:00;190,3658705
18Nov2020 10:00:00;267,7682491
18Nov2020 11:00:00;313,4943804
18Nov2020 12:00:00;316,5060304
18Nov2020 13:00:00;290,6796291
18Nov2020 14:00:00;207,6789879
18Nov2020 15:00:00;99,1458855
18Nov2020 16:00:00;28,5458812
18Nov2020 17:00:00;1,6639152
18Nov2020 18:00:00;0,0029170
18Nov2020 19:00:00;0,0000020
18Nov2020 20:00:00;0,0000020
18Nov2020 21:00:00;0,0000020
18Nov2020 22:00:00;0,0000020
18Nov2020 23:00:00;0,0000030
19Nov2020 0:00:00;0,0000020
19Nov2020 1:00:00;0,0000030
19Nov2020 2:00:00;0,0000030
19Nov2020 3:00:00;0,0000520
19Nov2020 4:00:00;0,0000020
19Nov2020 5:00:00;0,0000030
19Nov2020 6:00:00;0,2004250
19Nov2020 7:00:00;11,6320477
19Nov2020 8:00:00;61,4624870
19Nov2020 9:00:00;143,8227593
19Nov2020 10:00:00;219,6003814
19Nov2020 11:00:00;277,7827080
19Nov2020 12:00:00;288,7100698
19Nov2020 13:00:00;261,6597032
19Nov2020 14:00:00;200,0197889
19Nov2020 15:00:00;97,4087249
19Nov2020 16:00:00;25,9068931
19Nov2020 17:00:00;0,8871315
19Nov2020 18:00:00;0,0000030
19Nov2020 19:00:00;0,0000040
19Nov2020 20:00:00;0,0000030
19Nov2020 21:00:00;0,0000040
19Nov2020 22:00:00;0,0000030
19Nov2020 23:00:00;0,0000020
20Nov2020 0:00:00;0,0000030
20Nov2020 1:00:00;0,0000530
20Nov2020 2:00:00;0,0000030
20Nov2020 3:00:00;0,0000020
20Nov2020 4:00:00;0,0000000
20Nov2020 5:00:00;0,0010420
20Nov2020 6:00:00;0,0536710
20Nov2020 7:00:00;5,7344558
20Nov2020 8:00:00;25,8552086
20Nov2020 9:00:00;44,5455350
20Nov2020 10:00:00;72,3138024
20Nov2020 11:00:00;106,1155252
20Nov2020 12:00:00;133,4964262
20Nov2020 13:00:00;137,7816887
20Nov2020 14:00:00;104,5928943
20Nov2020 15:00:00;73,4226741
20Nov2020 16:00:00;29,2458033
20Nov2020 17:00:00;1,0854113
20Nov2020 18:00:00;0,0059530
20Nov2020 19:00:00;0,0353220
20Nov2020 20:00:00;0,0032350
20Nov2020 21:00:00;0,0000020
20Nov2020 22:00:00;0,0000000
20Nov2020 23:00:00;0,0000020
21Nov2020 0:00:00;0,0000010
21Nov2020 1:00:00;0,0000020
21Nov2020 2:00:00;0,0000020
21Nov2020 3:00:00;0,0000010
21Nov2020 4:00:00;0,0000010
21Nov2020 5:00:00;0,0000000
21Nov2020 6:00:00;0,4530100
21Nov2020 7:00:00;20,4134625
21Nov2020 8:00:00;102,1630226
21Nov2020 9:00:00;225,0847905
21Nov2020 10:00:00;319,0379324
21Nov2020 11:00:00;360,8406379
21Nov2020 12:00:00;369,0524582
21Nov2020 13:00:00;341,0559272
21Nov2020 14:00:00;283,1499659
21Nov2020 15:00:00;179,3261522
21Nov2020 16:00:00;64,0176882
21Nov2020 17:00:00;3,6698200
21Nov2020 18:00:00;0,3662880
21Nov2020 19:00:00;0,6617800
21Nov2020 20:00:00;0,0000010
21Nov2020 21:00:00;0,0000010
21Nov2020 22:00:00;0,0000010
21Nov2020 23:00:00;0,0000000
22Nov2020 0:00:00;0,0000030
22Nov2020 1:00:00;0,0000010
22Nov2020 2:00:00;0,0000010
22Nov2020 3:00:00;0,0000030
22Nov2020 4:00:00;0,0000000
22Nov2020 5:00:00;0,0000000
22Nov2020 6:00:00;0,5019650
22Nov2020 7:00:00;17,6596999
22Nov2020 8:00:00;74,1727331
22Nov2020 9:00:00;156,3380918
22Nov2020 10:00:00;232,0851992
22Nov2020 11:00:00;281,7987183
22Nov2020 12:00:00;312,6056797
22Nov2020 13:00:00;302,2589160
22Nov2020 14:00:00;236,7306416
22Nov2020 15:00:00;149,1806355
22Nov2020 16:00:00;53,4769639
22Nov2020 17:00:00;2,5107214
22Nov2020 18:00:00;0,0044770
22Nov2020 19:00:00;0,0000040
22Nov2020 20:00:00;0,0000050
22Nov2020 21:00:00;0,0000030
22Nov2020 22:00:00;0,0000020
22Nov2020 23:00:00;0,0000000
23Nov2020 0:00:00;0,0000020
23Nov2020 1:00:00;0,0000530
23Nov2020 2:00:00;0,0000010
23Nov2020 3:00:00;0,0000000
23Nov2020 4:00:00;0,0000010
23Nov2020 5:00:00;0,0000020
23Nov2020 6:00:00;0,4095130
23Nov2020 7:00:00;20,7616983
23Nov2020 8:00:00;99,1683340
23Nov2020 9:00:00;219,0960221
23Nov2020 10:00:00;307,9503819
23Nov2020 11:00:00;354,8323915
23Nov2020 12:00:00;354,2276051
23Nov2020 13:00:00;335,0489021
23Nov2020 14:00:00;268,1457417
23Nov2020 15:00:00;167,8661232
23Nov2020 16:00:00;56,5526044
23Nov2020 17:00:00;2,5990343
23Nov2020 18:00:00;0,0059900
23Nov2020 19:00:00;1,6529430
23Nov2020 20:00:00;0,0000020
23Nov2020 21:00:00;0,0000030
23Nov2020 22:00:00;0,0000030
23Nov2020 23:00:00;0,0000020
24Nov2020 0:00:00;0,0000010
24Nov2020 1:00:00;0,0000500
24Nov2020 2:00:00;0,0000020
24Nov2020 3:00:00;0,0000010
24Nov2020 4:00:00;0,0000010
24Nov2020 5:00:00;0,0000000
24Nov2020 6:00:00;0,4010360
24Nov2020 7:00:00;20,2871613
24Nov2020 8:00:00;96,2495089
24Nov2020 9:00:00;212,1614603
24Nov2020 10:00:00;303,3588503
24Nov2020 11:00:00;349,5125472
24Nov2020 12:00:00;357,4387326
24Nov2020 13:00:00;333,2845150
24Nov2020 14:00:00;265,2154147
24Nov2020 15:00:00;153,5082180
24Nov2020 16:00:00;38,6354460
24Nov2020 17:00:00;0,7635727
24Nov2020 18:00:00;0,0028780
24Nov2020 19:00:00;0,0000040
24Nov2020 20:00:00;0,0000020
24Nov2020 21:00:00;0,0000020
24Nov2020 22:00:00;0,0000020
24Nov2020 23:00:00;0,0000020
25Nov2020 0:00:00;0,0000020
25Nov2020 1:00:00;0,0000020
25Nov2020 2:00:00;0,0000000
25Nov2020 3:00:00;0,0000030
25Nov2020 4:00:00;0,0000010
25Nov2020 5:00:00;0,0000010
25Nov2020 6:00:00;0,0930490
25Nov2020 7:00:00;10,5850487
25Nov2020 8:00:00;64,4649719
25Nov2020 9:00:00;138,4888017
25Nov2020 10:00:00;206,1103790
25Nov2020 11:00:00;242,6641025
25Nov2020 12:00:00;257,4557339
25Nov2020 13:00:00;253,6693757
25Nov2020 14:00:00;213,5732117
25Nov2020 15:00:00;145,1419141
25Nov2020 16:00:00;50,0590222
25Nov2020 17:00:00;2,0117627
25Nov2020 18:00:00;0,0045510
25Nov2020 19:00:00;0,0001420
25Nov2020 20:00:00;0,0000830
25Nov2020 21:00:00;0,0000020
25Nov2020 22:00:00;0,0000020
25Nov2020 23:00:00;0,0000020
26Nov2020 0:00:00;0,0000010
26Nov2020 1:00:00;0,0000000
26Nov2020 2:00:00;0,0000010
26Nov2020 3:00:00;0,0000010
26Nov2020 4:00:00;0,0000010
26Nov2020 5:00:00;0,0000000
26Nov2020 6:00:00;0,0531640
26Nov2020 7:00:00;14,9139217
26Nov2020 8:00:00;85,1297580
26Nov2020 9:00:00;202,3634331
26Nov2020 10:00:00;295,7803305
26Nov2020 11:00:00;337,7425921
26Nov2020 12:00:00;359,6053035
26Nov2020 13:00:00;331,4057198
26Nov2020 14:00:00;274,0732383
26Nov2020 15:00:00;167,8366485
26Nov2020 16:00:00;57,4383069
26Nov2020 17:00:00;4,3198615
26Nov2020 18:00:00;0,1671630
26Nov2020 19:00:00;0,0000020
26Nov2020 20:00:00;0,0000020
26Nov2020 21:00:00;0,0000020
26Nov2020 22:00:00;0,0000010
26Nov2020 23:00:00;0,0000010
27Nov2020 0:00:00;0,0000020
27Nov2020 1:00:00;0,0000010
27Nov2020 2:00:00;0,0000020
27Nov2020 3:00:00;0,0000020
27Nov2020 4:00:00;0,0000010
27Nov2020 5:00:00;0,0000010
27Nov2020 6:00:00;0,1906370
27Nov2020 7:00:00;18,8470755
27Nov2020 8:00:00;92,4591843
27Nov2020 9:00:00;210,6269639
27Nov2020 10:00:00;303,2803716
27Nov2020 11:00:00;354,2038820
27Nov2020 12:00:00;363,6251887
27Nov2020 13:00:00;337,9908831
27Nov2020 14:00:00;275,9652456
27Nov2020 15:00:00;170,8146637
27Nov2020 16:00:00;59,0896155
27Nov2020 17:00:00;2,5689307
27Nov2020 18:00:00;0,0044220
27Nov2020 19:00:00;0,0000030
27Nov2020 20:00:00;0,0000020
27Nov2020 21:00:00;0,0000020
27Nov2020 22:00:00;0,0000030
27Nov2020 23:00:00;0,0000040
28Nov2020 0:00:00;0,0000810
28Nov2020 1:00:00;0,0000000
28Nov2020 2:00:00;0,0000010
28Nov2020 3:00:00;0,0000000
28Nov2020 4:00:00;0,0000000
28Nov2020 5:00:00;0,0000010
28Nov2020 6:00:00;0,1014410
28Nov2020 7:00:00;17,1549105
28Nov2020 8:00:00;81,6697981
28Nov2020 9:00:00;192,2331882
28Nov2020 10:00:00;278,6799758
28Nov2020 11:00:00;321,4419414
28Nov2020 12:00:00;330,6077325
28Nov2020 13:00:00;307,1718926
28Nov2020 14:00:00;254,5921577
28Nov2020 15:00:00;157,6908593
28Nov2020 16:00:00;56,3131638
28Nov2020 17:00:00;3,4063159
28Nov2020 18:00:00;0,0044200
28Nov2020 19:00:00;0,0000010
28Nov2020 20:00:00;0,0000000
28Nov2020 21:00:00;0,0000020
28Nov2020 22:00:00;0,0000010
28Nov2020 23:00:00;0,0000020
29Nov2020 0:00:00;0,0000030
29Nov2020 1:00:00;0,0000020
29Nov2020 2:00:00;0,0000000
29Nov2020 3:00:00;0,0000010
29Nov2020 4:00:00;0,0000010
29Nov2020 5:00:00;0,0000000
29Nov2020 6:00:00;0,1115030
29Nov2020 7:00:00;16,2158144
29Nov2020 8:00:00;82,0775282
29Nov2020 9:00:00;195,9490886
29Nov2020 10:00:00;285,8985249
29Nov2020 11:00:00;331,0300080
29Nov2020 12:00:00;340,2450984
29Nov2020 13:00:00;312,5934106
29Nov2020 14:00:00;239,8796081
29Nov2020 15:00:00;130,0160501
29Nov2020 16:00:00;33,8670586
29Nov2020 17:00:00;1,6756087
29Nov2020 18:00:00;0,0091510
29Nov2020 19:00:00;0,0000030
29Nov2020 20:00:00;0,0000030
29Nov2020 21:00:00;0,0000010
29Nov2020 22:00:00;0,0000020
29Nov2020 23:00:00;0,0000010
30Nov2020 0:00:00;0,0000010
30Nov2020 1:00:00;0,0000010
30Nov2020 2:00:00;0,0000000
30Nov2020 3:00:00;0,0000010
30Nov2020 4:00:00;0,0000010
30Nov2020 5:00:00;0,0000010
30Nov2020 6:00:00;0,0228960
30Nov2020 7:00:00;8,7967282
30Nov2020 8:00:00;53,3813226
30Nov2020 9:00:00;144,9118000
30Nov2020 10:00:00;237,3503710
30Nov2020 11:00:00;294,6715188
30Nov2020 12:00:00;306,3443793
30Nov2020 13:00:00;264,9849898
30Nov2020 14:00:00;201,0005175
30Nov2020 15:00:00;126,8479937
30Nov2020 16:00:00;40,2043132
30Nov2020 17:00:00;2,3329754
30Nov2020 18:00:00;0,0027720
30Nov2020 19:00:00;0,0000020
30Nov2020 20:00:00;0,0000040
30Nov2020 21:00:00;0,0000010
30Nov2020 22:00:00;0,0000020
30Nov2020 23:00:00;0,0000010
01Dec2020 0:00:00;0,0020800
01Dec2020 1:00:00;0,0008900
01Dec2020 2:00:00;0,0010420
01Dec2020 3:00:00;0,0011210
01Dec2020 4:00:00;0,0012090
01Dec2020 5:00:00;0,0020010
01Dec2020 6:00:00;0,0022400
01Dec2020 7:00:00;2,7481479
01Dec2020 8:00:00;19,2506260
01Dec2020 9:00:00;53,9491379
01Dec2020 10:00:00;83,4589838
01Dec2020 11:00:00;107,7730919
01Dec2020 12:00:00;109,6390872
01Dec2020 13:00:00;95,1887314
01Dec2020 14:00:00;61,2913673
01Dec2020 15:00:00;31,8441034
01Dec2020 16:00:00;7,8759857
01Dec2020 17:00:00;0,1269470
01Dec2020 18:00:00;1,7193900
01Dec2020 19:00:00;0,0012800
01Dec2020 20:00:00;0,0011210
01Dec2020 21:00:00;0,0010480
01Dec2020 22:00:00;0,0011200
01Dec2020 23:00:00;0,0014400
02Dec2020 0:00:00;0,0017680
02Dec2020 1:00:00;0,0012000
02Dec2020 2:00:00;0,0012810
02Dec2020 3:00:00;0,0008880
02Dec2020 4:00:00;0,0003200
02Dec2020 5:00:00;0,0012010
02Dec2020 6:00:00;0,0060650
02Dec2020 7:00:00;4,7203853
02Dec2020 8:00:00;32,3274404
02Dec2020 9:00:00;111,9364591
02Dec2020 10:00:00;222,2964053
02Dec2020 11:00:00;287,6975019
02Dec2020 12:00:00;301,2306845
02Dec2020 13:00:00;274,8856025
02Dec2020 14:00:00;210,6390178
02Dec2020 15:00:00;119,5099115
02Dec2020 16:00:00;36,0082355
02Dec2020 17:00:00;1,2294029
02Dec2020 18:00:00;0,0056740
02Dec2020 19:00:00;0,0013830
02Dec2020 20:00:00;0,0011230
02Dec2020 21:00:00;0,0012020
02Dec2020 22:00:00;0,0011220
02Dec2020 23:00:00;0,0012090
03Dec2020 0:00:00;0,0020810
03Dec2020 1:00:00;0,0010410
03Dec2020 2:00:00;0,0010480
03Dec2020 3:00:00;0,0005620
03Dec2020 4:00:00;0,0000880
03Dec2020 5:00:00;0,0014400
03Dec2020 6:00:00;0,0155250
03Dec2020 7:00:00;10,3053435
03Dec2020 8:00:00;60,2970195
03Dec2020 9:00:00;161,0720529
03Dec2020 10:00:00;250,5476876
03Dec2020 11:00:00;307,5057110
03Dec2020 12:00:00;319,9346711
03Dec2020 13:00:00;288,7678729
03Dec2020 14:00:00;217,9977049
03Dec2020 15:00:00;117,5520725
03Dec2020 16:00:00;35,9011230
03Dec2020 17:00:00;0,7150436
03Dec2020 18:00:00;0,0014380
03Dec2020 19:00:00;0,0012840
03Dec2020 20:00:00;0,0012820
03Dec2020 21:00:00;0,0012900
03Dec2020 22:00:00;0,0012820
03Dec2020 23:00:00;0,0016810
04Dec2020 0:00:00;0,0018500
04Dec2020 1:00:00;0,0009610
04Dec2020 2:00:00;0,0011290
04Dec2020 3:00:00;0,0007210
04Dec2020 4:00:00;0,0007220
04Dec2020 5:00:00;0,0013690
04Dec2020 6:00:00;0,0125000
04Dec2020 7:00:00;7,7938760
04Dec2020 8:00:00;47,5102825
04Dec2020 9:00:00;124,6303550
04Dec2020 10:00:00;207,9874826
04Dec2020 11:00:00;271,7016191
04Dec2020 12:00:00;309,1053037
04Dec2020 13:00:00;290,2691774
04Dec2020 14:00:00;223,3290920
04Dec2020 15:00:00;134,5234484
04Dec2020 16:00:00;43,3948644
04Dec2020 17:00:00;1,4389167
04Dec2020 18:00:00;0,0014410
04Dec2020 19:00:00;0,0014430
04Dec2020 20:00:00;0,0014430
04Dec2020 21:00:00;0,0014420
04Dec2020 22:00:00;0,0013710
04Dec2020 23:00:00;0,0018410
05Dec2020 0:00:00;0,0024010
05Dec2020 1:00:00;0,0011300
05Dec2020 2:00:00;0,0012000
05Dec2020 3:00:00;0,0009700
05Dec2020 4:00:00;0,0008820
05Dec2020 5:00:00;0,0016800
05Dec2020 6:00:00;0,0216130
05Dec2020 7:00:00;11,1885588
05Dec2020 8:00:00;62,9878315
05Dec2020 9:00:00;168,8478442
05Dec2020 10:00:00;263,5407317
05Dec2020 11:00:00;310,6160354
05Dec2020 12:00:00;320,7744246
05Dec2020 13:00:00;302,9767989
05Dec2020 14:00:00;242,5621787
05Dec2020 15:00:00;142,9015709
05Dec2020 16:00:00;44,8807835
05Dec2020 17:00:00;1,2972239
05Dec2020 18:00:00;0,0068710
05Dec2020 19:00:00;0,0040820
05Dec2020 20:00:00;0,0072230
05Dec2020 21:00:00;0,0039220
05Dec2020 22:00:00;0,0039300
05Dec2020 23:00:00;0,0039230
06Dec2020 0:00:00;0,0038420
06Dec2020 1:00:00;0,0039300
06Dec2020 2:00:00;0,0038420
06Dec2020 3:00:00;0,0038420
06Dec2020 4:00:00;0,0039290
06Dec2020 5:00:00;0,0038400
06Dec2020 6:00:00;0,0093830
06Dec2020 7:00:00;10,0822352
06Dec2020 8:00:00;60,5327722
06Dec2020 9:00:00;162,6902875
06Dec2020 10:00:00;256,4529584
06Dec2020 11:00:00;315,3502969
06Dec2020 12:00:00;328,4784816
06Dec2020 13:00:00;304,9578015
06Dec2020 14:00:00;243,7162522
06Dec2020 15:00:00;142,7176276
06Dec2020 16:00:00;45,2603564
06Dec2020 17:00:00;1,3218064
06Dec2020 18:00:00;0,0069480
06Dec2020 19:00:00;0,0040920
06Dec2020 20:00:00;0,0040840
06Dec2020 21:00:00;0,0040050
06Dec2020 22:00:00;0,0040100
06Dec2020 23:00:00;0,0039200
07Dec2020 0:00:00;0,0039230
07Dec2020 1:00:00;0,0038490
07Dec2020 2:00:00;0,0039210
07Dec2020 3:00:00;0,0038400
07Dec2020 4:00:00;0,0038500
07Dec2020 5:00:00;0,0005610
07Dec2020 6:00:00;0,0053130
07Dec2020 7:00:00;7,1210116
07Dec2020 8:00:00;46,4431010
07Dec2020 9:00:00;126,7196886
07Dec2020 10:00:00;203,7031249
07Dec2020 11:00:00;263,0387959
07Dec2020 12:00:00;290,0033920
07Dec2020 13:00:00;271,4094924
07Dec2020 14:00:00;206,0302300
07Dec2020 15:00:00;115,0330099
07Dec2020 16:00:00;32,0513611
07Dec2020 17:00:00;1,6881346
07Dec2020 18:00:00;0,0035810
07Dec2020 19:00:00;0,0014450
07Dec2020 20:00:00;0,0013640
07Dec2020 21:00:00;0,0012830
07Dec2020 22:00:00;0,0014450
07Dec2020 23:00:00;0,0014410
08Dec2020 0:00:00;0,0019220
08Dec2020 1:00:00;0,0023210
08Dec2020 2:00:00;0,0015210
08Dec2020 3:00:00;0,0012810
08Dec2020 4:00:00;0,0010400
08Dec2020 5:00:00;0,0017970
08Dec2020 6:00:00;0,0015200
08Dec2020 7:00:00;1,1959143
08Dec2020 8:00:00;9,8012080
08Dec2020 9:00:00;35,4175841
08Dec2020 10:00:00;62,3119700
08Dec2020 11:00:00;82,0914363
08Dec2020 12:00:00;93,8904073
08Dec2020 13:00:00;83,4673956
08Dec2020 14:00:00;66,0000676
08Dec2020 15:00:00;38,0144585
08Dec2020 16:00:00;12,4612751
08Dec2020 17:00:00;0,6228474
08Dec2020 18:00:00;0,0047890
08Dec2020 19:00:00;0,0017620
08Dec2020 20:00:00;0,0012830
08Dec2020 21:00:00;0,0012810
08Dec2020 22:00:00;0,0013610
08Dec2020 23:00:00;0,0014410
09Dec2020 0:00:00;0,0016020
09Dec2020 1:00:00;0,0021600
09Dec2020 2:00:00;0,0012820
09Dec2020 3:00:00;0,0012000
09Dec2020 4:00:00;0,0009600
09Dec2020 5:00:00;0,0009600
09Dec2020 6:00:00;0,0125370
09Dec2020 7:00:00;7,2435038
09Dec2020 8:00:00;41,5681548
09Dec2020 9:00:00;101,3632201
09Dec2020 10:00:00;158,1197688
09Dec2020 11:00:00;199,7492168
09Dec2020 12:00:00;218,2248546
09Dec2020 13:00:00;207,4471002
09Dec2020 14:00:00;166,6701620
09Dec2020 15:00:00;103,9708738
09Dec2020 16:00:00;33,4125408
09Dec2020 17:00:00;0,7192707
09Dec2020 18:00:00;0,0049220
09Dec2020 19:00:00;0,0020020
09Dec2020 20:00:00;0,0008920
09Dec2020 21:00:00;0,0011230
09Dec2020 22:00:00;0,0012030
09Dec2020 23:00:00;0,0011290
10Dec2020 0:00:00;0,0017620
10Dec2020 1:00:00;0,0015280
10Dec2020 2:00:00;0,0010420
10Dec2020 3:00:00;0,0005630
10Dec2020 4:00:00;0,0002480
10Dec2020 5:00:00;0,0005600
10Dec2020 6:00:00;0,0020270
10Dec2020 7:00:00;4,2907755
10Dec2020 8:00:00;27,7660340
10Dec2020 9:00:00;77,5220092
10Dec2020 10:00:00;147,4539968
10Dec2020 11:00:00;213,1287345
10Dec2020 12:00:00;255,7105887
10Dec2020 13:00:00;265,0761658
10Dec2020 14:00:00;214,0866574
10Dec2020 15:00:00;122,6942340
10Dec2020 16:00:00;34,6133272
10Dec2020 17:00:00;1,8569081
10Dec2020 18:00:00;0,0051630
10Dec2020 19:00:00;0,0018440
10Dec2020 20:00:00;0,0013720
10Dec2020 21:00:00;0,0013630
10Dec2020 22:00:00;0,0013600
10Dec2020 23:00:00;0,0012890
11Dec2020 0:00:00;0,0016000
11Dec2020 1:00:00;0,0020010
11Dec2020 2:00:00;0,0012890
11Dec2020 3:00:00;0,0010400
11Dec2020 4:00:00;0,0008810
11Dec2020 5:00:00;0,0009680
11Dec2020 6:00:00;0,0005600
11Dec2020 7:00:00;0,8016310
11Dec2020 8:00:00;7,1173208
11Dec2020 9:00:00;30,4036470
11Dec2020 10:00:00;66,0141096
11Dec2020 11:00:00;95,0967167
11Dec2020 12:00:00;127,5784026
11Dec2020 13:00:00;114,5069749
11Dec2020 14:00:00;95,3243148
11Dec2020 15:00:00;61,8965142
11Dec2020 16:00:00;25,6016264
11Dec2020 17:00:00;0,5444423
11Dec2020 18:00:00;0,4391460
11Dec2020 19:00:00;0,0021750
11Dec2020 20:00:00;0,0013620
11Dec2020 21:00:00;0,0029470
11Dec2020 22:00:00;0,0074810
11Dec2020 23:00:00;0,0015210
12Dec2020 0:00:00;0,0021610
12Dec2020 1:00:00;0,0019290
12Dec2020 2:00:00;0,0015210
12Dec2020 3:00:00;0,0017600
12Dec2020 4:00:00;0,0021690
12Dec2020 5:00:00;0,0023210
12Dec2020 6:00:00;0,0020880
12Dec2020 7:00:00;0,8109245
12Dec2020 8:00:00;7,9669829
12Dec2020 9:00:00;28,0323341
12Dec2020 10:00:00;52,9910130
12Dec2020 11:00:00;72,7780047
12Dec2020 12:00:00;73,7454267
12Dec2020 13:00:00;78,7013699
12Dec2020 14:00:00;59,0661306
12Dec2020 15:00:00;24,4565225
12Dec2020 16:00:00;5,4349523
12Dec2020 17:00:00;0,0610410
12Dec2020 18:00:00;0,0040830
12Dec2020 19:00:00;0,0057280
12Dec2020 20:00:00;0,0040910
12Dec2020 21:00:00;0,0039210
12Dec2020 22:00:00;0,0039220
12Dec2020 23:00:00;0,0039300
13Dec2020 0:00:00;0,0039210
13Dec2020 1:00:00;0,0039210
13Dec2020 2:00:00;0,0038490
13Dec2020 3:00:00;0,0039220
13Dec2020 4:00:00;0,0039280
13Dec2020 5:00:00;0,0038400
13Dec2020 6:00:00;0,0039200
13Dec2020 7:00:00;0,5182410
13Dec2020 8:00:00;5,2586584
13Dec2020 9:00:00;17,9732813
13Dec2020 10:00:00;28,6744643
13Dec2020 11:00:00;38,6959058
13Dec2020 12:00:00;44,0860441
13Dec2020 13:00:00;42,2134889
13Dec2020 14:00:00;37,5873126
13Dec2020 15:00:00;24,0912902
13Dec2020 16:00:00;7,0517512
13Dec2020 17:00:00;0,1162450
13Dec2020 18:00:00;0,0040820
13Dec2020 19:00:00;0,0040840
13Dec2020 20:00:00;0,0040900
13Dec2020 21:00:00;0,0040830
13Dec2020 22:00:00;0,0040010
13Dec2020 23:00:00;0,0040100
14Dec2020 0:00:00;0,0039220
14Dec2020 1:00:00;0,0039200
14Dec2020 2:00:00;0,0038490
14Dec2020 3:00:00;0,0039210
14Dec2020 4:00:00;0,0030410
14Dec2020 5:00:00;0,0000080
14Dec2020 6:00:00;0,0004000
14Dec2020 7:00:00;1,8597395
14Dec2020 8:00:00;21,8641902
14Dec2020 9:00:00;70,4274605
14Dec2020 10:00:00;117,8060157
14Dec2020 11:00:00;114,0266104
14Dec2020 12:00:00;79,8332578
14Dec2020 13:00:00;41,2376230
14Dec2020 14:00:00;30,4471064
14Dec2020 15:00:00;18,8575351
14Dec2020 16:00:00;4,5862699
14Dec2020 17:00:00;0,0628250
14Dec2020 18:00:00;0,0017610
14Dec2020 19:00:00;0,0019230
14Dec2020 20:00:00;0,0012010
14Dec2020 21:00:00;0,0015220
14Dec2020 22:00:00;0,0014510
14Dec2020 23:00:00;0,0014410
15Dec2020 0:00:00;0,0017610
15Dec2020 1:00:00;0,0020090
15Dec2020 2:00:00;0,0016820
15Dec2020 3:00:00;0,0016000
15Dec2020 4:00:00;0,0007280
15Dec2020 5:00:00;0,0004010
15Dec2020 6:00:00;0,0006400
15Dec2020 7:00:00;1,3255595
15Dec2020 8:00:00;14,2057005
15Dec2020 9:00:00;44,9837088
15Dec2020 10:00:00;72,1811405
15Dec2020 11:00:00;98,7416614
15Dec2020 12:00:00;96,1050632
15Dec2020 13:00:00;63,7474791
15Dec2020 14:00:00;34,6132406
15Dec2020 15:00:00;15,8963315
15Dec2020 16:00:00;5,3308648
15Dec2020 17:00:00;0,1180120
15Dec2020 18:00:00;0,0019310
15Dec2020 19:00:00;0,0017630
15Dec2020 20:00:00;0,0010430
15Dec2020 21:00:00;0,0010490
15Dec2020 22:00:00;0,0012000
15Dec2020 23:00:00;0,0014420
16Dec2020 0:00:00;0,0016100
16Dec2020 1:00:00;0,0020010
16Dec2020 2:00:00;0,0009610
16Dec2020 3:00:00;0,0006480
16Dec2020 4:00:00;0,0000800
16Dec2020 5:00:00;0,0000810
16Dec2020 6:00:00;0,0008880
16Dec2020 7:00:00;1,4388985
16Dec2020 8:00:00;13,9797552
16Dec2020 9:00:00;44,4270201
16Dec2020 10:00:00;77,9936327
16Dec2020 11:00:00;99,4765515
16Dec2020 12:00:00;137,3444807
16Dec2020 13:00:00;134,5903288
16Dec2020 14:00:00;104,2631104
16Dec2020 15:00:00;65,6996362
16Dec2020 16:00:00;19,7619319
16Dec2020 17:00:00;0,7224130
16Dec2020 18:00:00;0,0022520
16Dec2020 19:00:00;0,0019220
16Dec2020 20:00:00;0,0011210
16Dec2020 21:00:00;0,0012100
16Dec2020 22:00:00;0,0009630
16Dec2020 23:00:00;0,0009620
17Dec2020 0:00:00;0,0013700
17Dec2020 1:00:00;0,0015210
17Dec2020 2:00:00;0,0010400
17Dec2020 3:00:00;0,0008100
17Dec2020 4:00:00;0,0004000
17Dec2020 5:00:00;0,0003280
17Dec2020 6:00:00;0,0010400
17Dec2020 7:00:00;3,1147075
17Dec2020 8:00:00;25,3227526
17Dec2020 9:00:00;73,0368224
17Dec2020 10:00:00;120,4416003
17Dec2020 11:00:00;152,9486302
17Dec2020 12:00:00;168,4821920
17Dec2020 13:00:00;162,9423218
17Dec2020 14:00:00;143,0164974
17Dec2020 15:00:00;89,1884141
17Dec2020 16:00:00;28,4000961
17Dec2020 17:00:00;0,8195743
17Dec2020 18:00:00;0,0060120
17Dec2020 19:00:00;0,0014420
17Dec2020 20:00:00;0,0009620
17Dec2020 21:00:00;0,0002510
17Dec2020 22:00:00;0,0007210
17Dec2020 23:00:00;0,0010410
18Dec2020 0:00:00;0,0016090
18Dec2020 1:00:00;0,0008810
18Dec2020 2:00:00;0,0008820
18Dec2020 3:00:00;0,0008880
18Dec2020 4:00:00;0,0007210
18Dec2020 5:00:00;0,0008080
18Dec2020 6:00:00;0,0008800
18Dec2020 7:00:00;1,0185875
18Dec2020 8:00:00;8,9963911
18Dec2020 9:00:00;29,1613300
18Dec2020 10:00:00;50,0310562
18Dec2020 11:00:00;69,4550408
18Dec2020 12:00:00;90,8096507
18Dec2020 13:00:00;95,5724098
18Dec2020 14:00:00;83,5626177
18Dec2020 15:00:00;41,5868734
18Dec2020 16:00:00;10,6567314
18Dec2020 17:00:00;1,2410460
18Dec2020 18:00:00;0,0024120
18Dec2020 19:00:00;0,0016840
18Dec2020 20:00:00;0,0009640
18Dec2020 21:00:00;0,0012910
18Dec2020 22:00:00;0,0012010
18Dec2020 23:00:00;0,0012800
19Dec2020 0:00:00;0,0014510
19Dec2020 1:00:00;0,0017610
19Dec2020 2:00:00;0,0008820
19Dec2020 3:00:00;0,0007280
19Dec2020 4:00:00;0,0004810
19Dec2020 5:00:00;0,0008090
19Dec2020 6:00:00;0,0037940
19Dec2020 7:00:00;4,7514720
19Dec2020 8:00:00;34,1326503
19Dec2020 9:00:00;103,7375938
19Dec2020 10:00:00;176,1486167
19Dec2020 11:00:00;240,2892325
19Dec2020 12:00:00;271,0122391
19Dec2020 13:00:00;242,5293709
19Dec2020 14:00:00;182,0433028
19Dec2020 15:00:00;118,7194825
19Dec2020 16:00:00;40,4503291
19Dec2020 17:00:00;1,7362504
19Dec2020 18:00:00;0,0116420
19Dec2020 19:00:00;0,0040100
19Dec2020 20:00:00;0,0040030
19Dec2020 21:00:00;0,0039220
19Dec2020 22:00:00;0,0038490
19Dec2020 23:00:00;0,0038420
20Dec2020 0:00:00;0,0039210
20Dec2020 1:00:00;0,0038420
20Dec2020 2:00:00;0,0038430
20Dec2020 3:00:00;0,0038400
20Dec2020 4:00:00;0,0038500
20Dec2020 5:00:00;0,0038400
20Dec2020 6:00:00;0,0140340
20Dec2020 7:00:00;7,5685175
20Dec2020 8:00:00;51,7699218
20Dec2020 9:00:00;152,1491161
20Dec2020 10:00:00;247,7146340
20Dec2020 11:00:00;306,9422913
20Dec2020 12:00:00;326,0692818
20Dec2020 13:00:00;307,2452932
20Dec2020 14:00:00;236,5477750
20Dec2020 15:00:00;129,6811916
20Dec2020 16:00:00;43,3936435
20Dec2020 17:00:00;2,0994131
20Dec2020 18:00:00;0,0117380
20Dec2020 19:00:00;0,0040010
20Dec2020 20:00:00;0,0040100
20Dec2020 21:00:00;0,0040020
20Dec2020 22:00:00;0,0039210
20Dec2020 23:00:00;0,0039310
21Dec2020 0:00:00;0,0038420
21Dec2020 1:00:00;0,0038410
21Dec2020 2:00:00;0,0038490
21Dec2020 3:00:00;0,0038420
21Dec2020 4:00:00;0,0038410
21Dec2020 5:00:00;0,0006480
21Dec2020 6:00:00;0,0040020
21Dec2020 7:00:00;3,8586660
21Dec2020 8:00:00;25,9170952
21Dec2020 9:00:00;77,5349005
21Dec2020 10:00:00;147,2929024
21Dec2020 11:00:00;199,8498299
21Dec2020 12:00:00;204,8296413
21Dec2020 13:00:00;162,6812348
21Dec2020 14:00:00;82,5354374
21Dec2020 15:00:00;36,9317636
21Dec2020 16:00:00;11,3531614
21Dec2020 17:00:00;0,4559366
21Dec2020 18:00:00;0,0032880
21Dec2020 19:00:00;0,0015220
21Dec2020 20:00:00;0,0008040
21Dec2020 21:00:00;0,0008890
21Dec2020 22:00:00;0,0009620
21Dec2020 23:00:00;0,0008810
22Dec2020 0:00:00;0,0014500
22Dec2020 1:00:00;0,0024820
22Dec2020 2:00:00;0,0012810
22Dec2020 3:00:00;0,0007210
22Dec2020 4:00:00;0,0001610
22Dec2020 5:00:00;0,0003280
22Dec2020 6:00:00;0,0009610
22Dec2020 7:00:00;0,6356430
22Dec2020 8:00:00;7,7990616
22Dec2020 9:00:00;34,4531390
22Dec2020 10:00:00;66,1717699
22Dec2020 11:00:00;82,4856022
22Dec2020 12:00:00;94,9558596
22Dec2020 13:00:00;79,4519481
22Dec2020 14:00:00;58,6648646
22Dec2020 15:00:00;32,8883401
22Dec2020 16:00:00;8,6365894
22Dec2020 17:00:00;0,1583063
22Dec2020 18:00:00;0,0016910
22Dec2020 19:00:00;0,0015250
22Dec2020 20:00:00;0,0006410
22Dec2020 21:00:00;0,0006500
22Dec2020 22:00:00;0,0005610
22Dec2020 23:00:00;0,0006410
23Dec2020 0:00:00;0,0008080
23Dec2020 1:00:00;0,0012010
23Dec2020 2:00:00;0,0005610
23Dec2020 3:00:00;0,0003200
23Dec2020 4:00:00;0,0000020
23Dec2020 5:00:00;0,0001610
23Dec2020 6:00:00;0,0182550
23Dec2020 7:00:00;3,2155595
23Dec2020 8:00:00;28,9010140
23Dec2020 9:00:00;100,0667947
23Dec2020 10:00:00;177,2051424
23Dec2020 11:00:00;211,5006529
23Dec2020 12:00:00;205,7931427
23Dec2020 13:00:00;190,6787941
23Dec2020 14:00:00;157,8922306
23Dec2020 15:00:00;98,9960269
23Dec2020 16:00:00;38,6712043
23Dec2020 17:00:00;2,0207901
23Dec2020 18:00:00;0,0028750
23Dec2020 19:00:00;0,0016020
23Dec2020 20:00:00;0,0006510
23Dec2020 21:00:00;0,0008810
23Dec2020 22:00:00;0,0008830
23Dec2020 23:00:00;0,0009690
24Dec2020 0:00:00;0,0010400
24Dec2020 1:00:00;0,0012820
24Dec2020 2:00:00;0,0006410
24Dec2020 3:00:00;0,0003220
24Dec2020 4:00:00;0,0000090
24Dec2020 5:00:00;0,0002410
24Dec2020 6:00:00;0,0009600
24Dec2020 7:00:00;1,6674920
24Dec2020 8:00:00;17,4267393
24Dec2020 9:00:00;49,4621543
24Dec2020 10:00:00;74,3753896
24Dec2020 11:00:00;89,9978702
24Dec2020 12:00:00;82,8567055
24Dec2020 13:00:00;72,7701332
24Dec2020 14:00:00;53,3816701
24Dec2020 15:00:00;29,0670984
24Dec2020 16:00:00;8,5129145
24Dec2020 17:00:00;0,2229440
24Dec2020 18:00:00;0,2663760
24Dec2020 19:00:00;0,0016820
24Dec2020 20:00:00;0,0007310
24Dec2020 21:00:00;0,0008010
24Dec2020 22:00:00;0,0007220
24Dec2020 23:00:00;0,0008090
25Dec2020 0:00:00;0,0012020
25Dec2020 1:00:00;0,0013610
25Dec2020 2:00:00;0,0006410
25Dec2020 3:00:00;0,0005610
25Dec2020 4:00:00;0,0000010
25Dec2020 5:00:00;0,0001690
25Dec2020 6:00:00;0,0080670
25Dec2020 7:00:00;5,3794830
25Dec2020 8:00:00;39,7902724
25Dec2020 9:00:00;121,6915166
25Dec2020 10:00:00;219,7019391
25Dec2020 11:00:00;277,5342736
25Dec2020 12:00:00;291,7654836
25Dec2020 13:00:00;272,6385593
25Dec2020 14:00:00;231,8076982
25Dec2020 15:00:00;143,8923247
25Dec2020 16:00:00;48,5497639
25Dec2020 17:00:00;3,1273582
25Dec2020 18:00:00;0,0147060
25Dec2020 19:00:00;0,0018020
25Dec2020 20:00:00;0,0007210
25Dec2020 21:00:00;0,0008880
25Dec2020 22:00:00;0,0008810
25Dec2020 23:00:00;0,0008820
26Dec2020 0:00:00;0,0012080
26Dec2020 1:00:00;0,0020800
26Dec2020 2:00:00;0,0007210
26Dec2020 3:00:00;0,0007280
26Dec2020 4:00:00;0,0007210
26Dec2020 5:00:00;0,0008800
26Dec2020 6:00:00;0,0022490
26Dec2020 7:00:00;5,4921890
26Dec2020 8:00:00;35,6542303
26Dec2020 9:00:00;93,2192342
26Dec2020 10:00:00;163,9226327
26Dec2020 11:00:00;231,6403644
26Dec2020 12:00:00;254,1592600
26Dec2020 13:00:00;228,1379652
26Dec2020 14:00:00;180,8835172
26Dec2020 15:00:00;99,0032294
26Dec2020 16:00:00;28,3030838
26Dec2020 17:00:00;1,2707434
26Dec2020 18:00:00;0,0085170
26Dec2020 19:00:00;0,0040030
26Dec2020 20:00:00;0,0039230
26Dec2020 21:00:00;0,0039310
26Dec2020 22:00:00;0,0039210
26Dec2020 23:00:00;0,0038430
27Dec2020 0:00:00;0,0038490
27Dec2020 1:00:00;0,0038400
27Dec2020 2:00:00;0,0038500
27Dec2020 3:00:00;0,0039220
27Dec2020 4:00:00;0,0038400
27Dec2020 5:00:00;0,0038480
27Dec2020 6:00:00;0,0038400
27Dec2020 7:00:00;4,8008700
27Dec2020 8:00:00;36,7333522
27Dec2020 9:00:00;109,0108550
27Dec2020 10:00:00;201,4825216
27Dec2020 11:00:00;248,8842999
27Dec2020 12:00:00;235,0015902
27Dec2020 13:00:00;203,6013932
27Dec2020 14:00:00;141,9589693
27Dec2020 15:00:00;74,7896896
27Dec2020 16:00:00;24,9523746
27Dec2020 17:00:00;1,3611186
27Dec2020 18:00:00;0,0101680
27Dec2020 19:00:00;0,0040840
27Dec2020 20:00:00;0,0040030
27Dec2020 21:00:00;0,0040820
27Dec2020 22:00:00;0,0039210
27Dec2020 23:00:00;0,0039210
28Dec2020 0:00:00;0,0039200
28Dec2020 1:00:00;0,0038410
28Dec2020 2:00:00;0,0038400
28Dec2020 3:00:00;0,0038410
28Dec2020 4:00:00;0,0038410
28Dec2020 5:00:00;0,0002400
28Dec2020 6:00:00;0,0000000
28Dec2020 7:00:00;2,3617635
28Dec2020 8:00:00;20,9794601
28Dec2020 9:00:00;70,6496907
28Dec2020 10:00:00;119,0504501
28Dec2020 11:00:00;151,8842777
28Dec2020 12:00:00;156,5834363
28Dec2020 13:00:00;132,2403442
28Dec2020 14:00:00;92,3371997
28Dec2020 15:00:00;55,1421519
28Dec2020 16:00:00;19,0843961
28Dec2020 17:00:00;0,7701596
28Dec2020 18:00:00;0,0020440
28Dec2020 19:00:00;0,0016030
28Dec2020 20:00:00;0,0008820
28Dec2020 21:00:00;0,0008010
28Dec2020 22:00:00;0,0010420
28Dec2020 23:00:00;0,0010410
29Dec2020 0:00:00;0,0011200
29Dec2020 1:00:00;0,0028800
29Dec2020 2:00:00;0,0009610
29Dec2020 3:00:00;0,0009600
29Dec2020 4:00:00;0,0001630
29Dec2020 5:00:00;0,0000010
29Dec2020 6:00:00;0,0067650
29Dec2020 7:00:00;5,5920865
29Dec2020 8:00:00;44,1311789
29Dec2020 9:00:00;137,1973187
29Dec2020 10:00:00;240,0702031
29Dec2020 11:00:00;303,9285131
29Dec2020 12:00:00;327,9348491
29Dec2020 13:00:00;313,8217745
29Dec2020 14:00:00;257,3529476
29Dec2020 15:00:00;159,2805897
29Dec2020 16:00:00;58,6881466
29Dec2020 17:00:00;4,5232128
29Dec2020 18:00:00;0,0121970
29Dec2020 19:00:00;0,0015230
29Dec2020 20:00:00;0,0009640
29Dec2020 21:00:00;0,0008090
29Dec2020 22:00:00;0,0008010
29Dec2020 23:00:00;0,0008020
30Dec2020 0:00:00;0,0009700
30Dec2020 1:00:00;0,0014400
30Dec2020 2:00:00;0,0007200
30Dec2020 3:00:00;0,0006480
30Dec2020 4:00:00;0,0000000
30Dec2020 5:00:00;0,0000010
30Dec2020 6:00:00;0,0016730
30Dec2020 7:00:00;3,9695570
30Dec2020 8:00:00;37,3511300
30Dec2020 9:00:00;123,6996015
30Dec2020 10:00:00;226,5170034
30Dec2020 11:00:00;297,6172294
30Dec2020 12:00:00;319,7516102
30Dec2020 13:00:00;296,9952188
30Dec2020 14:00:00;238,7061884
30Dec2020 15:00:00;151,5885513
30Dec2020 16:00:00;57,7936284
30Dec2020 17:00:00;4,8808456
30Dec2020 18:00:00;0,0144740
30Dec2020 19:00:00;0,0030960
30Dec2020 20:00:00;0,0010500
30Dec2020 21:00:00;0,0009630
30Dec2020 22:00:00;0,0008810
30Dec2020 23:00:00;0,0008090
31Dec2020 0:00:00;0,0011220
31Dec2020 1:00:00;0,0012820
31Dec2020 2:00:00;0,0008080
31Dec2020 3:00:00;0,0004810
31Dec2020 4:00:00;0,0000810
31Dec2020 5:00:00;0,0000080
31Dec2020 6:00:00;0,0008800
31Dec2020 7:00:00;4,3769095
31Dec2020 8:00:00;36,1190046
31Dec2020 9:00:00;110,8813584
31Dec2020 10:00:00;204,2311098
31Dec2020 11:00:00;260,9523546
31Dec2020 12:00:00;261,6371743
31Dec2020 13:00:00;228,0502163
31Dec2020 14:00:00;175,7432851
31Dec2020 15:00:00;93,9331227
31Dec2020 16:00:00;31,3212614
31Dec2020 17:00:00;1,5242064
31Dec2020 18:00:00;0,0040030
31Dec2020 19:00:00;0,0040100
31Dec2020 20:00:00;0,0039230
31Dec2020 21:00:00;0,0039220
31Dec2020 22:00:00;0,0040100
31Dec2020 23:00:00;0,0000000
01Jan2021 0:00:00;0,0039210
01Jan2021 1:00:00;0,0039300
01Jan2021 2:00:00;0,0039200
01Jan2021 3:00:00;0,0039210
01Jan2021 4:00:00;0,0038490
01Jan2021 5:00:00;0,0520550
01Jan2021 6:00:00;0,3485080
01Jan2021 7:00:00;6,1058741
01Jan2021 8:00:00;40,7909332
01Jan2021 9:00:00;128,8215180
01Jan2021 10:00:00;225,3165594
01Jan2021 11:00:00;288,7538934
01Jan2021 12:00:00;306,6302954
01Jan2021 13:00:00;283,4175545
01Jan2021 14:00:00;233,1613081
01Jan2021 15:00:00;128,1364007
01Jan2021 16:00:00;44,6992177
01Jan2021 17:00:00;2,4989707
01Jan2021 18:00:00;0,0117310
01Jan2021 19:00:00;0,0040030
01Jan2021 20:00:00;0,0039310
01Jan2021 21:00:00;0,0039210
01Jan2021 22:00:00;0,0039210
01Jan2021 23:00:00;0,0039290
02Jan2021 0:00:00;0,0039210
02Jan2021 1:00:00;0,0038420
02Jan2021 2:00:00;0,0039280
02Jan2021 3:00:00;0,0038400
02Jan2021 4:00:00;0,0039210
02Jan2021 5:00:00;0,0053710
02Jan2021 6:00:00;0,0916450
02Jan2021 7:00:00;3,7307121
02Jan2021 8:00:00;36,8580543
02Jan2021 9:00:00;132,7460410
02Jan2021 10:00:00;237,7181091
02Jan2021 11:00:00;301,8030828
02Jan2021 12:00:00;323,8829566
02Jan2021 13:00:00;307,4420061
02Jan2021 14:00:00;244,8785391
02Jan2021 15:00:00;159,9556487
02Jan2021 16:00:00;62,4047072
02Jan2021 17:00:00;4,5655819
02Jan2021 18:00:00;0,0179520
02Jan2021 19:00:00;0,0040810
02Jan2021 20:00:00;0,0040020
02Jan2021 21:00:00;0,0039210
02Jan2021 22:00:00;0,0039210
02Jan2021 23:00:00;0,0039210
03Jan2021 0:00:00;0,0038420
03Jan2021 1:00:00;0,0039200
03Jan2021 2:00:00;0,0038420
03Jan2021 3:00:00;0,0038400
03Jan2021 4:00:00;0,0038410
03Jan2021 5:00:00;0,0484410
03Jan2021 6:00:00;0,3095860
03Jan2021 7:00:00;6,3154471
03Jan2021 8:00:00;43,4800073
03Jan2021 9:00:00;131,3837991
03Jan2021 10:00:00;218,2189032
03Jan2021 11:00:00;264,4151330
03Jan2021 12:00:00;270,2009195
03Jan2021 13:00:00;238,7955101
03Jan2021 14:00:00;175,8605072
03Jan2021 15:00:00;90,2757748
03Jan2021 16:00:00;29,5210261
03Jan2021 17:00:00;1,6386295
03Jan2021 18:00:00;0,1371440
03Jan2021 19:00:00;0,0040010
03Jan2021 20:00:00;0,0040920
03Jan2021 21:00:00;0,0040810
03Jan2021 22:00:00;0,0039210
03Jan2021 23:00:00;0,0040100
04Jan2021 0:00:00;0,0039220
04Jan2021 1:00:00;0,0038400
04Jan2021 2:00:00;0,0039200
04Jan2021 3:00:00;0,0038420
04Jan2021 4:00:00;0,0028000
04Jan2021 5:00:00;0,0395700
04Jan2021 6:00:00;0,2893540
04Jan2021 7:00:00;5,6060918
04Jan2021 8:00:00;41,7922045
04Jan2021 9:00:00;126,2185052
04Jan2021 10:00:00;218,5303973
04Jan2021 11:00:00;267,0381234
04Jan2021 12:00:00;290,3215555
04Jan2021 13:00:00;261,9566681
04Jan2021 14:00:00;208,0492681
04Jan2021 15:00:00;138,1617712
04Jan2021 16:00:00;46,2284089
04Jan2021 17:00:00;3,5615135
04Jan2021 18:00:00;0,0039990
04Jan2021 19:00:00;0,0016830
04Jan2021 20:00:00;0,0009610
04Jan2021 21:00:00;0,0006430
04Jan2021 22:00:00;0,0007210
04Jan2021 23:00:00;0,0008000
05Jan2021 0:00:00;0,0008820
05Jan2021 1:00:00;0,0015210
05Jan2021 2:00:00;0,0008000
05Jan2021 3:00:00;0,0004020
05Jan2021 4:00:00;0,0000800
05Jan2021 5:00:00;0,0017210
05Jan2021 6:00:00;0,0679020
05Jan2021 7:00:00;1,6205339
05Jan2021 8:00:00;15,3527068
05Jan2021 9:00:00;46,4134042
05Jan2021 10:00:00;77,6757408
05Jan2021 11:00:00;90,2125219
05Jan2021 12:00:00;70,0278395
05Jan2021 13:00:00;43,5708582
05Jan2021 14:00:00;22,7733597
05Jan2021 15:00:00;12,5321926
05Jan2021 16:00:00;5,4985577
05Jan2021 17:00:00;0,4781237
05Jan2021 18:00:00;0,0032530
05Jan2021 19:00:00;0,0019230
05Jan2021 20:00:00;0,0008010
05Jan2021 21:00:00;0,0009620
05Jan2021 22:00:00;0,0010430
05Jan2021 23:00:00;0,0010420
06Jan2021 0:00:00;0,0015200
06Jan2021 1:00:00;0,0013630
06Jan2021 2:00:00;0,0009600
06Jan2021 3:00:00;0,0008000
06Jan2021 4:00:00;0,0001620
06Jan2021 5:00:00;0,0294830
06Jan2021 6:00:00;0,1817700
06Jan2021 7:00:00;2,6070243
06Jan2021 8:00:00;21,4920816
06Jan2021 9:00:00;63,9037778
06Jan2021 10:00:00;99,3592248
06Jan2021 11:00:00;124,9673098
06Jan2021 12:00:00;140,1020369
06Jan2021 13:00:00;131,7721959
06Jan2021 14:00:00;91,7568230
06Jan2021 15:00:00;53,9999271
06Jan2021 16:00:00;22,6791123
06Jan2021 17:00:00;1,9326369
06Jan2021 18:00:00;0,0064190
06Jan2021 19:00:00;0,0020040
06Jan2021 20:00:00;0,0008030
06Jan2021 21:00:00;0,0008030
06Jan2021 22:00:00;0,0005630
06Jan2021 23:00:00;0,0005610
07Jan2021 0:00:00;0,0008010
07Jan2021 1:00:00;0,0013600
07Jan2021 2:00:00;0,0005620
07Jan2021 3:00:00;0,0004800
07Jan2021 4:00:00;0,0005600
07Jan2021 5:00:00;0,0621040
07Jan2021 6:00:00;0,3395280
07Jan2021 7:00:00;1,9183360
07Jan2021 8:00:00;13,4865449
07Jan2021 9:00:00;44,3110873
07Jan2021 10:00:00;81,9591653
07Jan2021 11:00:00;113,3185683
07Jan2021 12:00:00;142,9264713
07Jan2021 13:00:00;163,0998363
07Jan2021 14:00:00;142,6322224
07Jan2021 15:00:00;86,3090034
07Jan2021 16:00:00;33,2701433
07Jan2021 17:00:00;2,5462246
07Jan2021 18:00:00;0,0096530
07Jan2021 19:00:00;0,0018420
07Jan2021 20:00:00;0,0007200
07Jan2021 21:00:00;0,0007220
07Jan2021 22:00:00;0,0007210
07Jan2021 23:00:00;0,0007230
08Jan2021 0:00:00;0,0009620
08Jan2021 1:00:00;0,0019200
08Jan2021 2:00:00;0,0008020
08Jan2021 3:00:00;0,0008010
08Jan2021 4:00:00;0,0005600
08Jan2021 5:00:00;0,0005610
08Jan2021 6:00:00;0,0423220
08Jan2021 7:00:00;0,5605371
08Jan2021 8:00:00;7,6617537
08Jan2021 9:00:00;33,0289275
08Jan2021 10:00:00;76,7317365
08Jan2021 11:00:00;141,0645605
08Jan2021 12:00:00;198,0188955
08Jan2021 13:00:00;236,4681165
08Jan2021 14:00:00;207,7962265
08Jan2021 15:00:00;132,9133765
08Jan2021 16:00:00;49,2485026
08Jan2021 17:00:00;4,6638863
08Jan2021 18:00:00;0,0150050
08Jan2021 19:00:00;0,0020800
08Jan2021 20:00:00;0,0008000
08Jan2021 21:00:00;0,0007200
08Jan2021 22:00:00;0,0007200
08Jan2021 23:00:00;0,0007200
09Jan2021 0:00:00;0,0011210
09Jan2021 1:00:00;0,0016000
09Jan2021 2:00:00;0,0009600
09Jan2021 3:00:00;0,0008810
09Jan2021 4:00:00;0,0009600
09Jan2021 5:00:00;0,0352960
09Jan2021 6:00:00;0,1601300
09Jan2021 7:00:00;2,1895120
09Jan2021 8:00:00;18,7480110
09Jan2021 9:00:00;66,8595366
09Jan2021 10:00:00;121,5174446
09Jan2021 11:00:00;185,1545096
09Jan2021 12:00:00;233,2195826
09Jan2021 13:00:00;239,5824947
09Jan2021 14:00:00;185,2942287
09Jan2021 15:00:00;94,4344128
09Jan2021 16:00:00;28,3453112
09Jan2021 17:00:00;1,5051124
09Jan2021 18:00:00;0,0457480
09Jan2021 19:00:00;0,0040820
09Jan2021 20:00:00;0,0040020
09Jan2021 21:00:00;0,0039220
09Jan2021 22:00:00;0,0039220
09Jan2021 23:00:00;0,0039210
10Jan2021 0:00:00;0,0039220
10Jan2021 1:00:00;0,0039210
10Jan2021 2:00:00;0,0039220
10Jan2021 3:00:00;0,0039210
10Jan2021 4:00:00;0,0038420
10Jan2021 5:00:00;0,0158150
10Jan2021 6:00:00;0,2762880
10Jan2021 7:00:00;2,5000150
10Jan2021 8:00:00;12,7233789
10Jan2021 9:00:00;37,2483898
10Jan2021 10:00:00;78,5039158
10Jan2021 11:00:00;123,5149999
10Jan2021 12:00:00;137,1360439
10Jan2021 13:00:00;115,5944889
10Jan2021 14:00:00;74,6184420
10Jan2021 15:00:00;29,9795112
10Jan2021 16:00:00;7,7150579
10Jan2021 17:00:00;0,5006671
10Jan2021 18:00:00;0,0041630
10Jan2021 19:00:00;0,0040830
10Jan2021 20:00:00;0,0040810
10Jan2021 21:00:00;0,0040810
10Jan2021 22:00:00;0,0040020
10Jan2021 23:00:00;0,0039210
11Jan2021 0:00:00;0,0039210
11Jan2021 1:00:00;0,0039210
11Jan2021 2:00:00;0,0039210
11Jan2021 3:00:00;0,0040010
11Jan2021 4:00:00;0,0021620
11Jan2021 5:00:00;0,0378660
11Jan2021 6:00:00;0,1507940
11Jan2021 7:00:00;2,0046788
11Jan2021 8:00:00;14,6739939
11Jan2021 9:00:00;46,8324969
11Jan2021 10:00:00;68,7960639
11Jan2021 11:00:00;74,9585930
11Jan2021 12:00:00;66,2109049
11Jan2021 13:00:00;60,5762066
11Jan2021 14:00:00;53,4869661
11Jan2021 15:00:00;45,2448006
11Jan2021 16:00:00;22,0309025
11Jan2021 17:00:00;2,2448136
11Jan2021 18:00:00;0,0073550
11Jan2021 19:00:00;0,0013610
11Jan2021 20:00:00;0,0012010
11Jan2021 21:00:00;0,0011210
11Jan2021 22:00:00;0,0012010
11Jan2021 23:00:00;0,0011220
12Jan2021 0:00:00;0,0011200
12Jan2021 1:00:00;0,0024010
12Jan2021 2:00:00;0,0008810
12Jan2021 3:00:00;0,0007210
12Jan2021 4:00:00;0,0006410
12Jan2021 5:00:00;0,0125560
12Jan2021 6:00:00;0,3408130
12Jan2021 7:00:00;2,1403009
12Jan2021 8:00:00;20,2953598
12Jan2021 9:00:00;66,2539542
12Jan2021 10:00:00;101,7108604
12Jan2021 11:00:00;122,9026693
12Jan2021 12:00:00;138,1452283
12Jan2021 13:00:00;127,2807569
12Jan2021 14:00:00;98,8772860
12Jan2021 15:00:00;61,4518362
12Jan2021 16:00:00;20,5428327
12Jan2021 17:00:00;1,2790455
12Jan2021 18:00:00;0,0032720
12Jan2021 19:00:00;0,0016820
12Jan2021 20:00:00;0,0012420
12Jan2021 21:00:00;0,0024620
12Jan2021 22:00:00;0,0011220
12Jan2021 23:00:00;0,0010420
13Jan2021 0:00:00;0,0016020
13Jan2021 1:00:00;0,0020800
13Jan2021 2:00:00;0,0008800
13Jan2021 3:00:00;0,0012810
13Jan2021 4:00:00;0,0009210
13Jan2021 5:00:00;0,0010800
13Jan2021 6:00:00;0,0114710
13Jan2021 7:00:00;0,3475003
13Jan2021 8:00:00;1,3846402
13Jan2021 9:00:00;3,7317346
13Jan2021 10:00:00;4,8138528
13Jan2021 11:00:00;5,6831098
13Jan2021 12:00:00;7,8563365
13Jan2021 13:00:00;12,8912061
13Jan2021 14:00:00;20,7963177
13Jan2021 15:00:00;23,2742787
13Jan2021 16:00:00;13,0232459
13Jan2021 17:00:00;2,7405008
13Jan2021 18:00:00;0,1411510
13Jan2021 19:00:00;0,0017620
13Jan2021 20:00:00;0,0006420
13Jan2021 21:00:00;0,0006420
13Jan2021 22:00:00;0,0024820
13Jan2021 23:00:00;0,0024030
14Jan2021 0:00:00;0,0024820
14Jan2021 1:00:00;0,0041200
14Jan2021 2:00:00;0,0026800
14Jan2021 3:00:00;0,0026820
14Jan2021 4:00:00;0,0027630
14Jan2021 5:00:00;0,0024010
14Jan2021 6:00:00;0,0679020
14Jan2021 7:00:00;0,5864480
14Jan2021 8:00:00;5,9998921
14Jan2021 9:00:00;23,1461403
14Jan2021 10:00:00;42,3318793
14Jan2021 11:00:00;63,0568643
14Jan2021 12:00:00;80,8200063
14Jan2021 13:00:00;85,9772903
14Jan2021 14:00:00;80,5781594
14Jan2021 15:00:00;53,4319044
14Jan2021 16:00:00;26,8034815
14Jan2021 17:00:00;3,4185696
14Jan2021 18:00:00;0,0098190
14Jan2021 19:00:00;0,0014430
14Jan2021 20:00:00;0,0007220
14Jan2021 21:00:00;0,0008020
14Jan2021 22:00:00;0,0017620
14Jan2021 23:00:00;0,0026410
15Jan2021 0:00:00;0,0027210
15Jan2021 1:00:00;0,0032820
15Jan2021 2:00:00;0,0024010
15Jan2021 3:00:00;0,0024810
15Jan2021 4:00:00;0,0021620
15Jan2021 5:00:00;0,0053880
15Jan2021 6:00:00;0,0815870
15Jan2021 7:00:00;0,3989020
15Jan2021 8:00:00;2,8065485
15Jan2021 9:00:00;8,4250635
15Jan2021 10:00:00;18,1406225
15Jan2021 11:00:00;28,8769795
15Jan2021 12:00:00;34,6695595
15Jan2021 13:00:00;35,8806815
15Jan2021 14:00:00;33,7127205
15Jan2021 15:00:00;32,0849705
15Jan2021 16:00:00;18,8476279
15Jan2021 17:00:00;3,3724076
15Jan2021 18:00:00;0,0311430
15Jan2021 19:00:00;0,0015230
15Jan2021 20:00:00;0,0004810
15Jan2021 21:00:00;0,0004810
15Jan2021 22:00:00;0,0006440
15Jan2021 23:00:00;0,0006430
16Jan2021 0:00:00;0,0007220
16Jan2021 1:00:00;0,0013630
16Jan2021 2:00:00;0,0006400
16Jan2021 3:00:00;0,0006410
16Jan2021 4:00:00;0,0004810
16Jan2021 5:00:00;0,0007220
16Jan2021 6:00:00;0,0131030
16Jan2021 7:00:00;0,8610681
16Jan2021 8:00:00;6,9191095
16Jan2021 9:00:00;22,9307678
16Jan2021 10:00:00;48,4898588
16Jan2021 11:00:00;78,1798659
16Jan2021 12:00:00;92,3159869
16Jan2021 13:00:00;89,4564709
16Jan2021 14:00:00;67,3875390
16Jan2021 15:00:00;39,4460431
16Jan2021 16:00:00;15,6570193
16Jan2021 17:00:00;2,5908718
16Jan2021 18:00:00;0,0162950
16Jan2021 19:00:00;0,0039300
16Jan2021 20:00:00;0,0039250
16Jan2021 21:00:00;0,0038430
16Jan2021 22:00:00;0,0038510
16Jan2021 23:00:00;0,0038410
17Jan2021 0:00:00;0,0037620
17Jan2021 1:00:00;0,0038500
17Jan2021 2:00:00;0,0038430
17Jan2021 3:00:00;0,0038430
17Jan2021 4:00:00;0,0038490
17Jan2021 5:00:00;0,0038400
17Jan2021 6:00:00;0,0037610
17Jan2021 7:00:00;0,3549891
17Jan2021 8:00:00;5,4124855
17Jan2021 9:00:00;22,9990366
17Jan2021 10:00:00;55,2075628
17Jan2021 11:00:00;96,3157889
17Jan2021 12:00:00;130,3507159
17Jan2021 13:00:00;130,1574029
17Jan2021 14:00:00;108,7005450
17Jan2021 15:00:00;71,3714522
17Jan2021 16:00:00;24,8025854
17Jan2021 17:00:00;3,4985637
17Jan2021 18:00:00;0,0185440
17Jan2021 19:00:00;0,0040040
17Jan2021 20:00:00;0,0040030
17Jan2021 21:00:00;0,0040100
17Jan2021 22:00:00;0,0039210
17Jan2021 23:00:00;0,0039220
18Jan2021 0:00:00;0,0037690
18Jan2021 1:00:00;0,0038410
18Jan2021 2:00:00;0,0038420
18Jan2021 3:00:00;0,0037700
18Jan2021 4:00:00;0,0026410
18Jan2021 5:00:00;0,0000010
18Jan2021 6:00:00;0,0291740
18Jan2021 7:00:00;1,1580750
18Jan2021 8:00:00;9,5581290
18Jan2021 9:00:00;35,6217269
18Jan2021 10:00:00;68,1265829
18Jan2021 11:00:00;88,6382179
18Jan2021 12:00:00;116,1895549
18Jan2021 13:00:00;137,9955739
18Jan2021 14:00:00;150,8165780
18Jan2021 15:00:00;123,7647941
18Jan2021 16:00:00;61,6997043
18Jan2021 17:00:00;9,8621542
18Jan2021 18:00:00;0,0651490
18Jan2021 19:00:00;0,0013650
18Jan2021 20:00:00;0,0006400
18Jan2021 21:00:00;0,0006500
18Jan2021 22:00:00;0,0008810
18Jan2021 23:00:00;0,0005630
19Jan2021 0:00:00;0,0007300
19Jan2021 1:00:00;0,0014410
19Jan2021 2:00:00;0,0004890
19Jan2021 3:00:00;0,0002420
19Jan2021 4:00:00;0,0000810
19Jan2021 5:00:00;0,0205280
19Jan2021 6:00:00;0,1778780
19Jan2021 7:00:00;5,2873619
19Jan2021 8:00:00;40,0103357
19Jan2021 9:00:00;118,1966318
19Jan2021 10:00:00;194,2197599
19Jan2021 11:00:00;241,9891629
19Jan2021 12:00:00;263,4603109
19Jan2021 13:00:00;263,0897009
19Jan2021 14:00:00;232,5755248
19Jan2021 15:00:00;166,9863722
19Jan2021 16:00:00;74,7842993
19Jan2021 17:00:00;12,3848492
19Jan2021 18:00:00;0,0911280
19Jan2021 19:00:00;0,0060200
19Jan2021 20:00:00;0,0003220
19Jan2021 21:00:00;0,0003210
19Jan2021 22:00:00;0,0024020
19Jan2021 23:00:00;0,0031270
20Jan2021 0:00:00;0,0029610
20Jan2021 1:00:00;0,0041620
20Jan2021 2:00:00;0,0028090
20Jan2021 3:00:00;0,0027200
20Jan2021 4:00:00;0,0026410
20Jan2021 5:00:00;0,0747620
20Jan2021 6:00:00;0,4047660
20Jan2021 7:00:00;7,6377893
20Jan2021 8:00:00;40,5555152
20Jan2021 9:00:00;123,4284208
20Jan2021 10:00:00;211,1858288
20Jan2021 11:00:00;265,2782348
20Jan2021 12:00:00;280,3639689
20Jan2021 13:00:00;270,7065019
20Jan2021 14:00:00;239,8177060
20Jan2021 15:00:00;171,7310151
20Jan2021 16:00:00;74,8688923
20Jan2021 17:00:00;11,3110679
20Jan2021 18:00:00;0,0926300
20Jan2021 19:00:00;0,0012100
20Jan2021 20:00:00;0,0001630
20Jan2021 21:00:00;0,0003200
20Jan2021 22:00:00;0,0001700
20Jan2021 23:00:00;0,0000810
21Jan2021 0:00:00;0,0001610
21Jan2021 1:00:00;0,0007310
21Jan2021 2:00:00;0,0001630
21Jan2021 3:00:00;0,0001710
21Jan2021 4:00:00;0,0000020
21Jan2021 5:00:00;0,0205360
21Jan2021 6:00:00;0,0899370
21Jan2021 7:00:00;1,3323150
21Jan2021 8:00:00;12,1736789
21Jan2021 9:00:00;38,7520822
21Jan2021 10:00:00;82,5269796
21Jan2021 11:00:00;130,6052548
21Jan2021 12:00:00;164,7134346
21Jan2021 13:00:00;173,9215348
21Jan2021 14:00:00;145,8896924
21Jan2021 15:00:00;106,2714204
21Jan2021 16:00:00;49,2654255
21Jan2021 17:00:00;9,6680266
21Jan2021 18:00:00;0,0480450
21Jan2021 19:00:00;0,0006430
21Jan2021 20:00:00;0,0007220
21Jan2021 21:00:00;0,0006430
21Jan2021 22:00:00;0,0007220
21Jan2021 23:00:00;0,0005640
22Jan2021 0:00:00;0,0007240
22Jan2021 1:00:00;0,0016020
22Jan2021 2:00:00;0,0004820
22Jan2021 3:00:00;0,0003220
22Jan2021 4:00:00;0,0000010
22Jan2021 5:00:00;0,0170360
22Jan2021 6:00:00;0,3490480
22Jan2021 7:00:00;6,8313051
22Jan2021 8:00:00;46,7855785
22Jan2021 9:00:00;123,7235995
22Jan2021 10:00:00;198,2974475
22Jan2021 11:00:00;257,6310695
22Jan2021 12:00:00;289,0578135
22Jan2021 13:00:00;294,6580392
22Jan2021 14:00:00;261,7905908
22Jan2021 15:00:00;182,0912585
22Jan2021 16:00:00;84,3610326
22Jan2021 17:00:00;14,0333913
22Jan2021 18:00:00;0,0864300
22Jan2021 19:00:00;0,0007210
22Jan2021 20:00:00;0,0004830
22Jan2021 21:00:00;0,0008050
22Jan2021 22:00:00;0,0007230
22Jan2021 23:00:00;0,0008020
23Jan2021 0:00:00;0,0009640
23Jan2021 1:00:00;0,0017630
23Jan2021 2:00:00;0,0007220
23Jan2021 3:00:00;0,0006420
23Jan2021 4:00:00;0,0007210
23Jan2021 5:00:00;0,0862650
23Jan2021 6:00:00;0,4316360
23Jan2021 7:00:00;9,0822251
23Jan2021 8:00:00;56,7514999
23Jan2021 9:00:00;159,5384158
23Jan2021 10:00:00;254,8682278
23Jan2021 11:00:00;326,6706139
23Jan2021 12:00:00;350,3669779
23Jan2021 13:00:00;346,7102869
23Jan2021 14:00:00;309,8173560
23Jan2021 15:00:00;224,7533361
23Jan2021 16:00:00;103,6496543
23Jan2021 17:00:00;15,5883653
23Jan2021 18:00:00;0,1599730
23Jan2021 19:00:00;0,0039230
23Jan2021 20:00:00;0,0038430
23Jan2021 21:00:00;0,0039230
23Jan2021 22:00:00;0,0038430
23Jan2021 23:00:00;0,0037620
24Jan2021 0:00:00;0,0038430
24Jan2021 1:00:00;0,0038430
24Jan2021 2:00:00;0,0037620
24Jan2021 3:00:00;0,0038420
24Jan2021 4:00:00;0,0037620
24Jan2021 5:00:00;0,0070490
24Jan2021 6:00:00;0,1522080
24Jan2021 7:00:00;5,3909421
24Jan2021 8:00:00;41,7171629
24Jan2021 9:00:00;122,1188148
24Jan2021 10:00:00;194,0781528
24Jan2021 11:00:00;219,4073589
24Jan2021 12:00:00;216,0144889
24Jan2021 13:00:00;164,7513829
24Jan2021 14:00:00;114,1442630
24Jan2021 15:00:00;75,1628922
24Jan2021 16:00:00;35,0243203
24Jan2021 17:00:00;6,8689822
24Jan2021 18:00:00;0,0274680
24Jan2021 19:00:00;0,0040040
24Jan2021 20:00:00;0,0040100
24Jan2021 21:00:00;0,0040010
24Jan2021 22:00:00;0,0039220
24Jan2021 23:00:00;0,0039300
25Jan2021 0:00:00;0,0038430
25Jan2021 1:00:00;0,0037720
25Jan2021 2:00:00;0,0038430
25Jan2021 3:00:00;0,0038430
25Jan2021 4:00:00;0,0178920
25Jan2021 5:00:00;0,0452060
25Jan2021 6:00:00;0,1149870
25Jan2021 7:00:00;2,8727188
25Jan2021 8:00:00;16,2977169
25Jan2021 9:00:00;44,7035298
25Jan2021 10:00:00;70,9779987
25Jan2021 11:00:00;74,2485593
25Jan2021 12:00:00;75,5073859
25Jan2021 13:00:00;68,9458559
25Jan2021 14:00:00;50,3776620
25Jan2021 15:00:00;27,7923831
25Jan2021 16:00:00;9,8182366
25Jan2021 17:00:00;1,2897480
25Jan2021 18:00:00;0,0039690
25Jan2021 19:00:00;0,0017600
25Jan2021 20:00:00;0,0008800
25Jan2021 21:00:00;0,0008880
25Jan2021 22:00:00;0,0008800
25Jan2021 23:00:00;0,0008810
26Jan2021 0:00:00;0,0009680
26Jan2021 1:00:00;0,0021600
26Jan2021 2:00:00;0,0008800
26Jan2021 3:00:00;0,0008800
26Jan2021 4:00:00;0,0000800
26Jan2021 5:00:00;0,0050880
26Jan2021 6:00:00;0,1119050
26Jan2021 7:00:00;1,4242490
26Jan2021 8:00:00;11,2508109
26Jan2021 9:00:00;41,6633178
26Jan2021 10:00:00;87,3295199
26Jan2021 11:00:00;119,7099079
26Jan2021 12:00:00;116,7298209
26Jan2021 13:00:00;84,3732909
26Jan2021 14:00:00;58,9732960
26Jan2021 15:00:00;44,9679492
26Jan2021 16:00:00;22,3059510
26Jan2021 17:00:00;3,3273845
26Jan2021 18:00:00;0,0161010
26Jan2021 19:00:00;0,0020000
26Jan2021 20:00:00;0,0012080
26Jan2021 21:00:00;0,0011210
26Jan2021 22:00:00;0,0011200
26Jan2021 23:00:00;0,0011280
27Jan2021 0:00:00;0,0016000
27Jan2021 1:00:00;0,0020800
27Jan2021 2:00:00;0,0010480
27Jan2021 3:00:00;0,0009610
27Jan2021 4:00:00;0,0006400
27Jan2021 5:00:00;0,0008000
27Jan2021 6:00:00;0,0177270
27Jan2021 7:00:00;0,7003220
27Jan2021 8:00:00;7,6758714
27Jan2021 9:00:00;41,0137048
27Jan2021 10:00:00;84,9172938
27Jan2021 11:00:00;96,2104388
27Jan2021 12:00:00;78,7026159
27Jan2021 13:00:00;55,6349509
27Jan2021 14:00:00;27,3162240
27Jan2021 15:00:00;17,9517732
27Jan2021 16:00:00;10,3091501
27Jan2021 17:00:00;1,6694872
27Jan2021 18:00:00;0,3538710
27Jan2021 19:00:00;0,0542090
27Jan2021 20:00:00;0,0016000
27Jan2021 21:00:00;0,0015200
27Jan2021 22:00:00;0,0016810
27Jan2021 23:00:00;0,0016800
28Jan2021 0:00:00;0,0019200
28Jan2021 1:00:00;0,0023210
28Jan2021 2:00:00;0,0018400
28Jan2021 3:00:00;0,0014400
28Jan2021 4:00:00;0,0001600
28Jan2021 5:00:00;0,0050210
28Jan2021 6:00:00;0,0435240
28Jan2021 7:00:00;1,5958410
28Jan2021 8:00:00;9,0408516
28Jan2021 9:00:00;27,2715593
28Jan2021 10:00:00;66,2187823
28Jan2021 11:00:00;101,5355263
28Jan2021 12:00:00;139,8865863
28Jan2021 13:00:00;149,3448193
28Jan2021 14:00:00;140,2115064
28Jan2021 15:00:00;103,0843094
28Jan2021 16:00:00;45,6307880
28Jan2021 17:00:00;8,5408579
28Jan2021 18:00:00;0,0538930
28Jan2021 19:00:00;0,0020800
28Jan2021 20:00:00;0,0007200
28Jan2021 21:00:00;0,0008000
28Jan2021 22:00:00;0,0006410
28Jan2021 23:00:00;0,0008800
29Jan2021 0:00:00;0,0014400
29Jan2021 1:00:00;0,0016010
29Jan2021 2:00:00;0,0008800
29Jan2021 3:00:00;0,0007200
29Jan2021 4:00:00;0,0001610
29Jan2021 5:00:00;0,0299740
29Jan2021 6:00:00;0,1794990
29Jan2021 7:00:00;4,5037321
29Jan2021 8:00:00;38,1951279
29Jan2021 9:00:00;117,6445011
29Jan2021 10:00:00;215,2508891
29Jan2021 11:00:00;283,0475521
29Jan2021 12:00:00;314,2371921
29Jan2021 13:00:00;315,3437761
29Jan2021 14:00:00;292,5480472
29Jan2021 15:00:00;232,1656412
29Jan2021 16:00:00;126,7968375
29Jan2021 17:00:00;28,0926261
29Jan2021 18:00:00;0,2315510
29Jan2021 19:00:00;0,0018480
29Jan2021 20:00:00;0,0006400
29Jan2021 21:00:00;0,0009600
29Jan2021 22:00:00;0,0010480
29Jan2021 23:00:00;0,0012010
30Jan2021 0:00:00;0,0013600
30Jan2021 1:00:00;0,0020080
30Jan2021 2:00:00;0,0008810
30Jan2021 3:00:00;0,0008800
30Jan2021 4:00:00;0,0010400
30Jan2021 5:00:00;0,0765060
30Jan2021 6:00:00;0,4403900
30Jan2021 7:00:00;6,0219131
30Jan2021 8:00:00;31,6093605
30Jan2021 9:00:00;82,8059225
30Jan2021 10:00:00;116,7864685
30Jan2021 11:00:00;115,2286575
30Jan2021 12:00:00;99,0553955
30Jan2021 13:00:00;77,7802136
30Jan2021 14:00:00;47,2703875
30Jan2021 15:00:00;23,9754306
30Jan2021 16:00:00;9,0014223
30Jan2021 17:00:00;1,0423628
30Jan2021 18:00:00;0,1073100
30Jan2021 19:00:00;0,0039230
30Jan2021 20:00:00;0,0038440
30Jan2021 21:00:00;0,0039230
30Jan2021 22:00:00;0,0037620
30Jan2021 23:00:00;0,0038420
31Jan2021 0:00:00;0,0038430
31Jan2021 1:00:00;0,0038410
31Jan2021 2:00:00;0,0038410
31Jan2021 3:00:00;0,0037620
31Jan2021 4:00:00;0,0038410
31Jan2021 5:00:00;0,1080040
31Jan2021 6:00:00;0,2326570
31Jan2021 7:00:00;3,9116231
31Jan2021 8:00:00;20,3475639
31Jan2021 9:00:00;58,2683008
31Jan2021 10:00:00;94,2208958
31Jan2021 11:00:00;141,5333559
31Jan2021 12:00:00;170,5342994
31Jan2021 13:00:00;186,9708604
31Jan2021 14:00:00;164,2330605
31Jan2021 15:00:00;127,9745866
31Jan2021 16:00:00;73,9953861
31Jan2021 17:00:00;21,1486150
31Jan2021 18:00:00;0,1393268
31Jan2021 19:00:00;0,0228570
31Jan2021 20:00:00;0,0040010
31Jan2021 21:00:00;0,0040010
31Jan2021 22:00:00;0,0038410
31Jan2021 23:00:00;0,0000020
01Feb2021 0:00:00;0,0018430
01Feb2021 1:00:00;0,0029610
01Feb2021 2:00:00;0,0027420
01Feb2021 3:00:00;0,0012820
01Feb2021 4:00:00;0,0000000
01Feb2021 5:00:00;0,0001610
01Feb2021 6:00:00;0,0082400
01Feb2021 7:00:00;6,3451378
01Feb2021 8:00:00;36,4625541
01Feb2021 9:00:00;92,2794120
01Feb2021 10:00:00;161,1264149
01Feb2021 11:00:00;222,9676949
01Feb2021 12:00:00;282,3705389
01Feb2021 13:00:00;319,0027285
01Feb2021 14:00:00;299,6581025
01Feb2021 15:00:00;219,6177026
01Feb2021 16:00:00;115,6360396
01Feb2021 17:00:00;24,5656773
01Feb2021 18:00:00;0,1366800
01Feb2021 19:00:00;0,0022430
01Feb2021 20:00:00;0,0013710
01Feb2021 21:00:00;0,0011250
01Feb2021 22:00:00;0,0012040
01Feb2021 23:00:00;0,0011310
02Feb2021 0:00:00;0,0016020
02Feb2021 1:00:00;0,0027250
02Feb2021 2:00:00;0,0010520
02Feb2021 3:00:00;0,0006440
02Feb2021 4:00:00;0,0000850
02Feb2021 5:00:00;0,0005720
02Feb2021 6:00:00;0,0039340
02Feb2021 7:00:00;10,4282315
02Feb2021 8:00:00;71,6555955
02Feb2021 9:00:00;187,4576789
02Feb2021 10:00:00;287,6610554
02Feb2021 11:00:00;340,2101760
02Feb2021 12:00:00;331,4656366
02Feb2021 13:00:00;289,1598033
02Feb2021 14:00:00;228,2281985
02Feb2021 15:00:00;149,2276289
02Feb2021 16:00:00;71,4286263
02Feb2021 17:00:00;15,1282782
02Feb2021 18:00:00;0,0813490
02Feb2021 19:00:00;0,0047290
02Feb2021 20:00:00;0,0047240
02Feb2021 21:00:00;0,0046430
02Feb2021 22:00:00;0,0045720
02Feb2021 23:00:00;0,0044850
03Feb2021 0:00:00;0,0016920
03Feb2021 1:00:00;0,0028840
03Feb2021 2:00:00;0,0009640
03Feb2021 3:00:00;0,0009710
03Feb2021 4:00:00;0,0000030
03Feb2021 5:00:00;0,0001640
03Feb2021 6:00:00;0,0008450
03Feb2021 7:00:00;5,3878924
03Feb2021 8:00:00;43,9480965
03Feb2021 9:00:00;131,6216804
03Feb2021 10:00:00;234,5259040
03Feb2021 11:00:00;308,0402316
03Feb2021 12:00:00;349,3533667
03Feb2021 13:00:00;337,8518878
03Feb2021 14:00:00;290,0033206
03Feb2021 15:00:00;207,3940624
03Feb2021 16:00:00;101,3213544
03Feb2021 17:00:00;23,3289961
03Feb2021 18:00:00;0,1015140
03Feb2021 19:00:00;0,0025640
03Feb2021 20:00:00;0,0019250
03Feb2021 21:00:00;0,0019240
03Feb2021 22:00:00;0,0013710
03Feb2021 23:00:00;0,0013640
04Feb2021 0:00:00;0,0044830
04Feb2021 1:00:00;0,0044900
04Feb2021 2:00:00;0,0044850
04Feb2021 3:00:00;0,0044820
04Feb2021 4:00:00;0,0044110
04Feb2021 5:00:00;0,0008020
04Feb2021 6:00:00;0,0077050
04Feb2021 7:00:00;12,0127935
04Feb2021 8:00:00;71,6500547
04Feb2021 9:00:00;185,3092760
04Feb2021 10:00:00;285,9535070
04Feb2021 11:00:00;351,8640061
04Feb2021 12:00:00;380,9682797
04Feb2021 13:00:00;365,9175778
04Feb2021 14:00:00;332,4428010
04Feb2021 15:00:00;255,6079054
04Feb2021 16:00:00;141,0058038
04Feb2021 17:00:00;37,3307251
04Feb2021 18:00:00;0,3484950
04Feb2021 19:00:00;0,0023320
04Feb2021 20:00:00;0,0015240
04Feb2021 21:00:00;0,0014460
04Feb2021 22:00:00;0,0015320
04Feb2021 23:00:00;0,0012820
05Feb2021 0:00:00;0,0016850
05Feb2021 1:00:00;0,0029730
05Feb2021 2:00:00;0,0009640
05Feb2021 3:00:00;0,0009720
05Feb2021 4:00:00;0,0000040
05Feb2021 5:00:00;0,0001630
05Feb2021 6:00:00;0,0292390
05Feb2021 7:00:00;11,1243475
05Feb2021 8:00:00;70,7177696
05Feb2021 9:00:00;193,2469550
05Feb2021 10:00:00;287,8668670
05Feb2021 11:00:00;338,7575846
05Feb2021 12:00:00;351,8139117
05Feb2021 13:00:00;355,6359853
05Feb2021 14:00:00;335,6213771
05Feb2021 15:00:00;264,3677900
05Feb2021 16:00:00;151,9880049
05Feb2021 17:00:00;42,0157391
05Feb2021 18:00:00;0,4542970
05Feb2021 19:00:00;0,0025710
05Feb2021 20:00:00;0,0019210
05Feb2021 21:00:00;0,0019210
05Feb2021 22:00:00;0,0013650
05Feb2021 23:00:00;0,0013630
06Feb2021 0:00:00;0,0044850
06Feb2021 1:00:00;0,0044930
06Feb2021 2:00:00;0,0045640
06Feb2021 3:00:00;0,0044830
06Feb2021 4:00:00;0,0044110
06Feb2021 5:00:00;0,0008030
06Feb2021 6:00:00;0,0366310
06Feb2021 7:00:00;15,0842554
06Feb2021 8:00:00;84,2339240
06Feb2021 9:00:00;208,3536063
06Feb2021 10:00:00;313,0310164
06Feb2021 11:00:00;372,1345730
06Feb2021 12:00:00;396,3026366
06Feb2021 13:00:00;386,5346557
06Feb2021 14:00:00;344,7780870
06Feb2021 15:00:00;269,6555564
06Feb2021 16:00:00;154,1806768
06Feb2021 17:00:00;42,5267406
06Feb2021 18:00:00;0,5537480
06Feb2021 19:00:00;0,0036600
06Feb2021 20:00:00;0,0015250
06Feb2021 21:00:00;0,0015220
06Feb2021 22:00:00;0,0015230
06Feb2021 23:00:00;0,0012820
07Feb2021 0:00:00;0,0016820
07Feb2021 1:00:00;0,0027230
07Feb2021 2:00:00;0,0012020
07Feb2021 3:00:00;0,0011220
07Feb2021 4:00:00;0,0000030
07Feb2021 5:00:00;0,0000810
07Feb2021 6:00:00;0,0463350
07Feb2021 7:00:00;10,2550651
07Feb2021 8:00:00;57,0349389
07Feb2021 9:00:00;165,6474862
07Feb2021 10:00:00;293,7230793
07Feb2021 11:00:00;366,3180883
07Feb2021 12:00:00;365,9916084
07Feb2021 13:00:00;339,6611380
07Feb2021 14:00:00;269,6002987
07Feb2021 15:00:00;186,9992663
07Feb2021 16:00:00;114,0308474
07Feb2021 17:00:00;34,0132165
07Feb2021 18:00:00;0,2507000
07Feb2021 19:00:00;0,0063040
07Feb2021 20:00:00;0,0058240
07Feb2021 21:00:00;0,0042040
07Feb2021 22:00:00;0,0043640
07Feb2021 23:00:00;0,0056640
08Feb2021 0:00:00;0,0044440
08Feb2021 1:00:00;0,0068650
08Feb2021 2:00:00;0,0053430
08Feb2021 3:00:00;0,0038820
08Feb2021 4:00:00;0,0055250
08Feb2021 5:00:00;0,0028420
08Feb2021 6:00:00;0,0130120
08Feb2021 7:00:00;4,9094268
08Feb2021 8:00:00;35,0305016
08Feb2021 9:00:00;85,8157910
08Feb2021 10:00:00;131,7723209
08Feb2021 11:00:00;164,4580979
08Feb2021 12:00:00;147,7629764
08Feb2021 13:00:00;100,6950965
08Feb2021 14:00:00;73,0794680
08Feb2021 15:00:00;51,6453816
08Feb2021 16:00:00;31,2022256
08Feb2021 17:00:00;11,5488763
08Feb2021 18:00:00;0,3379000
08Feb2021 19:00:00;0,0049960
08Feb2021 20:00:00;0,0016840
08Feb2021 21:00:00;0,0014430
08Feb2021 22:00:00;0,0015320
08Feb2021 23:00:00;0,0015220
09Feb2021 0:00:00;0,0016830
09Feb2021 1:00:00;0,0027330
09Feb2021 2:00:00;0,0012040
09Feb2021 3:00:00;0,0012040
09Feb2021 4:00:00;0,0000040
09Feb2021 5:00:00;0,0000820
09Feb2021 6:00:00;0,0717020
09Feb2021 7:00:00;13,7632550
09Feb2021 8:00:00;72,6906395
09Feb2021 9:00:00;180,6038729
09Feb2021 10:00:00;252,7806949
09Feb2021 11:00:00;274,2338365
09Feb2021 12:00:00;275,7765061
09Feb2021 13:00:00;269,6650373
09Feb2021 14:00:00;262,4686805
09Feb2021 15:00:00;204,6931909
09Feb2021 16:00:00;113,6618583
09Feb2021 17:00:00;35,4811892
09Feb2021 18:00:00;1,7266590
09Feb2021 19:00:00;0,4730370
09Feb2021 20:00:00;0,0016850
09Feb2021 21:00:00;0,0014430
09Feb2021 22:00:00;0,0015270
09Feb2021 23:00:00;0,0015230
10Feb2021 0:00:00;0,0000030
10Feb2021 1:00:00;0,0000840
10Feb2021 2:00:00;0,0000030
10Feb2021 3:00:00;0,0000030
10Feb2021 4:00:00;0,0000050
10Feb2021 5:00:00;0,0000030
10Feb2021 6:00:00;0,0627860
10Feb2021 7:00:00;4,0690359
10Feb2021 8:00:00;25,9731535
10Feb2021 9:00:00;81,8137029
10Feb2021 10:00:00;160,5796190
10Feb2021 11:00:00;184,7829551
10Feb2021 12:00:00;181,8219357
10Feb2021 13:00:00;205,5870668
10Feb2021 14:00:00;190,5421536
10Feb2021 15:00:00;154,2857574
10Feb2021 16:00:00;101,0463249
10Feb2021 17:00:00;33,5967036
10Feb2021 18:00:00;0,4765540
10Feb2021 19:00:00;0,0012500
10Feb2021 20:00:00;0,0000030
10Feb2021 21:00:00;0,0000050
10Feb2021 22:00:00;0,0000020
10Feb2021 23:00:00;0,0000020
11Feb2021 0:00:00;0,0045620
11Feb2021 1:00:00;0,0044850
11Feb2021 2:00:00;0,0044820
11Feb2021 3:00:00;0,0044840
11Feb2021 4:00:00;0,0044030
11Feb2021 5:00:00;0,0008030
11Feb2021 6:00:00;0,1648570
11Feb2021 7:00:00;18,6307985
11Feb2021 8:00:00;89,7909187
11Feb2021 9:00:00;184,5724930
11Feb2021 10:00:00;263,1717490
11Feb2021 11:00:00;303,4892391
11Feb2021 12:00:00;328,9696832
11Feb2021 13:00:00;321,2264443
11Feb2021 14:00:00;277,9206430
11Feb2021 15:00:00;204,2509809
11Feb2021 16:00:00;93,8989093
11Feb2021 17:00:00;22,1231416
11Feb2021 18:00:00;0,4050240
11Feb2021 19:00:00;0,0023240
11Feb2021 20:00:00;0,0015260
11Feb2021 21:00:00;0,0014460
11Feb2021 22:00:00;0,0016010
11Feb2021 23:00:00;0,0012810
12Feb2021 0:00:00;0,0016040
12Feb2021 1:00:00;0,0027230
12Feb2021 2:00:00;0,0010420
12Feb2021 3:00:00;0,0006440
12Feb2021 4:00:00;0,0000820
12Feb2021 5:00:00;0,0005620
12Feb2021 6:00:00;0,0632640
12Feb2021 7:00:00;6,6063430
12Feb2021 8:00:00;36,4554521
12Feb2021 9:00:00;93,7418810
12Feb2021 10:00:00;142,0111170
12Feb2021 11:00:00;163,3151596
12Feb2021 12:00:00;183,6131242
12Feb2021 13:00:00;186,1902908
12Feb2021 14:00:00;154,6859106
12Feb2021 15:00:00;118,1944280
12Feb2021 16:00:00;64,6546954
12Feb2021 17:00:00;20,3077601
12Feb2021 18:00:00;0,5297070
12Feb2021 19:00:00;0,0047220
12Feb2021 20:00:00;0,0047240
12Feb2021 21:00:00;0,0046440
12Feb2021 22:00:00;0,0044830
12Feb2021 23:00:00;0,0044810
13Feb2021 0:00:00;0,0044810
13Feb2021 1:00:00;0,0044010
13Feb2021 2:00:00;0,0044800
13Feb2021 3:00:00;0,0044010
13Feb2021 4:00:00;0,0044820
13Feb2021 5:00:00;0,0044000
13Feb2021 6:00:00;0,1453050
13Feb2021 7:00:00;18,5684929
13Feb2021 8:00:00;94,8074765
13Feb2021 9:00:00;211,5963498
13Feb2021 10:00:00;290,5146134
13Feb2021 11:00:00;340,2567100
13Feb2021 12:00:00;380,8841641
13Feb2021 13:00:00;381,6366317
13Feb2021 14:00:00;342,6591520
13Feb2021 15:00:00;283,3510339
13Feb2021 16:00:00;166,3217623
13Feb2021 17:00:00;47,7685276
13Feb2021 18:00:00;0,9866400
13Feb2021 19:00:00;0,0050440
13Feb2021 20:00:00;0,0048850
13Feb2021 21:00:00;0,0048040
13Feb2021 22:00:00;0,0048830
13Feb2021 23:00:00;0,0047650
14Feb2021 0:00:00;0,0046850
14Feb2021 1:00:00;0,0045250
14Feb2021 2:00:00;0,0044830
14Feb2021 3:00:00;0,0045620
14Feb2021 4:00:00;0,0044040
14Feb2021 5:00:00;0,0008020
14Feb2021 6:00:00;0,1721320
14Feb2021 7:00:00;11,0198841
14Feb2021 8:00:00;46,7316579
14Feb2021 9:00:00;100,5810402
14Feb2021 10:00:00;135,2944168
14Feb2021 11:00:00;159,8975168
14Feb2021 12:00:00;157,9129274
14Feb2021 13:00:00;142,3182600
14Feb2021 14:00:00;138,5930117
14Feb2021 15:00:00;122,7885063
14Feb2021 16:00:00;88,1770409
14Feb2021 17:00:00;23,7358710
14Feb2021 18:00:00;0,4484540
14Feb2021 19:00:00;0,0037430
14Feb2021 20:00:00;0,0029440
14Feb2021 21:00:00;0,0028640
14Feb2021 22:00:00;0,0015620
14Feb2021 23:00:00;0,0027030
15Feb2021 0:00:00;0,0031410
15Feb2021 1:00:00;0,0043010
15Feb2021 2:00:00;0,0010020
15Feb2021 3:00:00;0,0023400
15Feb2021 4:00:00;0,0000000
15Feb2021 5:00:00;0,0001600
15Feb2021 6:00:00;0,0907680
15Feb2021 7:00:00;2,9146028
15Feb2021 8:00:00;11,8672246
15Feb2021 9:00:00;27,9143440
15Feb2021 10:00:00;40,5817109
15Feb2021 11:00:00;48,4945174
15Feb2021 12:00:00;48,1501979
15Feb2021 13:00:00;41,2807930
15Feb2021 14:00:00;28,2594375
15Feb2021 15:00:00;18,5907316
15Feb2021 16:00:00;10,4163836
15Feb2021 17:00:00;2,6272110
15Feb2021 18:00:00;0,0486050
15Feb2021 19:00:00;0,0024800
15Feb2021 20:00:00;0,0019200
15Feb2021 21:00:00;0,0019200
15Feb2021 22:00:00;0,0013610
15Feb2021 23:00:00;0,0013600
16Feb2021 0:00:00;0,0020000
16Feb2021 1:00:00;0,0026410
16Feb2021 2:00:00;0,0012000
16Feb2021 3:00:00;0,0007200
16Feb2021 4:00:00;0,0005600
16Feb2021 5:00:00;0,0012000
16Feb2021 6:00:00;0,0028470
16Feb2021 7:00:00;0,9686190
16Feb2021 8:00:00;8,4735605
16Feb2021 9:00:00;26,5476074
16Feb2021 10:00:00;56,7054134
16Feb2021 11:00:00;100,9944270
16Feb2021 12:00:00;143,1190961
16Feb2021 13:00:00;150,9220858
16Feb2021 14:00:00;145,2926730
16Feb2021 15:00:00;115,4501589
16Feb2021 16:00:00;61,7312318
16Feb2021 17:00:00;19,4057112
16Feb2021 18:00:00;0,9562780
16Feb2021 19:00:00;0,0145050
16Feb2021 20:00:00;0,0014400
16Feb2021 21:00:00;0,0016800
16Feb2021 22:00:00;0,0016810
16Feb2021 23:00:00;0,0015200
17Feb2021 0:00:00;0,0022400
17Feb2021 1:00:00;0,0024000
17Feb2021 2:00:00;0,0013600
17Feb2021 3:00:00;0,0010400
17Feb2021 4:00:00;0,0004010
17Feb2021 5:00:00;0,0004000
17Feb2021 6:00:00;0,0685970
17Feb2021 7:00:00;7,2367114
17Feb2021 8:00:00;49,3288685
17Feb2021 9:00:00;125,7933804
17Feb2021 10:00:00;198,8894725
17Feb2021 11:00:00;249,8764596
17Feb2021 12:00:00;270,9984482
17Feb2021 13:00:00;265,7134768
17Feb2021 14:00:00;237,4215356
17Feb2021 15:00:00;194,2537674
17Feb2021 16:00:00;120,7315004
17Feb2021 17:00:00;39,6761671
17Feb2021 18:00:00;1,4134620
17Feb2021 19:00:00;0,0113390
17Feb2021 20:00:00;0,0015210
17Feb2021 21:00:00;0,0012800
17Feb2021 22:00:00;0,0015200
17Feb2021 23:00:00;0,0013610
18Feb2021 0:00:00;0,0016800
18Feb2021 1:00:00;0,0027200
18Feb2021 2:00:00;0,0010400
18Feb2021 3:00:00;0,0006400
18Feb2021 4:00:00;0,0000800
18Feb2021 5:00:00;0,0005600
18Feb2021 6:00:00;0,4635230
18Feb2021 7:00:00;18,1169630
18Feb2021 8:00:00;78,7710862
18Feb2021 9:00:00;177,1182775
18Feb2021 10:00:00;268,0831865
18Feb2021 11:00:00;318,2747276
18Feb2021 12:00:00;331,9612572
18Feb2021 13:00:00;325,5126263
18Feb2021 14:00:00;283,2734955
18Feb2021 15:00:00;190,7285569
18Feb2021 16:00:00;87,7913063
18Feb2021 17:00:00;22,5121031
18Feb2021 18:00:00;0,6513990
18Feb2021 19:00:00;0,0113520
18Feb2021 20:00:00;0,0014400
18Feb2021 21:00:00;0,0014400
18Feb2021 22:00:00;0,0014400
18Feb2021 23:00:00;0,0012000
19Feb2021 0:00:00;0,0019610
19Feb2021 1:00:00;0,0028800
19Feb2021 2:00:00;0,0016000
19Feb2021 3:00:00;0,0012810
19Feb2021 4:00:00;0,0000000
19Feb2021 5:00:00;0,0005200
19Feb2021 6:00:00;0,0676140
19Feb2021 7:00:00;5,2187530
19Feb2021 8:00:00;42,8144601
19Feb2021 9:00:00;124,7134150
19Feb2021 10:00:00;204,7749485
19Feb2021 11:00:00;253,3309646
19Feb2021 12:00:00;265,8606247
19Feb2021 13:00:00;278,4224253
19Feb2021 14:00:00;279,5178701
19Feb2021 15:00:00;242,8020635
19Feb2021 16:00:00;142,6545819
19Feb2021 17:00:00;53,6282291
19Feb2021 18:00:00;2,8084770
19Feb2021 19:00:00;0,0114170
19Feb2021 20:00:00;0,0042760
19Feb2021 21:00:00;0,0011270
19Feb2021 22:00:00;0,0012060
19Feb2021 23:00:00;0,0011270
20Feb2021 0:00:00;0,0016080
20Feb2021 1:00:00;0,0028470
20Feb2021 2:00:00;0,0010460
20Feb2021 3:00:00;0,0007670
20Feb2021 4:00:00;0,0002070
20Feb2021 5:00:00;0,0006850
20Feb2021 6:00:00;0,9378709
20Feb2021 7:00:00;24,7830419
20Feb2021 8:00:00;113,7325130
20Feb2021 9:00:00;236,6818788
20Feb2021 10:00:00;332,8745334
20Feb2021 11:00:00;379,7467295
20Feb2021 12:00:00;396,0875981
20Feb2021 13:00:00;391,1332272
20Feb2021 14:00:00;366,7510250
20Feb2021 15:00:00;295,3018714
20Feb2021 16:00:00;180,9668988
20Feb2021 17:00:00;57,8196821
20Feb2021 18:00:00;1,6434310
20Feb2021 19:00:00;0,0157900
20Feb2021 20:00:00;0,0049640
20Feb2021 21:00:00;0,0049240
20Feb2021 22:00:00;0,0047660
20Feb2021 23:00:00;0,0046860
21Feb2021 0:00:00;0,0048040
21Feb2021 1:00:00;0,0046450
21Feb2021 2:00:00;0,0047670
21Feb2021 3:00:00;0,0046850
21Feb2021 4:00:00;0,0048850
21Feb2021 5:00:00;0,0048050
21Feb2021 6:00:00;1,1668757
21Feb2021 7:00:00;28,1480326
21Feb2021 8:00:00;125,3166114
21Feb2021 9:00:00;253,5424952
21Feb2021 10:00:00;344,6641868
21Feb2021 11:00:00;393,1105018
21Feb2021 12:00:00;409,4843589
21Feb2021 13:00:00;413,0378265
21Feb2021 14:00:00;373,8726367
21Feb2021 15:00:00;313,4451913
21Feb2021 16:00:00;201,4643424
21Feb2021 17:00:00;75,2967135
21Feb2021 18:00:00;4,9162350
21Feb2021 19:00:00;0,0234560
21Feb2021 20:00:00;0,0048040
21Feb2021 21:00:00;0,0046850
21Feb2021 22:00:00;0,0047280
21Feb2021 23:00:00;0,0047630
22Feb2021 0:00:00;0,0046440
22Feb2021 1:00:00;0,0045650
22Feb2021 2:00:00;0,0048850
22Feb2021 3:00:00;0,0046880
22Feb2021 4:00:00;0,0048440
22Feb2021 5:00:00;0,0012050
22Feb2021 6:00:00;1,2573581
22Feb2021 7:00:00;30,0682283
22Feb2021 8:00:00;128,9383236
22Feb2021 9:00:00;255,0674905
22Feb2021 10:00:00;347,3800314
22Feb2021 11:00:00;392,3949414
22Feb2021 12:00:00;417,1890389
22Feb2021 13:00:00;411,5981380
22Feb2021 14:00:00;375,4054560
22Feb2021 15:00:00;295,9991496
22Feb2021 16:00:00;184,3715451
22Feb2021 17:00:00;66,1264828
22Feb2021 18:00:00;3,5722980
22Feb2021 19:00:00;0,0224790
22Feb2021 20:00:00;0,0015240
22Feb2021 21:00:00;0,0014460
22Feb2021 22:00:00;0,0015260
22Feb2021 23:00:00;0,0018470
23Feb2021 0:00:00;0,0021660
23Feb2021 1:00:00;0,0028860
23Feb2021 2:00:00;0,0014450
23Feb2021 3:00:00;0,0010860
23Feb2021 4:00:00;0,0001260
23Feb2021 5:00:00;0,0005250
23Feb2021 6:00:00;1,5777149
23Feb2021 7:00:00;31,2180675
23Feb2021 8:00:00;128,6398485
23Feb2021 9:00:00;252,9527519
23Feb2021 10:00:00;344,5442569
23Feb2021 11:00:00;397,5958170
23Feb2021 12:00:00;416,2038796
23Feb2021 13:00:00;408,6028708
23Feb2021 14:00:00;371,9877620
23Feb2021 15:00:00;302,0270879
23Feb2021 16:00:00;194,0860508
23Feb2021 17:00:00;71,4194977
23Feb2021 18:00:00;5,3578670
23Feb2021 19:00:00;0,0227340
23Feb2021 20:00:00;0,0019340
23Feb2021 21:00:00;0,0020070
23Feb2021 22:00:00;0,0013660
23Feb2021 23:00:00;0,0013740
24Feb2021 0:00:00;0,0020040
24Feb2021 1:00:00;0,0026440
24Feb2021 2:00:00;0,0012130
24Feb2021 3:00:00;0,0007240
24Feb2021 4:00:00;0,0005730
24Feb2021 5:00:00;0,0012040
24Feb2021 6:00:00;1,8122520
24Feb2021 7:00:00;32,9112514
24Feb2021 8:00:00;131,9527090
24Feb2021 9:00:00;255,6098909
24Feb2021 10:00:00;344,0709485
24Feb2021 11:00:00;385,4263121
24Feb2021 12:00:00;406,9247187
24Feb2021 13:00:00;399,9211493
24Feb2021 14:00:00;359,9419196
24Feb2021 15:00:00;290,9993839
24Feb2021 16:00:00;192,5503989
24Feb2021 17:00:00;72,0564326
24Feb2021 18:00:00;5,5352340
24Feb2021 19:00:00;0,0238560
24Feb2021 20:00:00;2,8415810
24Feb2021 21:00:00;0,0016810
24Feb2021 22:00:00;0,0017690
24Feb2021 23:00:00;0,0015200
25Feb2021 0:00:00;0,0022410
25Feb2021 1:00:00;0,0024090
25Feb2021 2:00:00;0,0013610
25Feb2021 3:00:00;0,0010420
25Feb2021 4:00:00;0,0003290
25Feb2021 5:00:00;0,0004000
25Feb2021 6:00:00;0,7646610
25Feb2021 7:00:00;16,2703800
25Feb2021 8:00:00;67,7133517
25Feb2021 9:00:00;137,3802890
25Feb2021 10:00:00;201,9532730
25Feb2021 11:00:00;228,5997911
25Feb2021 12:00:00;227,1130432
25Feb2021 13:00:00;231,5429673
25Feb2021 14:00:00;234,0292155
25Feb2021 15:00:00;238,3519654
25Feb2021 16:00:00;175,4976253
25Feb2021 17:00:00;71,0175481
25Feb2021 18:00:00;5,5309000
25Feb2021 19:00:00;0,0188090
25Feb2021 20:00:00;0,0016010
25Feb2021 21:00:00;0,0012820
25Feb2021 22:00:00;0,0015290
25Feb2021 23:00:00;0,0013620
26Feb2021 0:00:00;0,0016900
26Feb2021 1:00:00;0,0027200
26Feb2021 2:00:00;0,0012010
26Feb2021 3:00:00;0,0011300
26Feb2021 4:00:00;0,0000000
26Feb2021 5:00:00;0,0000810
26Feb2021 6:00:00;2,2335060
26Feb2021 7:00:00;34,4501598
26Feb2021 8:00:00;134,7940282
26Feb2021 9:00:00;260,9560525
26Feb2021 10:00:00;354,5481085
26Feb2021 11:00:00;407,5158235
26Feb2021 12:00:00;421,4797121
26Feb2021 13:00:00;416,7379743
26Feb2021 14:00:00;383,5353951
26Feb2021 15:00:00;312,5197825
26Feb2021 16:00:00;201,0049915
26Feb2021 17:00:00;77,4888504
26Feb2021 18:00:00;6,2725260
26Feb2021 19:00:00;0,0360670
26Feb2021 20:00:00;0,0016840
26Feb2021 21:00:00;0,0014500
26Feb2021 22:00:00;0,0016020
26Feb2021 23:00:00;0,0015230
27Feb2021 0:00:00;0,0016910
27Feb2021 1:00:00;0,0033620
27Feb2021 2:00:00;0,0014420
27Feb2021 3:00:00;0,0013700
27Feb2021 4:00:00;0,0013620
27Feb2021 5:00:00;0,0016800
27Feb2021 6:00:00;2,4020588
27Feb2021 7:00:00;35,2757003
27Feb2021 8:00:00;135,4746570
27Feb2021 9:00:00;257,0928187
27Feb2021 10:00:00;351,9395933
27Feb2021 11:00:00;405,3221225
27Feb2021 12:00:00;424,6729767
27Feb2021 13:00:00;414,4123744
27Feb2021 14:00:00;377,5725890
27Feb2021 15:00:00;305,7613383
27Feb2021 16:00:00;195,6454666
27Feb2021 17:00:00;74,3754202
27Feb2021 18:00:00;6,2552360
27Feb2021 19:00:00;0,0345520
27Feb2021 20:00:00;0,0048090
27Feb2021 21:00:00;0,0048810
27Feb2021 22:00:00;0,0046410
27Feb2021 23:00:00;0,0045700
28Feb2021 0:00:00;0,0045620
28Feb2021 1:00:00;0,0045610
28Feb2021 2:00:00;0,0045700
28Feb2021 3:00:00;0,0045610
28Feb2021 4:00:00;0,0044830
28Feb2021 5:00:00;0,0044890
28Feb2021 6:00:00;1,8258187
28Feb2021 7:00:00;27,7214570
28Feb2021 8:00:00;112,5167824
28Feb2021 9:00:00;220,5125347
28Feb2021 10:00:00;309,5864962
28Feb2021 11:00:00;351,5160810
28Feb2021 12:00:00;330,3045175
28Feb2021 13:00:00;271,6598413
28Feb2021 14:00:00;188,3888693
28Feb2021 15:00:00;114,5657242
28Feb2021 16:00:00;78,0057904
28Feb2021 17:00:00;29,1489457
28Feb2021 18:00:00;2,5643890
28Feb2021 19:00:00;0,0380730
28Feb2021 20:00:00;0,0065030
28Feb2021 21:00:00;0,0065100
28Feb2021 22:00:00;0,0064230
28Feb2021 23:00:00;0,0048820
01Mar2021 0:00:00;0,0062690
01Mar2021 1:00:00;0,0061820
01Mar2021 2:00:00;0,0062610
01Mar2021 3:00:00;0,0048890
01Mar2021 4:00:00;0,0048030
01Mar2021 5:00:00;0,0009200
01Mar2021 6:00:00;1,4306529
01Mar2021 7:00:00;24,8207017
01Mar2021 8:00:00;99,0643085
01Mar2021 9:00:00;206,1096957
01Mar2021 10:00:00;291,8865545
01Mar2021 11:00:00;310,4492795
01Mar2021 12:00:00;296,5703334
01Mar2021 13:00:00;292,4446972
01Mar2021 14:00:00;284,0020917
01Mar2021 15:00:00;234,6475029
01Mar2021 16:00:00;151,0611180
01Mar2021 17:00:00;64,6412152
01Mar2021 18:00:00;7,4152485
01Mar2021 19:00:00;0,0485040
01Mar2021 20:00:00;0,0016910
01Mar2021 21:00:00;0,0014410
01Mar2021 22:00:00;0,0015210
01Mar2021 23:00:00;0,0013690
02Mar2021 0:00:00;0,0012820
02Mar2021 1:00:00;0,0029610
02Mar2021 2:00:00;0,0012090
02Mar2021 3:00:00;0,0008020
02Mar2021 4:00:00;0,0000810
02Mar2021 5:00:00;0,0000880
02Mar2021 6:00:00;2,1959581
02Mar2021 7:00:00;27,7657575
02Mar2021 8:00:00;113,2160936
02Mar2021 9:00:00;219,6467062
02Mar2021 10:00:00;295,3487011
02Mar2021 11:00:00;314,6605828
02Mar2021 12:00:00;319,2071655
02Mar2021 13:00:00;297,1300351
02Mar2021 14:00:00;279,8376000
02Mar2021 15:00:00;238,9603537
02Mar2021 16:00:00;154,2667902
02Mar2021 17:00:00;63,3404356
02Mar2021 18:00:00;6,0981229
02Mar2021 19:00:00;0,0301340
02Mar2021 20:00:00;0,0013660
02Mar2021 21:00:00;0,0013610
02Mar2021 22:00:00;0,0013710
02Mar2021 23:00:00;0,0013610
03Mar2021 0:00:00;0,0020800
03Mar2021 1:00:00;0,0016900
03Mar2021 2:00:00;0,0013610
03Mar2021 3:00:00;0,0011280
03Mar2021 4:00:00;0,0000030
03Mar2021 5:00:00;0,0001600
03Mar2021 6:00:00;3,9150227
03Mar2021 7:00:00;41,7679423
03Mar2021 8:00:00;152,7761432
03Mar2021 9:00:00;278,6199686
03Mar2021 10:00:00;375,7194167
03Mar2021 11:00:00;423,1165845
03Mar2021 12:00:00;436,4892560
03Mar2021 13:00:00;430,0330189
03Mar2021 14:00:00;401,4733829
03Mar2021 15:00:00;335,0678873
03Mar2021 16:00:00;224,7413575
03Mar2021 17:00:00;94,3633650
03Mar2021 18:00:00;10,4907948
03Mar2021 19:00:00;0,0616140
03Mar2021 20:00:00;0,0013660
03Mar2021 21:00:00;0,0014410
03Mar2021 22:00:00;0,0016110
03Mar2021 23:00:00;0,0016010
04Mar2021 0:00:00;0,0019210
04Mar2021 1:00:00;0,0030500
04Mar2021 2:00:00;0,0012020
04Mar2021 3:00:00;0,0007290
04Mar2021 4:00:00;0,0000810
04Mar2021 5:00:00;0,0000010
04Mar2021 6:00:00;4,4915790
04Mar2021 7:00:00;44,3275378
04Mar2021 8:00:00;155,8739168
04Mar2021 9:00:00;281,2664029
04Mar2021 10:00:00;374,5448264
04Mar2021 11:00:00;419,9317968
04Mar2021 12:00:00;432,2866212
04Mar2021 13:00:00;430,8520709
04Mar2021 14:00:00;400,7302568
04Mar2021 15:00:00;331,3318405
04Mar2021 16:00:00;220,2977031
04Mar2021 17:00:00;91,8894545
04Mar2021 18:00:00;9,8318948
04Mar2021 19:00:00;0,0500760
04Mar2021 20:00:00;0,0016830
04Mar2021 21:00:00;0,0012830
04Mar2021 22:00:00;0,0011300
04Mar2021 23:00:00;0,0015230
05Mar2021 0:00:00;0,0017610
05Mar2021 1:00:00;0,0021700
05Mar2021 2:00:00;0,0012810
05Mar2021 3:00:00;0,0012020
05Mar2021 4:00:00;0,0002490
05Mar2021 5:00:00;0,0002410
05Mar2021 6:00:00;4,2803285
05Mar2021 7:00:00;46,2170421
05Mar2021 8:00:00;163,0515679
05Mar2021 9:00:00;286,3451038
05Mar2021 10:00:00;373,2411410
05Mar2021 11:00:00;413,2225433
05Mar2021 12:00:00;427,8692065
05Mar2021 13:00:00;421,9598409
05Mar2021 14:00:00;391,8832380
05Mar2021 15:00:00;328,7871233
05Mar2021 16:00:00;222,1114908
05Mar2021 17:00:00;93,2584750
05Mar2021 18:00:00;11,0476386
05Mar2021 19:00:00;0,0609250
05Mar2021 20:00:00;0,0016820
05Mar2021 21:00:00;0,0015310
05Mar2021 22:00:00;0,0016810
05Mar2021 23:00:00;0,0018430
06Mar2021 0:00:00;0,0031880
06Mar2021 1:00:00;0,0019210
06Mar2021 2:00:00;0,0025560
06Mar2021 3:00:00;0,0016090
06Mar2021 4:00:00;0,0015200
06Mar2021 5:00:00;0,0015280
06Mar2021 6:00:00;2,2892022
06Mar2021 7:00:00;26,0494755
06Mar2021 8:00:00;96,9022413
06Mar2021 9:00:00;191,9077332
06Mar2021 10:00:00;243,1943819
06Mar2021 11:00:00;255,3967803
06Mar2021 12:00:00;222,5141437
06Mar2021 13:00:00;187,1430614
06Mar2021 14:00:00;143,1923256
06Mar2021 15:00:00;89,2970616
06Mar2021 16:00:00;68,1172693
06Mar2021 17:00:00;29,5790285
06Mar2021 18:00:00;3,2125232
06Mar2021 19:00:00;0,0555890
06Mar2021 20:00:00;0,0049630
06Mar2021 21:00:00;0,0152320
06Mar2021 22:00:00;0,0048020
06Mar2021 23:00:00;0,0048100
07Mar2021 0:00:00;0,0047210
07Mar2021 1:00:00;0,0047220
07Mar2021 2:00:00;0,0047300
07Mar2021 3:00:00;0,0048020
07Mar2021 4:00:00;0,0047210
07Mar2021 5:00:00;0,0047290
07Mar2021 6:00:00;0,5539453
07Mar2021 7:00:00;8,3227288
07Mar2021 8:00:00;35,0348885
07Mar2021 9:00:00;74,2127307
07Mar2021 10:00:00;110,0177059
07Mar2021 11:00:00;139,5783931
07Mar2021 12:00:00;135,6781792
07Mar2021 13:00:00;117,5715923
07Mar2021 14:00:00;91,9371325
07Mar2021 15:00:00;57,2573755
07Mar2021 16:00:00;34,1199916
07Mar2021 17:00:00;14,5740996
07Mar2021 18:00:00;1,2004582
07Mar2021 19:00:00;0,0487880
07Mar2021 20:00:00;0,0062720
07Mar2021 21:00:00;0,0063420
07Mar2021 22:00:00;0,0061820
07Mar2021 23:00:00;0,0075300
08Mar2021 0:00:00;0,0061010
08Mar2021 1:00:00;0,0061000
08Mar2021 2:00:00;0,0061090
08Mar2021 3:00:00;0,0074800
08Mar2021 4:00:00;0,0060610
08Mar2021 5:00:00;0,0009690
08Mar2021 6:00:00;2,0890849
08Mar2021 7:00:00;24,5308450
08Mar2021 8:00:00;91,4280177
08Mar2021 9:00:00;195,0601898
08Mar2021 10:00:00;284,4243339
08Mar2021 11:00:00;356,2148192
08Mar2021 12:00:00;399,7264760
08Mar2021 13:00:00;410,1014756
08Mar2021 14:00:00;393,3084350
08Mar2021 15:00:00;342,5670510
08Mar2021 16:00:00;231,7820705
08Mar2021 17:00:00;101,1425894
08Mar2021 18:00:00;12,1815784
08Mar2021 19:00:00;0,0626130
08Mar2021 20:00:00;0,0016020
08Mar2021 21:00:00;0,0016890
08Mar2021 22:00:00;0,0016020
08Mar2021 23:00:00;0,0015320
09Mar2021 0:00:00;0,0018440
09Mar2021 1:00:00;0,0033610
09Mar2021 2:00:00;0,0014500
09Mar2021 3:00:00;0,0007240
09Mar2021 4:00:00;0,0000820
09Mar2021 5:00:00;0,0000900
09Mar2021 6:00:00;5,3887128
09Mar2021 7:00:00;47,0048233
09Mar2021 8:00:00;154,0433031
09Mar2021 9:00:00;268,4882898
09Mar2021 10:00:00;339,9766726
09Mar2021 11:00:00;373,8611939
09Mar2021 12:00:00;394,7387451
09Mar2021 13:00:00;404,1083808
09Mar2021 14:00:00;381,1463154
09Mar2021 15:00:00;313,5694370
09Mar2021 16:00:00;207,3234179
09Mar2021 17:00:00;85,2540598
09Mar2021 18:00:00;11,1375113
09Mar2021 19:00:00;0,0517180
09Mar2021 20:00:00;0,0016830
09Mar2021 21:00:00;0,0016840
09Mar2021 22:00:00;0,0016810
09Mar2021 23:00:00;0,0015210
10Mar2021 0:00:00;0,0021600
10Mar2021 1:00:00;0,0015210
10Mar2021 2:00:00;0,0013600
10Mar2021 3:00:00;0,0008820
10Mar2021 4:00:00;0,0000800
10Mar2021 5:00:00;0,0000810
10Mar2021 6:00:00;5,9147616
10Mar2021 7:00:00;46,2931255
10Mar2021 8:00:00;144,3707232
10Mar2021 9:00:00;250,9189213
10Mar2021 10:00:00;330,1347934
10Mar2021 11:00:00;355,7773592
10Mar2021 12:00:00;331,2497501
10Mar2021 13:00:00;269,9383920
10Mar2021 14:00:00;182,8648667
10Mar2021 15:00:00;129,6025156
10Mar2021 16:00:00;82,8601533
10Mar2021 17:00:00;39,4622660
10Mar2021 18:00:00;5,9915649
10Mar2021 19:00:00;0,0305080
10Mar2021 20:00:00;0,0018430
10Mar2021 21:00:00;0,0016810
10Mar2021 22:00:00;0,0017620
10Mar2021 23:00:00;0,0017620
11Mar2021 0:00:00;0,0023220
11Mar2021 1:00:00;0,0020830
11Mar2021 2:00:00;0,0016810
11Mar2021 3:00:00;0,0016020
11Mar2021 4:00:00;0,0004010
11Mar2021 5:00:00;0,0002420
11Mar2021 6:00:00;1,7988177
11Mar2021 7:00:00;18,1555967
11Mar2021 8:00:00;54,0599481
11Mar2021 9:00:00;95,9156771
11Mar2021 10:00:00;107,1685501
11Mar2021 11:00:00;114,3815929
11Mar2021 12:00:00;109,2973415
11Mar2021 13:00:00;82,3374633
11Mar2021 14:00:00;66,4813784
11Mar2021 15:00:00;44,6103219
11Mar2021 16:00:00;25,9791363
11Mar2021 17:00:00;11,6108075
11Mar2021 18:00:00;1,8103974
11Mar2021 19:00:00;0,0172350
11Mar2021 20:00:00;0,0015240
11Mar2021 21:00:00;0,0012890
11Mar2021 22:00:00;0,0015210
11Mar2021 23:00:00;0,0015290
12Mar2021 0:00:00;0,0024010
12Mar2021 1:00:00;0,0021610
12Mar2021 2:00:00;0,0015290
12Mar2021 3:00:00;0,0006400
12Mar2021 4:00:00;0,0002410
12Mar2021 5:00:00;0,0002480
12Mar2021 6:00:00;6,3199042
12Mar2021 7:00:00;52,2891467
12Mar2021 8:00:00;165,0349632
12Mar2021 9:00:00;284,4419413
12Mar2021 10:00:00;376,2741740
12Mar2021 11:00:00;419,6065325
12Mar2021 12:00:00;435,9590815
12Mar2021 13:00:00;416,3071628
12Mar2021 14:00:00;399,2276329
12Mar2021 15:00:00;329,8834478
12Mar2021 16:00:00;212,8445682
12Mar2021 17:00:00;78,9226697
12Mar2021 18:00:00;10,3879377
12Mar2021 19:00:00;0,0493530
12Mar2021 20:00:00;0,0017680
12Mar2021 21:00:00;0,0016030
12Mar2021 22:00:00;0,0018410
12Mar2021 23:00:00;0,0016100
13Mar2021 0:00:00;0,0020810
13Mar2021 1:00:00;0,0030480
13Mar2021 2:00:00;0,0016810
13Mar2021 3:00:00;0,0016010
13Mar2021 4:00:00;0,0016880
13Mar2021 5:00:00;0,0018410
13Mar2021 6:00:00;8,9970464
13Mar2021 7:00:00;62,8952866
13Mar2021 8:00:00;183,8288653
13Mar2021 9:00:00;305,9804955
13Mar2021 10:00:00;385,4548180
13Mar2021 11:00:00;424,2443931
13Mar2021 12:00:00;429,4761494
13Mar2021 13:00:00;426,8246528
13Mar2021 14:00:00;393,1249372
13Mar2021 15:00:00;323,2572246
13Mar2021 16:00:00;216,5953266
13Mar2021 17:00:00;95,8241349
13Mar2021 18:00:00;12,4869668
13Mar2021 19:00:00;0,0735850
13Mar2021 20:00:00;0,0047330
13Mar2021 21:00:00;0,0048030
13Mar2021 22:00:00;0,0046420
13Mar2021 23:00:00;0,0046490
14Mar2021 0:00:00;0,0047200
14Mar2021 1:00:00;0,0046420
14Mar2021 2:00:00;0,0046490
14Mar2021 3:00:00;0,0046410
14Mar2021 4:00:00;0,0046420
14Mar2021 5:00:00;0,0045680
14Mar2021 6:00:00;5,7748018
14Mar2021 7:00:00;44,2261532
14Mar2021 8:00:00;131,6517519
14Mar2021 9:00:00;210,4403226
14Mar2021 10:00:00;228,3080901
14Mar2021 11:00:00;231,7474281
14Mar2021 12:00:00;231,2732817
14Mar2021 13:00:00;217,8072885
14Mar2021 14:00:00;185,9808092
14Mar2021 15:00:00;139,5898287
14Mar2021 16:00:00;90,9000436
14Mar2021 17:00:00;40,6581805
14Mar2021 18:00:00;5,9318198
14Mar2021 19:00:00;2,2492080
14Mar2021 20:00:00;0,0106410
14Mar2021 21:00:00;0,0119820
14Mar2021 22:00:00;0,0104020
14Mar2021 23:00:00;0,0104890
15Mar2021 0:00:00;0,0103220
15Mar2021 1:00:00;0,0103220
15Mar2021 2:00:00;0,0117490
15Mar2021 3:00:00;0,0074820
15Mar2021 4:00:00;0,0090480
15Mar2021 5:00:00;0,0034490
15Mar2021 6:00:00;2,0379229
15Mar2021 7:00:00;24,4816948
15Mar2021 8:00:00;99,2160082
15Mar2021 9:00:00;209,0402778
15Mar2021 10:00:00;276,0619886
15Mar2021 11:00:00;285,4464535
15Mar2021 12:00:00;270,2257708
15Mar2021 13:00:00;240,1412373
15Mar2021 14:00:00;216,0826887
15Mar2021 15:00:00;190,8363408
15Mar2021 16:00:00;128,2167953
15Mar2021 17:00:00;56,7057233
15Mar2021 18:00:00;6,7197091
15Mar2021 19:00:00;0,0164890
15Mar2021 20:00:00;0,0013610
15Mar2021 21:00:00;0,0016880
15Mar2021 22:00:00;0,0018420
15Mar2021 23:00:00;0,0017630
16Mar2021 0:00:00;0,0024020
16Mar2021 1:00:00;0,0022410
16Mar2021 2:00:00;0,0018500
16Mar2021 3:00:00;0,0013620
16Mar2021 4:00:00;0,0000810
16Mar2021 5:00:00;0,0005680
16Mar2021 6:00:00;1,0846326
16Mar2021 7:00:00;16,3431761
16Mar2021 8:00:00;56,7666989
16Mar2021 9:00:00;113,1701693
16Mar2021 10:00:00;152,2117962
16Mar2021 11:00:00;190,7845999
16Mar2021 12:00:00;225,3982533
16Mar2021 13:00:00;232,2235900
16Mar2021 14:00:00;217,9537972
16Mar2021 15:00:00;194,6963986
16Mar2021 16:00:00;118,6527356
16Mar2021 17:00:00;41,3755607
16Mar2021 18:00:00;4,3381160
16Mar2021 19:00:00;0,4088570
16Mar2021 20:00:00;0,0014440
16Mar2021 21:00:00;0,0014430
16Mar2021 22:00:00;0,0015310
16Mar2021 23:00:00;0,0013600
17Mar2021 0:00:00;0,0015210
17Mar2021 1:00:00;0,0021600
17Mar2021 2:00:00;0,0014400
17Mar2021 3:00:00;0,0009600
17Mar2021 4:00:00;0,0000820
17Mar2021 5:00:00;0,0000800
17Mar2021 6:00:00;0,2991430
17Mar2021 7:00:00;3,3543122
17Mar2021 8:00:00;18,3825088
17Mar2021 9:00:00;47,7189402
17Mar2021 10:00:00;82,1940302
17Mar2021 11:00:00;118,0059771
17Mar2021 12:00:00;141,2421686
17Mar2021 13:00:00;155,2621685
17Mar2021 14:00:00;185,7329875
17Mar2021 15:00:00;162,0259998
17Mar2021 16:00:00;116,4805503
17Mar2021 17:00:00;53,9880019
17Mar2021 18:00:00;5,7829457
17Mar2021 19:00:00;0,0470290
17Mar2021 20:00:00;0,0014420
17Mar2021 21:00:00;0,0014420
17Mar2021 22:00:00;0,0015210
17Mar2021 23:00:00;0,0015210
18Mar2021 0:00:00;0,0016810
18Mar2021 1:00:00;0,0019230
18Mar2021 2:00:00;0,0013620
18Mar2021 3:00:00;0,0011220
18Mar2021 4:00:00;0,0001610
18Mar2021 5:00:00;0,0057560
18Mar2021 6:00:00;4,7037670
18Mar2021 7:00:00;36,9060922
18Mar2021 8:00:00;118,6385760
18Mar2021 9:00:00;209,2810612
18Mar2021 10:00:00;244,4232935
18Mar2021 11:00:00;231,6471085
18Mar2021 12:00:00;238,3174818
18Mar2021 13:00:00;247,7456903
18Mar2021 14:00:00;208,8357427
18Mar2021 15:00:00;167,9365030
18Mar2021 16:00:00;109,7454626
18Mar2021 17:00:00;56,7147972
18Mar2021 18:00:00;10,7518891
18Mar2021 19:00:00;0,1019040
18Mar2021 20:00:00;0,0015220
18Mar2021 21:00:00;0,0016010
18Mar2021 22:00:00;0,0016010
18Mar2021 23:00:00;0,0015220
19Mar2021 0:00:00;0,0020000
19Mar2021 1:00:00;0,0015200
19Mar2021 2:00:00;0,0016020
19Mar2021 3:00:00;0,0015200
19Mar2021 4:00:00;0,0004010
19Mar2021 5:00:00;0,0001600
19Mar2021 6:00:00;6,7410054
19Mar2021 7:00:00;52,7015381
19Mar2021 8:00:00;148,4681818
19Mar2021 9:00:00;243,0194851
19Mar2021 10:00:00;286,4139367
19Mar2021 11:00:00;269,9920440
19Mar2021 12:00:00;205,1964922
19Mar2021 13:00:00;135,2665798
19Mar2021 14:00:00;96,8854280
19Mar2021 15:00:00;67,7789388
19Mar2021 16:00:00;33,6770794
19Mar2021 17:00:00;12,8769632
19Mar2021 18:00:00;2,0184344
19Mar2021 19:00:00;0,0224940
19Mar2021 20:00:00;0,0014430
19Mar2021 21:00:00;0,0014430
19Mar2021 22:00:00;0,0013610
19Mar2021 23:00:00;0,0014420
20Mar2021 0:00:00;0,0019200
20Mar2021 1:00:00;0,0019200
20Mar2021 2:00:00;0,0014410
20Mar2021 3:00:00;0,0012810
20Mar2021 4:00:00;0,0011200
20Mar2021 5:00:00;0,0018820
20Mar2021 6:00:00;2,2668971
20Mar2021 7:00:00;19,3412228
20Mar2021 8:00:00;59,8317697
20Mar2021 9:00:00;125,7647532
20Mar2021 10:00:00;187,6031309
20Mar2021 11:00:00;208,7093624
20Mar2021 12:00:00;178,9176670
20Mar2021 13:00:00;141,7864826
20Mar2021 14:00:00;102,8131355
20Mar2021 15:00:00;70,9369530
20Mar2021 16:00:00;41,9129499
20Mar2021 17:00:00;16,7608545
20Mar2021 18:00:00;2,0138687
20Mar2021 19:00:00;0,0126130
20Mar2021 20:00:00;0,0050420
20Mar2021 21:00:00;0,0049620
20Mar2021 22:00:00;0,0048820
20Mar2021 23:00:00;0,0047210
21Mar2021 0:00:00;0,0048810
21Mar2021 1:00:00;0,0048000
21Mar2021 2:00:00;0,0048810
21Mar2021 3:00:00;0,0047210
21Mar2021 4:00:00;0,0048830
21Mar2021 5:00:00;0,0062920
21Mar2021 6:00:00;2,4463569
21Mar2021 7:00:00;18,9222458
21Mar2021 8:00:00;56,4362557
21Mar2021 9:00:00;98,9059549
21Mar2021 10:00:00;136,4511924
21Mar2021 11:00:00;155,9606652
21Mar2021 12:00:00;156,4950533
21Mar2021 13:00:00;134,8652684
21Mar2021 14:00:00;106,9617930
21Mar2021 15:00:00;80,8300248
21Mar2021 16:00:00;55,7664307
21Mar2021 17:00:00;23,5884848
21Mar2021 18:00:00;4,1136667
21Mar2021 19:00:00;0,0561230
21Mar2021 20:00:00;0,0121830
21Mar2021 21:00:00;0,0106400
21Mar2021 22:00:00;0,0119430
21Mar2021 23:00:00;0,0119410
22Mar2021 0:00:00;0,0118610
22Mar2021 1:00:00;0,0103210
22Mar2021 2:00:00;0,0119430
22Mar2021 3:00:00;0,0130820
22Mar2021 4:00:00;0,0097610
22Mar2021 5:00:00;0,0042670
22Mar2021 6:00:00;5,5825280
22Mar2021 7:00:00;28,6406896
22Mar2021 8:00:00;61,5550771
22Mar2021 9:00:00;69,2091165
22Mar2021 10:00:00;78,8906108
22Mar2021 11:00:00;97,9729880
22Mar2021 12:00:00;131,5934273
22Mar2021 13:00:00;171,8623637
22Mar2021 14:00:00;191,6164194
22Mar2021 15:00:00;176,1637949
22Mar2021 16:00:00;134,2089938
22Mar2021 17:00:00;63,1235134
22Mar2021 18:00:00;13,8660867
22Mar2021 19:00:00;0,3205030
22Mar2021 20:00:00;0,0014400
22Mar2021 21:00:00;0,0017600
22Mar2021 22:00:00;0,0016000
22Mar2021 23:00:00;0,0016000
23Mar2021 0:00:00;0,0021610
23Mar2021 1:00:00;0,0016000
23Mar2021 2:00:00;0,0016800
23Mar2021 3:00:00;0,0016810
23Mar2021 4:00:00;0,0001600
23Mar2021 5:00:00;0,0002400
23Mar2021 6:00:00;0,9867860
23Mar2021 7:00:00;7,3098995
23Mar2021 8:00:00;23,8717051
23Mar2021 9:00:00;38,4389314
23Mar2021 10:00:00;36,1296342
23Mar2021 11:00:00;40,3379612
23Mar2021 12:00:00;37,4932295
23Mar2021 13:00:00;30,1604015
23Mar2021 14:00:00;32,8090832
23Mar2021 15:00:00;28,9150637
23Mar2021 16:00:00;20,2473897
23Mar2021 17:00:00;14,3458285
23Mar2021 18:00:00;5,3966465
23Mar2021 19:00:00;0,0662910
23Mar2021 20:00:00;0,0015200
23Mar2021 21:00:00;0,0012000
23Mar2021 22:00:00;0,0012800
23Mar2021 23:00:00;0,0012800
24Mar2021 0:00:00;0,0016800
24Mar2021 1:00:00;0,0012010
24Mar2021 2:00:00;0,0012800
24Mar2021 3:00:00;0,0008000
24Mar2021 4:00:00;0,0000810
24Mar2021 5:00:00;0,0001250
24Mar2021 6:00:00;0,5180940
24Mar2021 7:00:00;5,2259840
24Mar2021 8:00:00;22,8772927
24Mar2021 9:00:00;57,8086180
24Mar2021 10:00:00;119,2774743
24Mar2021 11:00:00;170,3537089
24Mar2021 12:00:00;190,6342749
24Mar2021 13:00:00;186,5139478
24Mar2021 14:00:00;141,9884703
24Mar2021 15:00:00;94,1147968
24Mar2021 16:00:00;56,0989410
24Mar2021 17:00:00;16,9687736
24Mar2021 18:00:00;2,0246264
24Mar2021 19:00:00;0,0239620
24Mar2021 20:00:00;0,0016000
24Mar2021 21:00:00;0,0016000
24Mar2021 22:00:00;0,0017600
24Mar2021 23:00:00;0,0012010
25Mar2021 0:00:00;0,0017600
25Mar2021 1:00:00;0,0017600
25Mar2021 2:00:00;0,0016820
25Mar2021 3:00:00;0,0015200
25Mar2021 4:00:00;0,0008800
25Mar2021 5:00:00;0,0016540
25Mar2021 6:00:00;2,5116070
25Mar2021 7:00:00;18,5066524
25Mar2021 8:00:00;60,4910063
25Mar2021 9:00:00;119,6093118
25Mar2021 10:00:00;178,0375060
25Mar2021 11:00:00;222,8257160
25Mar2021 12:00:00;234,7985156
25Mar2021 13:00:00;217,7736560
25Mar2021 14:00:00;185,0885099
25Mar2021 15:00:00;134,8579024
25Mar2021 16:00:00;85,3260083
25Mar2021 17:00:00;36,0932042
25Mar2021 18:00:00;7,3493374
25Mar2021 19:00:00;0,0767870
25Mar2021 20:00:00;0,0019200
25Mar2021 21:00:00;0,0017600
25Mar2021 22:00:00;0,0017610
25Mar2021 23:00:00;0,0017600
26Mar2021 0:00:00;0,0024810
26Mar2021 1:00:00;0,0019210
26Mar2021 2:00:00;0,0016800
26Mar2021 3:00:00;0,0014400
26Mar2021 4:00:00;0,0005600
26Mar2021 5:00:00;0,0638810
26Mar2021 6:00:00;4,8961420
26Mar2021 7:00:00;29,3665294
26Mar2021 8:00:00;82,5426437
26Mar2021 9:00:00;149,1400145
26Mar2021 10:00:00;208,1295151
26Mar2021 11:00:00;227,2112268
26Mar2021 12:00:00;226,9899511
26Mar2021 13:00:00;211,4811498
26Mar2021 14:00:00;199,3128871
26Mar2021 15:00:00;157,1647197
26Mar2021 16:00:00;103,5369154
26Mar2021 17:00:00;39,4295631
26Mar2021 18:00:00;8,0268325
26Mar2021 19:00:00;0,0636970
26Mar2021 20:00:00;0,0018400
26Mar2021 21:00:00;0,0020820
26Mar2021 22:00:00;0,0029620
26Mar2021 23:00:00;0,0031220
27Mar2021 0:00:00;0,0040800
27Mar2021 1:00:00;0,0040810
27Mar2021 2:00:00;0,0034410
27Mar2021 3:00:00;0,0033610
27Mar2021 4:00:00;0,0033600
27Mar2021 5:00:00;0,0054850
27Mar2021 6:00:00;3,8205330
27Mar2021 7:00:00;26,6311471
27Mar2021 8:00:00;85,7109827
27Mar2021 9:00:00;167,8436958
27Mar2021 10:00:00;257,3032499
27Mar2021 11:00:00;290,6677700
27Mar2021 12:00:00;308,7133220
27Mar2021 13:00:00;293,1422389
27Mar2021 14:00:00;251,0252619
27Mar2021 15:00:00;197,7024502
27Mar2021 16:00:00;136,8876123
27Mar2021 17:00:00;67,3342978
27Mar2021 18:00:00;14,3651940
27Mar2021 19:00:00;0,1553110
27Mar2021 20:00:00;0,0075230
27Mar2021 21:00:00;0,0078420
27Mar2021 22:00:00;0,0076020
27Mar2021 23:00:00;0,0078410
28Mar2021 0:00:00;0,0084010
28Mar2021 1:00:00;0,0084010
28Mar2021 2:00:00;0,0143200
28Mar2021 3:00:00;0,0024020
28Mar2021 4:00:00;0,0083200
28Mar2021 5:00:00;0,0503260
28Mar2021 6:00:00;0,9349737
28Mar2021 7:00:00;51,9021734
28Mar2021 8:00:00;170,1355149
28Mar2021 9:00:00;296,0588295
28Mar2021 10:00:00;386,0167935
28Mar2021 11:00:00;424,4366327
28Mar2021 12:00:00;438,0316732
28Mar2021 13:00:00;434,4998315
28Mar2021 14:00:00;418,0178582
28Mar2021 15:00:00;367,7308415
28Mar2021 16:00:00;277,3454657
28Mar2021 17:00:00;146,4746107
28Mar2021 18:00:00;31,8867378
28Mar2021 19:00:00;0,2672800
28Mar2021 20:00:00;0,0152200
28Mar2021 21:00:00;0,0138420
28Mar2021 22:00:00;0,0138120
28Mar2021 23:00:00;0,0138800
29Mar2021 0:00:00;0,0142410
29Mar2021 1:00:00;0,0156300
29Mar2021 2:00:00;0,0128600
29Mar2021 3:00:00;0,0156210
29Mar2021 4:00:00;0,0111690
29Mar2021 5:00:00;0,0581060
29Mar2021 6:00:00;1,1193432
29Mar2021 7:00:00;51,0424612
29Mar2021 8:00:00;170,5042811
29Mar2021 9:00:00;289,9891592
29Mar2021 10:00:00;377,5527426
29Mar2021 11:00:00;404,0086031
29Mar2021 12:00:00;395,3827495
29Mar2021 13:00:00;364,9484524
29Mar2021 14:00:00;312,0323776
29Mar2021 15:00:00;226,9579864
29Mar2021 16:00:00;156,5548449
29Mar2021 17:00:00;65,1616927
29Mar2021 18:00:00;13,2536648
29Mar2021 19:00:00;0,0947210
29Mar2021 20:00:00;0,0015280
29Mar2021 21:00:00;0,0013610
29Mar2021 22:00:00;0,0023200
29Mar2021 23:00:00;0,0024010
30Mar2021 0:00:00;0,0030420
30Mar2021 1:00:00;0,0040010
30Mar2021 2:00:00;0,0028900
30Mar2021 3:00:00;0,0028010
30Mar2021 4:00:00;0,0020080
30Mar2021 5:00:00;0,0196350
30Mar2021 6:00:00;0,2170780
30Mar2021 7:00:00;13,5473260
30Mar2021 8:00:00;70,7615270
30Mar2021 9:00:00;160,2355611
30Mar2021 10:00:00;249,1105186
30Mar2021 11:00:00;306,2628496
30Mar2021 12:00:00;309,4831715
30Mar2021 13:00:00;308,6755873
30Mar2021 14:00:00;276,9867983
30Mar2021 15:00:00;217,6130044
30Mar2021 16:00:00;145,8776278
30Mar2021 17:00:00;71,1413113
30Mar2021 18:00:00;17,7616766
30Mar2021 19:00:00;0,1203160
30Mar2021 20:00:00;0,0017690
30Mar2021 21:00:00;0,0017600
30Mar2021 22:00:00;0,0025620
30Mar2021 23:00:00;0,0026490
31Mar2021 0:00:00;0,0038420
31Mar2021 1:00:00;0,0032010
31Mar2021 2:00:00;0,0031210
31Mar2021 3:00:00;0,0033610
31Mar2021 4:00:00;0,0032040
31Mar2021 5:00:00;0,0223000
31Mar2021 6:00:00;0,4573140
31Mar2021 7:00:00;22,5665088
31Mar2021 8:00:00;83,2796897
31Mar2021 9:00:00;174,8231821
31Mar2021 10:00:00;237,2941367
31Mar2021 11:00:00;245,8253610
31Mar2021 12:00:00;251,0232038
31Mar2021 13:00:00;237,5593689
31Mar2021 14:00:00;209,6183356
31Mar2021 15:00:00;186,4713988
31Mar2021 16:00:00;138,1789891
31Mar2021 17:00:00;84,5424061
31Mar2021 18:00:00;21,0058595
31Mar2021 19:00:00;0,1590510
31Mar2021 20:00:00;0,0020820
31Mar2021 21:00:00;0,0017620
31Mar2021 22:00:00;0,0017710
31Mar2021 23:00:00;0,0016020
01Apr2021 0:00:00;0,0000000
01Apr2021 1:00:00;0,0000000
01Apr2021 2:00:00;0,0000000
01Apr2021 3:00:00;0,0000000
01Apr2021 4:00:00;0,0000000
01Apr2021 5:00:00;0,0000000
01Apr2021 6:00:00;0,4706356
01Apr2021 7:00:00;11,3312713
01Apr2021 8:00:00;33,6462989
01Apr2021 9:00:00;71,0642283
01Apr2021 10:00:00;98,5119241
01Apr2021 11:00:00;109,3772171
01Apr2021 12:00:00;125,3037335
01Apr2021 13:00:00;130,2103630
01Apr2021 14:00:00;137,0601143
01Apr2021 15:00:00;119,8876403
01Apr2021 16:00:00;72,5253185
01Apr2021 17:00:00;44,1344950
01Apr2021 18:00:00;9,3852251
01Apr2021 19:00:00;0,0601615
01Apr2021 20:00:00;0,0000000
01Apr2021 21:00:00;0,0000000
01Apr2021 22:00:00;0,0000000
01Apr2021 23:00:00;0,0000000
02Apr2021 0:00:00;0,0000000
02Apr2021 1:00:00;0,0000000
02Apr2021 2:00:00;0,0000000
02Apr2021 3:00:00;0,0000000
02Apr2021 4:00:00;0,0000000
02Apr2021 5:00:00;0,0000000
02Apr2021 6:00:00;0,3361862
02Apr2021 7:00:00;20,5513148
02Apr2021 8:00:00;74,2225724
02Apr2021 9:00:00;151,5184017
02Apr2021 10:00:00;213,8036216
02Apr2021 11:00:00;252,3772303
02Apr2021 12:00:00;234,5548161
02Apr2021 13:00:00;243,8109331
02Apr2021 14:00:00;230,7796671
02Apr2021 15:00:00;210,2632071
02Apr2021 16:00:00;142,5586180
02Apr2021 17:00:00;86,6650339
02Apr2021 18:00:00;26,9364483
02Apr2021 19:00:00;0,2359407
02Apr2021 20:00:00;0,0000000
02Apr2021 21:00:00;0,0000000
02Apr2021 22:00:00;0,0000000
02Apr2021 23:00:00;0,0000000
03Apr2021 0:00:00;0,0000000
03Apr2021 1:00:00;0,0000000
03Apr2021 2:00:00;0,0000000
03Apr2021 3:00:00;0,0000000
03Apr2021 4:00:00;0,0000000
03Apr2021 5:00:00;0,0000000
03Apr2021 6:00:00;1,9482215
03Apr2021 7:00:00;43,4200781
03Apr2021 8:00:00;117,6754244
03Apr2021 9:00:00;182,1358968
03Apr2021 10:00:00;261,1185168
03Apr2021 11:00:00;327,9961875
03Apr2021 12:00:00;349,9754040
03Apr2021 13:00:00;327,4845124
03Apr2021 14:00:00;295,5978716
03Apr2021 15:00:00;237,7444481
03Apr2021 16:00:00;177,4305287
03Apr2021 17:00:00;99,2024407
03Apr2021 18:00:00;26,1557157
03Apr2021 19:00:00;0,2751297
03Apr2021 20:00:00;0,0000000
03Apr2021 21:00:00;0,0000000
03Apr2021 22:00:00;0,0000000
03Apr2021 23:00:00;0,0000000
04Apr2021 0:00:00;0,0000000
04Apr2021 1:00:00;0,0000000
04Apr2021 2:00:00;0,0000000
04Apr2021 3:00:00;0,0000000
04Apr2021 4:00:00;0,0000000
04Apr2021 5:00:00;0,0000000
04Apr2021 6:00:00;1,8095008
04Apr2021 7:00:00;48,6322690
04Apr2021 8:00:00;147,4325659
04Apr2021 9:00:00;189,6748166
04Apr2021 10:00:00;216,0277281
04Apr2021 11:00:00;283,7781321
04Apr2021 12:00:00;325,8233184
04Apr2021 13:00:00;310,7708453
04Apr2021 14:00:00;256,7147750
04Apr2021 15:00:00;209,7892553
04Apr2021 16:00:00;121,9981258
04Apr2021 17:00:00;66,1326599
04Apr2021 18:00:00;17,9328832
04Apr2021 19:00:00;0,1970910
04Apr2021 20:00:00;0,0000000
04Apr2021 21:00:00;0,0000000
04Apr2021 22:00:00;0,0000000
04Apr2021 23:00:00;0,0000000
05Apr2021 0:00:00;0,0000000
05Apr2021 1:00:00;0,0000000
05Apr2021 2:00:00;0,0000000
05Apr2021 3:00:00;0,0000000
05Apr2021 4:00:00;0,0000000
05Apr2021 5:00:00;0,0000000
05Apr2021 6:00:00;0,1724370
05Apr2021 7:00:00;12,0576534
05Apr2021 8:00:00;41,2337344
05Apr2021 9:00:00;98,9628627
05Apr2021 10:00:00;168,1897079
05Apr2021 11:00:00;171,0305476
05Apr2021 12:00:00;146,1090649
05Apr2021 13:00:00;161,7056766
05Apr2021 14:00:00;109,7732834
05Apr2021 15:00:00;76,5387885
05Apr2021 16:00:00;65,8754038
05Apr2021 17:00:00;37,5499030
05Apr2021 18:00:00;7,0917068
05Apr2021 19:00:00;0,0602151
05Apr2021 20:00:00;0,0000000
05Apr2021 21:00:00;0,0000000
05Apr2021 22:00:00;0,0000000
05Apr2021 23:00:00;0,0000000
06Apr2021 0:00:00;0,0000000
06Apr2021 1:00:00;0,0000000
06Apr2021 2:00:00;0,0000000
06Apr2021 3:00:00;0,0000000
06Apr2021 4:00:00;0,0000000
06Apr2021 5:00:00;0,0000000
06Apr2021 6:00:00;0,4067438
06Apr2021 7:00:00;25,3999712
06Apr2021 8:00:00;97,1581501
06Apr2021 9:00:00;175,7236915
06Apr2021 10:00:00;220,2370542
06Apr2021 11:00:00;227,3592197
06Apr2021 12:00:00;184,7444760
06Apr2021 13:00:00;123,1921983
06Apr2021 14:00:00;102,4056980
06Apr2021 15:00:00;110,4270342
06Apr2021 16:00:00;86,4605919
06Apr2021 17:00:00;40,7614504
06Apr2021 18:00:00;12,9732651
06Apr2021 19:00:00;0,1291260
06Apr2021 20:00:00;0,0000000
06Apr2021 21:00:00;0,0000000
06Apr2021 22:00:00;0,0000000
06Apr2021 23:00:00;0,0000000
07Apr2021 0:00:00;0,0000000
07Apr2021 1:00:00;0,0000000
07Apr2021 2:00:00;0,0000000
07Apr2021 3:00:00;0,0000000
07Apr2021 4:00:00;0,0000000
07Apr2021 5:00:00;0,0000000
07Apr2021 6:00:00;3,3715135
07Apr2021 7:00:00;57,3092503
07Apr2021 8:00:00;173,5305734
07Apr2021 9:00:00;296,6644300
07Apr2021 10:00:00;384,1005895
07Apr2021 11:00:00;426,0424587
07Apr2021 12:00:00;437,4188878
07Apr2021 13:00:00;443,6469236
07Apr2021 14:00:00;420,1964415
07Apr2021 15:00:00;367,6180894
07Apr2021 16:00:00;275,5416535
07Apr2021 17:00:00;148,4531162
07Apr2021 18:00:00;38,3289452
07Apr2021 19:00:00;0,7280422
07Apr2021 20:00:00;0,0000000
07Apr2021 21:00:00;0,0000000
07Apr2021 22:00:00;0,0000000
07Apr2021 23:00:00;0,0000000
08Apr2021 0:00:00;0,0000000
08Apr2021 1:00:00;0,0000000
08Apr2021 2:00:00;0,0000000
08Apr2021 3:00:00;0,0000000
08Apr2021 4:00:00;0,0000000
08Apr2021 5:00:00;0,0000000
08Apr2021 6:00:00;4,6745676
08Apr2021 7:00:00;53,8730004
08Apr2021 8:00:00;154,1225302
08Apr2021 9:00:00;240,8683174
08Apr2021 10:00:00;327,0684920
08Apr2021 11:00:00;354,9066139
08Apr2021 12:00:00;349,5946583
08Apr2021 13:00:00;333,6955777
08Apr2021 14:00:00;303,0677182
08Apr2021 15:00:00;274,8653858
08Apr2021 16:00:00;191,1782955
08Apr2021 17:00:00;105,7087902
08Apr2021 18:00:00;26,0110178
08Apr2021 19:00:00;0,3536254
08Apr2021 20:00:00;0,0000000
08Apr2021 21:00:00;0,0000000
08Apr2021 22:00:00;0,0000000
08Apr2021 23:00:00;0,0000000
09Apr2021 0:00:00;0,0000000
09Apr2021 1:00:00;0,0000000
09Apr2021 2:00:00;0,0000000
09Apr2021 3:00:00;0,0000000
09Apr2021 4:00:00;0,0000000
09Apr2021 5:00:00;0,0000000
09Apr2021 6:00:00;0,1884504
09Apr2021 7:00:00;11,4059986
09Apr2021 8:00:00;40,6741142
09Apr2021 9:00:00;88,0230677
09Apr2021 10:00:00;128,9589203
09Apr2021 11:00:00;146,7188503
09Apr2021 12:00:00;158,6022092
09Apr2021 13:00:00;155,3282349
09Apr2021 14:00:00;150,3028323
09Apr2021 15:00:00;134,2242797
09Apr2021 16:00:00;102,6599424
09Apr2021 17:00:00;51,0826345
09Apr2021 18:00:00;14,6630957
09Apr2021 19:00:00;0,1926959
09Apr2021 20:00:00;0,0000000
09Apr2021 21:00:00;0,0000000
09Apr2021 22:00:00;0,0000000
09Apr2021 23:00:00;0,0000000
10Apr2021 0:00:00;0,0000000
10Apr2021 1:00:00;0,0000000
10Apr2021 2:00:00;0,0000000
10Apr2021 3:00:00;0,0000000
10Apr2021 4:00:00;0,0000000
10Apr2021 5:00:00;0,0000000
10Apr2021 6:00:00;2,4638553
10Apr2021 7:00:00;39,2822487
10Apr2021 8:00:00;111,6035879
10Apr2021 9:00:00;212,7847907
10Apr2021 10:00:00;280,9794502
10Apr2021 11:00:00;292,3629313
10Apr2021 12:00:00;291,6080823
10Apr2021 13:00:00;275,1035534
10Apr2021 14:00:00;252,9535333
10Apr2021 15:00:00;217,6536017
10Apr2021 16:00:00;143,0994390
10Apr2021 17:00:00;82,1768433
10Apr2021 18:00:00;29,3351407
10Apr2021 19:00:00;0,6482940
10Apr2021 20:00:00;0,0000000
10Apr2021 21:00:00;0,0000000
10Apr2021 22:00:00;0,0000000
10Apr2021 23:00:00;0,0000000
11Apr2021 0:00:00;0,0000000
11Apr2021 1:00:00;0,0000000
11Apr2021 2:00:00;0,0000000
11Apr2021 3:00:00;0,0000000
11Apr2021 4:00:00;0,0000000
11Apr2021 5:00:00;0,0000000
11Apr2021 6:00:00;1,6339977
11Apr2021 7:00:00;20,5959598
11Apr2021 8:00:00;54,1503960
11Apr2021 9:00:00;92,2226983
11Apr2021 10:00:00;144,2278846
11Apr2021 11:00:00;179,5793846
11Apr2021 12:00:00;184,3752134
11Apr2021 13:00:00;180,6768028
11Apr2021 14:00:00;165,9789097
11Apr2021 15:00:00;128,6893755
11Apr2021 16:00:00;98,2264025
11Apr2021 17:00:00;51,2941141
11Apr2021 18:00:00;12,1649794
11Apr2021 19:00:00;0,1850608
11Apr2021 20:00:00;0,0000000
11Apr2021 21:00:00;0,0000000
11Apr2021 22:00:00;0,0000000
11Apr2021 23:00:00;0,0000000
12Apr2021 0:00:00;0,0000000
12Apr2021 1:00:00;0,0000000
12Apr2021 2:00:00;0,0000000
12Apr2021 3:00:00;0,0000000
12Apr2021 4:00:00;0,0000000
12Apr2021 5:00:00;0,0000000
12Apr2021 6:00:00;3,1685606
12Apr2021 7:00:00;38,7337549
12Apr2021 8:00:00;100,6958013
12Apr2021 9:00:00;184,3077721
12Apr2021 10:00:00;201,4716142
12Apr2021 11:00:00;178,8125216
12Apr2021 12:00:00;167,2714523
12Apr2021 13:00:00;155,2586118
12Apr2021 14:00:00;120,9414650
12Apr2021 15:00:00;100,3249835
12Apr2021 16:00:00;75,4662116
12Apr2021 17:00:00;38,4069065
12Apr2021 18:00:00;9,0307562
12Apr2021 19:00:00;0,0822003
12Apr2021 20:00:00;0,0000000
12Apr2021 21:00:00;0,0000000
12Apr2021 22:00:00;0,0000000
12Apr2021 23:00:00;0,0000000
13Apr2021 0:00:00;0,0000000
13Apr2021 1:00:00;0,0000000
13Apr2021 2:00:00;0,0000000
13Apr2021 3:00:00;0,0000000
13Apr2021 4:00:00;0,0000000
13Apr2021 5:00:00;0,0000000
13Apr2021 6:00:00;4,8310407
13Apr2021 7:00:00;52,1463579
13Apr2021 8:00:00;151,5092489
13Apr2021 9:00:00;228,3282228
13Apr2021 10:00:00;244,4157730
13Apr2021 11:00:00;258,2491178
13Apr2021 12:00:00;273,9526866
13Apr2021 13:00:00;298,2593861
13Apr2021 14:00:00;292,8819606
13Apr2021 15:00:00;290,1959483
13Apr2021 16:00:00;226,4523853
13Apr2021 17:00:00;130,1271446
13Apr2021 18:00:00;37,2100971
13Apr2021 19:00:00;0,5148500
13Apr2021 20:00:00;0,0000000
13Apr2021 21:00:00;0,0000000
13Apr2021 22:00:00;0,0000000
13Apr2021 23:00:00;0,0000000
14Apr2021 0:00:00;0,0000000
14Apr2021 1:00:00;0,0000000
14Apr2021 2:00:00;0,0000000
14Apr2021 3:00:00;0,0000000
14Apr2021 4:00:00;0,0000000
14Apr2021 5:00:00;0,0000000
14Apr2021 6:00:00;1,4543391
14Apr2021 7:00:00;24,5497336
14Apr2021 8:00:00;90,2325846
14Apr2021 9:00:00;195,2082217
14Apr2021 10:00:00;323,9482064
14Apr2021 11:00:00;362,8424160
14Apr2021 12:00:00;329,6431510
14Apr2021 13:00:00;293,1726077
14Apr2021 14:00:00;280,8996635
14Apr2021 15:00:00;245,2694288
14Apr2021 16:00:00;202,3655075
14Apr2021 17:00:00;106,1986976
14Apr2021 18:00:00;33,1160626
14Apr2021 19:00:00;0,8232246
14Apr2021 20:00:00;0,0000000
14Apr2021 21:00:00;0,0000000
14Apr2021 22:00:00;0,0000000
14Apr2021 23:00:00;0,0000000
15Apr2021 0:00:00;0,0000000
15Apr2021 1:00:00;0,0000000
15Apr2021 2:00:00;0,0000000
15Apr2021 3:00:00;0,0000000
15Apr2021 4:00:00;0,0000000
15Apr2021 5:00:00;0,0000000
15Apr2021 6:00:00;6,4539995
15Apr2021 7:00:00;53,5727995
15Apr2021 8:00:00;148,2481227
15Apr2021 9:00:00;269,5118224
15Apr2021 10:00:00;344,2887938
15Apr2021 11:00:00;391,9588620
15Apr2021 12:00:00;387,4855331
15Apr2021 13:00:00;375,1951295
15Apr2021 14:00:00;343,3051686
15Apr2021 15:00:00;287,5081425
15Apr2021 16:00:00;213,6298899
15Apr2021 17:00:00;120,0574247
15Apr2021 18:00:00;37,2433512
15Apr2021 19:00:00;1,2332323
15Apr2021 20:00:00;0,0000000
15Apr2021 21:00:00;0,0000000
15Apr2021 22:00:00;0,0000000
15Apr2021 23:00:00;0,0000000
16Apr2021 0:00:00;0,0000000
16Apr2021 1:00:00;0,0000000
16Apr2021 2:00:00;0,0000000
16Apr2021 3:00:00;0,0000000
16Apr2021 4:00:00;0,0000000
16Apr2021 5:00:00;0,0000000
16Apr2021 6:00:00;3,0637671
16Apr2021 7:00:00;23,4595939
16Apr2021 8:00:00;58,4779747
16Apr2021 9:00:00;114,3326626
16Apr2021 10:00:00;190,7336656
16Apr2021 11:00:00;247,1438866
16Apr2021 12:00:00;262,3290419
16Apr2021 13:00:00;279,2973014
16Apr2021 14:00:00;221,7287466
16Apr2021 15:00:00;137,7923322
16Apr2021 16:00:00;100,7399628
16Apr2021 17:00:00;56,7637714
16Apr2021 18:00:00;19,0055519
16Apr2021 19:00:00;0,5436302
16Apr2021 20:00:00;0,0000000
16Apr2021 21:00:00;0,0000000
16Apr2021 22:00:00;0,0000000
16Apr2021 23:00:00;0,0000000
17Apr2021 0:00:00;0,0000000
17Apr2021 1:00:00;0,0000000
17Apr2021 2:00:00;0,0000000
17Apr2021 3:00:00;0,0000000
17Apr2021 4:00:00;0,0000000
17Apr2021 5:00:00;0,0000000
17Apr2021 6:00:00;3,3371656
17Apr2021 7:00:00;24,2753000
17Apr2021 8:00:00;46,7082118
17Apr2021 9:00:00;109,5999158
17Apr2021 10:00:00;201,3527699
17Apr2021 11:00:00;221,3319532
17Apr2021 12:00:00;154,6557196
17Apr2021 13:00:00;106,5425006
17Apr2021 14:00:00;153,1138746
17Apr2021 15:00:00;230,6945138
17Apr2021 16:00:00;190,5240715
17Apr2021 17:00:00;106,5419902
17Apr2021 18:00:00;33,3870356
17Apr2021 19:00:00;0,9105657
17Apr2021 20:00:00;0,0000000
17Apr2021 21:00:00;0,0000000
17Apr2021 22:00:00;0,0000000
17Apr2021 23:00:00;0,0000000
18Apr2021 0:00:00;0,0000000
18Apr2021 1:00:00;0,0000000
18Apr2021 2:00:00;0,0000000
18Apr2021 3:00:00;0,0000000
18Apr2021 4:00:00;0,0000000
18Apr2021 5:00:00;0,0000000
18Apr2021 6:00:00;0,7265851
18Apr2021 7:00:00;16,4168719
18Apr2021 8:00:00;45,3587399
18Apr2021 9:00:00;54,1349840
18Apr2021 10:00:00;58,1586498
18Apr2021 11:00:00;87,4391823
18Apr2021 12:00:00;134,4391456
18Apr2021 13:00:00;162,7839466
18Apr2021 14:00:00;139,6924762
18Apr2021 15:00:00;61,6693488
18Apr2021 16:00:00;43,8556111
18Apr2021 17:00:00;31,6343827
18Apr2021 18:00:00;10,3099402
18Apr2021 19:00:00;0,2263789
18Apr2021 20:00:00;0,0000000
18Apr2021 21:00:00;0,0000000
18Apr2021 22:00:00;0,0000000
18Apr2021 23:00:00;0,0000000
19Apr2021 0:00:00;0,0000000
19Apr2021 1:00:00;0,0000000
19Apr2021 2:00:00;0,0000000
19Apr2021 3:00:00;0,0000000
19Apr2021 4:00:00;0,0000000
19Apr2021 5:00:00;0,0000000
19Apr2021 6:00:00;6,7433743
19Apr2021 7:00:00;45,8401341
19Apr2021 8:00:00;116,0428116
19Apr2021 9:00:00;169,6753252
19Apr2021 10:00:00;169,5276707
19Apr2021 11:00:00;194,7984039
19Apr2021 12:00:00;213,9138352
19Apr2021 13:00:00;192,7442805
19Apr2021 14:00:00;160,2028807
19Apr2021 15:00:00;107,7092802
19Apr2021 16:00:00;75,2045447
19Apr2021 17:00:00;36,9592915
19Apr2021 18:00:00;11,2538536
19Apr2021 19:00:00;0,2480037
19Apr2021 20:00:00;0,0000000
19Apr2021 21:00:00;0,0000000
19Apr2021 22:00:00;0,0000000
19Apr2021 23:00:00;0,0000000
20Apr2021 0:00:00;0,0000000
20Apr2021 1:00:00;0,0000000
20Apr2021 2:00:00;0,0000000
20Apr2021 3:00:00;0,0000000
20Apr2021 4:00:00;0,0000000
20Apr2021 5:00:00;0,0000400
20Apr2021 6:00:00;8,1077540
20Apr2021 7:00:00;71,1364969
20Apr2021 8:00:00;193,8995709
20Apr2021 9:00:00;311,2213182
20Apr2021 10:00:00;386,8742138
20Apr2021 11:00:00;416,3687984
20Apr2021 12:00:00;428,3700733
20Apr2021 13:00:00;426,8272596
20Apr2021 14:00:00;406,4755472
20Apr2021 15:00:00;370,4665990
20Apr2021 16:00:00;280,8731067
20Apr2021 17:00:00;156,6629571
20Apr2021 18:00:00;46,3642125
20Apr2021 19:00:00;2,0375568
20Apr2021 20:00:00;0,0000000
20Apr2021 21:00:00;0,0000000
20Apr2021 22:00:00;0,0000000
20Apr2021 23:00:00;0,0000000
21Apr2021 0:00:00;0,0000000
21Apr2021 1:00:00;0,0000000
21Apr2021 2:00:00;0,0000000
21Apr2021 3:00:00;0,0000000
21Apr2021 4:00:00;0,0000000
21Apr2021 5:00:00;0,0000000
21Apr2021 6:00:00;10,6424564
21Apr2021 7:00:00;82,3016465
21Apr2021 8:00:00;207,2546808
21Apr2021 9:00:00;313,8336350
21Apr2021 10:00:00;388,7251090
21Apr2021 11:00:00;426,0119747
21Apr2021 12:00:00;431,3313490
21Apr2021 13:00:00;416,1970732
21Apr2021 14:00:00;385,7215353
21Apr2021 15:00:00;331,5138440
21Apr2021 16:00:00;249,9200995
21Apr2021 17:00:00;146,0698611
21Apr2021 18:00:00;53,2987991
21Apr2021 19:00:00;3,3239558
21Apr2021 20:00:00;0,0000000
21Apr2021 21:00:00;0,0000000
21Apr2021 22:00:00;0,0000000
21Apr2021 23:00:00;0,0000000
22Apr2021 0:00:00;0,0000000
22Apr2021 1:00:00;0,0000000
22Apr2021 2:00:00;0,0000000
22Apr2021 3:00:00;0,0000000
22Apr2021 4:00:00;0,0000000
22Apr2021 5:00:00;0,0000700
22Apr2021 6:00:00;10,4615489
22Apr2021 7:00:00;77,7423958
22Apr2021 8:00:00;196,4184855
22Apr2021 9:00:00;316,0511827
22Apr2021 10:00:00;374,4208072
22Apr2021 11:00:00;388,1251829
22Apr2021 12:00:00;399,7189643
22Apr2021 13:00:00;400,9331662
22Apr2021 14:00:00;380,8903465
22Apr2021 15:00:00;347,7074919
22Apr2021 16:00:00;263,6955903
22Apr2021 17:00:00;159,9201095
22Apr2021 18:00:00;48,2735668
22Apr2021 19:00:00;2,3575749
22Apr2021 20:00:00;0,0000000
22Apr2021 21:00:00;0,0000000
22Apr2021 22:00:00;0,0000000
22Apr2021 23:00:00;0,0000000
23Apr2021 0:00:00;0,0000000
23Apr2021 1:00:00;0,0000000
23Apr2021 2:00:00;0,0000000
23Apr2021 3:00:00;0,0000000
23Apr2021 4:00:00;0,0000000
23Apr2021 5:00:00;0,0001100
23Apr2021 6:00:00;11,3343830
23Apr2021 7:00:00;78,4660493
23Apr2021 8:00:00;204,2618168
23Apr2021 9:00:00;314,2307297
23Apr2021 10:00:00;375,9283930
23Apr2021 11:00:00;424,4900539
23Apr2021 12:00:00;431,9526930
23Apr2021 13:00:00;435,7525307
23Apr2021 14:00:00;407,0891165
23Apr2021 15:00:00;335,5631375
23Apr2021 16:00:00;244,1938899
23Apr2021 17:00:00;151,3538527
23Apr2021 18:00:00;49,6215056
23Apr2021 19:00:00;2,5084855
23Apr2021 20:00:00;0,0000000
23Apr2021 21:00:00;0,0000000
23Apr2021 22:00:00;0,0000000
23Apr2021 23:00:00;0,0000000
24Apr2021 0:00:00;0,0000000
24Apr2021 1:00:00;0,0000000
24Apr2021 2:00:00;0,0000000
24Apr2021 3:00:00;0,0000000
24Apr2021 4:00:00;0,0000000
24Apr2021 5:00:00;0,0000400
24Apr2021 6:00:00;13,1334958
24Apr2021 7:00:00;74,5372928
24Apr2021 8:00:00;169,9762591
24Apr2021 9:00:00;242,3609393
24Apr2021 10:00:00;281,0724228
24Apr2021 11:00:00;305,6996391
24Apr2021 12:00:00;327,0272218
24Apr2021 13:00:00;329,1191211
24Apr2021 14:00:00;275,3223700
24Apr2021 15:00:00;177,6312000
24Apr2021 16:00:00;109,1549789
24Apr2021 17:00:00;62,1082480
24Apr2021 18:00:00;27,2863633
24Apr2021 19:00:00;8,4957679
24Apr2021 20:00:00;0,0000000
24Apr2021 21:00:00;0,0000000
24Apr2021 22:00:00;0,0000000
24Apr2021 23:00:00;0,0000000
25Apr2021 0:00:00;0,0000000
25Apr2021 1:00:00;0,0000000
25Apr2021 2:00:00;0,0000000
25Apr2021 3:00:00;0,0000000
25Apr2021 4:00:00;0,0000000
25Apr2021 5:00:00;0,0000000
25Apr2021 6:00:00;5,4889621
25Apr2021 7:00:00;24,5444383
25Apr2021 8:00:00;47,8215382
25Apr2021 9:00:00;97,1375882
25Apr2021 10:00:00;167,7429274
25Apr2021 11:00:00;162,8383203
25Apr2021 12:00:00;162,5493429
25Apr2021 13:00:00;200,1834833
25Apr2021 14:00:00;204,5910619
25Apr2021 15:00:00;184,7195784
25Apr2021 16:00:00;134,6578055
25Apr2021 17:00:00;65,9599327
25Apr2021 18:00:00;15,1498283
25Apr2021 19:00:00;0,3755504
25Apr2021 20:00:00;0,0000000
25Apr2021 21:00:00;0,0000000
25Apr2021 22:00:00;0,0000000
25Apr2021 23:00:00;0,0000000
26Apr2021 0:00:00;0,0000000
26Apr2021 1:00:00;0,0000000
26Apr2021 2:00:00;0,0000000
26Apr2021 3:00:00;0,0000000
26Apr2021 4:00:00;0,0000000
26Apr2021 5:00:00;0,0000000
26Apr2021 6:00:00;8,2648873
26Apr2021 7:00:00;55,0882522
26Apr2021 8:00:00;135,9603478
26Apr2021 9:00:00;183,5484525
26Apr2021 10:00:00;185,1345246
26Apr2021 11:00:00;189,9020669
26Apr2021 12:00:00;210,2885958
26Apr2021 13:00:00;210,1633100
26Apr2021 14:00:00;194,2494257
26Apr2021 15:00:00;197,8516242
26Apr2021 16:00:00;191,0481749
26Apr2021 17:00:00;118,9248448
26Apr2021 18:00:00;43,1062086
26Apr2021 19:00:00;3,4116172
26Apr2021 20:00:00;0,0000000
26Apr2021 21:00:00;0,0000000
26Apr2021 22:00:00;0,0000000
26Apr2021 23:00:00;0,0000000
27Apr2021 0:00:00;0,0000000
27Apr2021 1:00:00;0,0000000
27Apr2021 2:00:00;0,0000000
27Apr2021 3:00:00;0,0000000
27Apr2021 4:00:00;0,0000000
27Apr2021 5:00:00;0,0001000
27Apr2021 6:00:00;10,7933597
27Apr2021 7:00:00;66,9565010
27Apr2021 8:00:00;172,4649732
27Apr2021 9:00:00;289,2319013
27Apr2021 10:00:00;361,7953115
27Apr2021 11:00:00;386,9678365
27Apr2021 12:00:00;415,0127543
27Apr2021 13:00:00;433,2153137
27Apr2021 14:00:00;417,3526144
27Apr2021 15:00:00;362,0492192
27Apr2021 16:00:00;273,0861142
27Apr2021 17:00:00;153,7579578
27Apr2021 18:00:00;47,8555214
27Apr2021 19:00:00;3,5097739
27Apr2021 20:00:00;0,0000000
27Apr2021 21:00:00;0,0000000
27Apr2021 22:00:00;0,0000000
27Apr2021 23:00:00;0,0000000
28Apr2021 0:00:00;0,0000000
28Apr2021 1:00:00;0,0000000
28Apr2021 2:00:00;0,0000000
28Apr2021 3:00:00;0,0000010
28Apr2021 4:00:00;0,0000000
28Apr2021 5:00:00;0,0002600
28Apr2021 6:00:00;16,0682621
28Apr2021 7:00:00;88,1127425
28Apr2021 8:00:00;205,4585488
28Apr2021 9:00:00;301,8424076
28Apr2021 10:00:00;367,1252071
28Apr2021 11:00:00;392,0582319
28Apr2021 12:00:00;371,5787230
28Apr2021 13:00:00;341,0588239
28Apr2021 14:00:00;301,2982664
28Apr2021 15:00:00;260,1281642
28Apr2021 16:00:00;233,2782753
28Apr2021 17:00:00;131,0733057
28Apr2021 18:00:00;44,6666310
28Apr2021 19:00:00;3,0547737
28Apr2021 20:00:00;0,0000000
28Apr2021 21:00:00;0,0000000
28Apr2021 22:00:00;0,0000000
28Apr2021 23:00:00;0,0000000
29Apr2021 0:00:00;0,0000000
29Apr2021 1:00:00;0,0000000
29Apr2021 2:00:00;0,0000000
29Apr2021 3:00:00;0,0000000
29Apr2021 4:00:00;0,0000000
29Apr2021 5:00:00;0,0000800
29Apr2021 6:00:00;13,5055513
29Apr2021 7:00:00;77,0985892
29Apr2021 8:00:00;163,6916000
29Apr2021 9:00:00;245,5843367
29Apr2021 10:00:00;313,6161390
29Apr2021 11:00:00;359,1195559
29Apr2021 12:00:00;385,5433181
29Apr2021 13:00:00;381,4415227
29Apr2021 14:00:00;374,6295095
29Apr2021 15:00:00;334,6111210
29Apr2021 16:00:00;253,5261636
29Apr2021 17:00:00;144,0588946
29Apr2021 18:00:00;46,5352790
29Apr2021 19:00:00;3,3918455
29Apr2021 20:00:00;0,0000000
29Apr2021 21:00:00;0,0000000
29Apr2021 22:00:00;0,0000000
29Apr2021 23:00:00;0,0000000
30Apr2021 0:00:00;0,0000000
30Apr2021 1:00:00;0,0000000
30Apr2021 2:00:00;0,0000000
30Apr2021 3:00:00;0,0000000
30Apr2021 4:00:00;0,0000000
30Apr2021 5:00:00;0,0002100
30Apr2021 6:00:00;10,6007714
30Apr2021 7:00:00;52,7678027
30Apr2021 8:00:00;123,8177957
30Apr2021 9:00:00;209,3356667
30Apr2021 10:00:00;291,6843267
30Apr2021 11:00:00;363,3376127
30Apr2021 12:00:00;372,0662637
30Apr2021 13:00:00;360,4782241
30Apr2021 14:00:00;338,2812955
30Apr2021 15:00:00;301,1712942
30Apr2021 16:00:00;240,7196445
30Apr2021 17:00:00;148,7773486
30Apr2021 18:00:00;51,5791460
30Apr2021 19:00:00;4,8195457
30Apr2021 20:00:00;0,0000000
30Apr2021 21:00:00;0,0000000
30Apr2021 22:00:00;0,0000000
30Apr2021 23:00:00;0,0000000
01May2021 0:00:00;0,0000000
01May2021 1:00:00;0,0000000
01May2021 2:00:00;0,0000000
01May2021 3:00:00;0,0000000
01May2021 4:00:00;0,0000000
01May2021 5:00:00;0,0999620
01May2021 6:00:00;17,0993758
01May2021 7:00:00;92,6106953
01May2021 8:00:00;208,1792898
01May2021 9:00:00;312,1524413
01May2021 10:00:00;385,8460080
01May2021 11:00:00;424,0311574
01May2021 12:00:00;431,5127059
01May2021 13:00:00;413,0538540
01May2021 14:00:00;356,6690493
01May2021 15:00:00;294,1812650
01May2021 16:00:00;206,6321832
01May2021 17:00:00;124,7982517
01May2021 18:00:00;45,0582616
01May2021 19:00:00;4,1874371
01May2021 20:00:00;0,0092820
01May2021 21:00:00;0,0000000
01May2021 22:00:00;0,0000000
01May2021 23:00:00;0,0000000
02May2021 0:00:00;0,0000000
02May2021 1:00:00;0,0000000
02May2021 2:00:00;0,0000000
02May2021 3:00:00;0,0000000
02May2021 4:00:00;0,0000000
02May2021 5:00:00;0,1170530
02May2021 6:00:00;17,4844036
02May2021 7:00:00;53,0501831
02May2021 8:00:00;105,0145378
02May2021 9:00:00;181,2405532
02May2021 10:00:00;235,3544687
02May2021 11:00:00;324,5760716
02May2021 12:00:00;353,3746092
02May2021 13:00:00;342,6576482
02May2021 14:00:00;261,9325902
02May2021 15:00:00;207,6277817
02May2021 16:00:00;185,6110359
02May2021 17:00:00;117,4171889
02May2021 18:00:00;36,2056708
02May2021 19:00:00;3,1386356
02May2021 20:00:00;0,0062070
02May2021 21:00:00;0,0000000
02May2021 22:00:00;0,0000000
02May2021 23:00:00;0,0000000
03May2021 0:00:00;0,0000000
03May2021 1:00:00;0,0000000
03May2021 2:00:00;0,0000000
03May2021 3:00:00;0,0000000
03May2021 4:00:00;0,0000000
03May2021 5:00:00;0,2622390
03May2021 6:00:00;25,9526753
03May2021 7:00:00;91,5327123
03May2021 8:00:00;178,0529906
03May2021 9:00:00;253,6517815
03May2021 10:00:00;324,2055156
03May2021 11:00:00;345,6576805
03May2021 12:00:00;371,3610286
03May2021 13:00:00;362,1715600
03May2021 14:00:00;331,1154650
03May2021 15:00:00;273,4059987
03May2021 16:00:00;206,7214373
03May2021 17:00:00;125,2124264
03May2021 18:00:00;54,9232648
03May2021 19:00:00;6,4017855
03May2021 20:00:00;0,0161480
03May2021 21:00:00;0,0000000
03May2021 22:00:00;0,0000000
03May2021 23:00:00;0,0000000
04May2021 0:00:00;0,0000000
04May2021 1:00:00;0,0000000
04May2021 2:00:00;0,0000000
04May2021 3:00:00;0,0000000
04May2021 4:00:00;0,0000000
04May2021 5:00:00;0,0701460
04May2021 6:00:00;11,5178064
04May2021 7:00:00;55,6693419
04May2021 8:00:00;110,4742239
04May2021 9:00:00;135,3576996
04May2021 10:00:00;167,9815043
04May2021 11:00:00;199,1675570
04May2021 12:00:00;185,0267584
04May2021 13:00:00;199,9350865
04May2021 14:00:00;226,9670123
04May2021 15:00:00;189,7777860
04May2021 16:00:00;141,5540441
04May2021 17:00:00;82,5469119
04May2021 18:00:00;35,0422047
04May2021 19:00:00;3,4461485
04May2021 20:00:00;0,0093790
04May2021 21:00:00;0,0000000
04May2021 22:00:00;0,0000000
04May2021 23:00:00;0,0000000
05May2021 0:00:00;0,0000000
05May2021 1:00:00;0,0000000
05May2021 2:00:00;0,0000000
05May2021 3:00:00;0,0000000
05May2021 4:00:00;0,0000000
05May2021 5:00:00;0,2358400
05May2021 6:00:00;20,4548611
05May2021 7:00:00;99,5082167
05May2021 8:00:00;214,5070279
05May2021 9:00:00;311,5211177
05May2021 10:00:00;383,1925466
05May2021 11:00:00;424,7987594
05May2021 12:00:00;430,3471475
05May2021 13:00:00;425,4270592
05May2021 14:00:00;391,7426481
05May2021 15:00:00;316,5809915
05May2021 16:00:00;222,5942127
05May2021 17:00:00;127,6873728
05May2021 18:00:00;47,1560238
05May2021 19:00:00;5,9351282
05May2021 20:00:00;0,0115270
05May2021 21:00:00;0,0000000
05May2021 22:00:00;0,0000000
05May2021 23:00:00;0,0000000
06May2021 0:00:00;0,0000000
06May2021 1:00:00;0,0000000
06May2021 2:00:00;0,0000000
06May2021 3:00:00;0,0000000
06May2021 4:00:00;0,0000000
06May2021 5:00:00;0,2568230
06May2021 6:00:00;17,9012228
06May2021 7:00:00;61,8793017
06May2021 8:00:00;110,6349238
06May2021 9:00:00;129,1890066
06May2021 10:00:00;131,9008741
06May2021 11:00:00;149,6383452
06May2021 12:00:00;155,1586018
06May2021 13:00:00;161,8623814
06May2021 14:00:00;167,7965208
06May2021 15:00:00;145,6593853
06May2021 16:00:00;121,5357665
06May2021 17:00:00;118,0023050
06May2021 18:00:00;54,0290750
06May2021 19:00:00;5,4060620
06May2021 20:00:00;0,0170460
06May2021 21:00:00;0,0000000
06May2021 22:00:00;0,0000000
06May2021 23:00:00;0,0000000
07May2021 0:00:00;0,0000000
07May2021 1:00:00;0,0000000
07May2021 2:00:00;0,0000000
07May2021 3:00:00;0,0000000
07May2021 4:00:00;0,0000000
07May2021 5:00:00;0,3186110
07May2021 6:00:00;19,3831317
07May2021 7:00:00;100,8057171
07May2021 8:00:00;221,7722339
07May2021 9:00:00;321,2482382
07May2021 10:00:00;385,0595129
07May2021 11:00:00;404,5626185
07May2021 12:00:00;406,2250941
07May2021 13:00:00;416,0552848
07May2021 14:00:00;409,7741957
07May2021 15:00:00;359,1633887
07May2021 16:00:00;275,2314565
07May2021 17:00:00;163,3712578
07May2021 18:00:00;54,3683321
07May2021 19:00:00;5,8523908
07May2021 20:00:00;0,0182190
07May2021 21:00:00;0,0000000
07May2021 22:00:00;0,0000000
07May2021 23:00:00;0,0000000
08May2021 0:00:00;0,0000000
08May2021 1:00:00;0,0000000
08May2021 2:00:00;0,0000000
08May2021 3:00:00;0,0000000
08May2021 4:00:00;0,0000000
08May2021 5:00:00;0,3822131
08May2021 6:00:00;13,4189739
08May2021 7:00:00;47,6552168
08May2021 8:00:00;109,1883393
08May2021 9:00:00;188,7980241
08May2021 10:00:00;289,7676642
08May2021 11:00:00;328,8057015
08May2021 12:00:00;308,7877852
08May2021 13:00:00;293,4092002
08May2021 14:00:00;247,5883990
08May2021 15:00:00;133,0407019
08May2021 16:00:00;75,5573392
08May2021 17:00:00;62,3257965
08May2021 18:00:00;36,8718214
08May2021 19:00:00;5,6421203
08May2021 20:00:00;0,3054010
08May2021 21:00:00;0,0000000
08May2021 22:00:00;0,0000000
08May2021 23:00:00;0,0000000
09May2021 0:00:00;0,0000000
09May2021 1:00:00;0,0000000
09May2021 2:00:00;0,0000000
09May2021 3:00:00;0,0000000
09May2021 4:00:00;0,0000000
09May2021 5:00:00;0,0690450
09May2021 6:00:00;10,6633171
09May2021 7:00:00;67,5465003
09May2021 8:00:00;186,1783786
09May2021 9:00:00;305,8814136
09May2021 10:00:00;382,4706742
09May2021 11:00:00;420,2578030
09May2021 12:00:00;423,7275381
09May2021 13:00:00;435,3735005
09May2021 14:00:00;417,2296419
09May2021 15:00:00;379,9596270
09May2021 16:00:00;297,3857081
09May2021 17:00:00;184,3330222
09May2021 18:00:00;62,2950518
09May2021 19:00:00;6,2759392
09May2021 20:00:00;0,0189620
09May2021 21:00:00;0,0000000
09May2021 22:00:00;0,0000000
09May2021 23:00:00;0,0000000
10May2021 0:00:00;0,0000000
10May2021 1:00:00;0,0000000
10May2021 2:00:00;0,0000000
10May2021 3:00:00;0,0000000
10May2021 4:00:00;0,0000000
10May2021 5:00:00;0,4155910
10May2021 6:00:00;22,3302360
10May2021 7:00:00;106,7040437
10May2021 8:00:00;229,5596380
10May2021 9:00:00;343,7060439
10May2021 10:00:00;418,6290930
10May2021 11:00:00;446,6504396
10May2021 12:00:00;456,3193218
10May2021 13:00:00;455,2782046
10May2021 14:00:00;436,8556526
10May2021 15:00:00;384,3930195
10May2021 16:00:00;296,1675640
10May2021 17:00:00;179,5915289
10May2021 18:00:00;60,3493239
10May2021 19:00:00;6,0249581
10May2021 20:00:00;0,0224140
10May2021 21:00:00;0,0000000
10May2021 22:00:00;0,0000000
10May2021 23:00:00;0,0000000
11May2021 0:00:00;0,0000000
11May2021 1:00:00;0,0000000
11May2021 2:00:00;0,0000000
11May2021 3:00:00;0,0000000
11May2021 4:00:00;0,0000000
11May2021 5:00:00;0,4201410
11May2021 6:00:00;21,5430577
11May2021 7:00:00;108,4091819
11May2021 8:00:00;233,5694051
11May2021 9:00:00;335,7564340
11May2021 10:00:00;405,7387595
11May2021 11:00:00;440,4006352
11May2021 12:00:00;450,6024729
11May2021 13:00:00;445,8373648
11May2021 14:00:00;425,1615485
11May2021 15:00:00;373,5180747
11May2021 16:00:00;286,4099391
11May2021 17:00:00;174,1703652
11May2021 18:00:00;58,9232108
11May2021 19:00:00;6,3748311
11May2021 20:00:00;0,0215850
11May2021 21:00:00;0,0000000
11May2021 22:00:00;0,0000000
11May2021 23:00:00;0,0000000
12May2021 0:00:00;0,0000000
12May2021 1:00:00;0,0000000
12May2021 2:00:00;0,0000000
12May2021 3:00:00;0,0000000
12May2021 4:00:00;0,0000000
12May2021 5:00:00;0,4164070
12May2021 6:00:00;21,5941489
12May2021 7:00:00;107,9353283
12May2021 8:00:00;232,0193001
12May2021 9:00:00;336,3638318
12May2021 10:00:00;405,4450323
12May2021 11:00:00;440,0265261
12May2021 12:00:00;449,0213969
12May2021 13:00:00;444,4237542
12May2021 14:00:00;420,0964864
12May2021 15:00:00;361,0108537
12May2021 16:00:00;276,4795382
12May2021 17:00:00;168,2859518
12May2021 18:00:00;59,3097661
12May2021 19:00:00;7,0944271
12May2021 20:00:00;0,0245220
12May2021 21:00:00;0,0000000
12May2021 22:00:00;0,0000000
12May2021 23:00:00;0,0000000
13May2021 0:00:00;0,0000000
13May2021 1:00:00;0,0000000
13May2021 2:00:00;0,0000000
13May2021 3:00:00;0,0000000
13May2021 4:00:00;0,0000000
13May2021 5:00:00;0,9157085
13May2021 6:00:00;25,6600790
13May2021 7:00:00;96,2274243
13May2021 8:00:00;214,6835856
13May2021 9:00:00;318,4220695
13May2021 10:00:00;386,5360020
13May2021 11:00:00;423,3005203
13May2021 12:00:00;436,0066131
13May2021 13:00:00;435,4264923
13May2021 14:00:00;403,3130524
13May2021 15:00:00;352,0859204
13May2021 16:00:00;272,0353376
13May2021 17:00:00;163,9478760
13May2021 18:00:00;59,4511286
13May2021 19:00:00;8,0423083
13May2021 20:00:00;0,0253470
13May2021 21:00:00;0,0000000
13May2021 22:00:00;0,0000000
13May2021 23:00:00;0,0000000
14May2021 0:00:00;0,0000000
14May2021 1:00:00;0,0000000
14May2021 2:00:00;0,0000000
14May2021 3:00:00;0,0000000
14May2021 4:00:00;0,0000000
14May2021 5:00:00;0,5391750
14May2021 6:00:00;22,7905048
14May2021 7:00:00;106,8866722
14May2021 8:00:00;224,6899005
14May2021 9:00:00;328,1268006
14May2021 10:00:00;393,3440113
14May2021 11:00:00;433,5641251
14May2021 12:00:00;445,2993059
14May2021 13:00:00;441,0114811
14May2021 14:00:00;417,8535519
14May2021 15:00:00;364,2127568
14May2021 16:00:00;280,0257957
14May2021 17:00:00;171,0648323
14May2021 18:00:00;60,1907823
14May2021 19:00:00;13,4407000
14May2021 20:00:00;0,0242720
14May2021 21:00:00;0,0000000
14May2021 22:00:00;0,0000000
14May2021 23:00:00;0,0000000
15May2021 0:00:00;0,0000000
15May2021 1:00:00;0,0000000
15May2021 2:00:00;0,0000000
15May2021 3:00:00;0,0000000
15May2021 4:00:00;0,0000000
15May2021 5:00:00;0,6722495
15May2021 6:00:00;23,2778455
15May2021 7:00:00;105,8540540
15May2021 8:00:00;224,0490814
15May2021 9:00:00;325,4914308
15May2021 10:00:00;394,3374010
15May2021 11:00:00;429,0809743
15May2021 12:00:00;440,5126346
15May2021 13:00:00;437,5282236
15May2021 14:00:00;415,3971663
15May2021 15:00:00;360,5154948
15May2021 16:00:00;277,0017358
15May2021 17:00:00;166,6885448
15May2021 18:00:00;58,8425781
15May2021 19:00:00;6,4320509
15May2021 20:00:00;0,0193940
15May2021 21:00:00;0,0000000
15May2021 22:00:00;0,0000000
15May2021 23:00:00;0,0000000
16May2021 0:00:00;0,0000000
16May2021 1:00:00;0,0000000
16May2021 2:00:00;0,0000000
16May2021 3:00:00;0,0000000
16May2021 4:00:00;0,0000000
16May2021 5:00:00;1,0795295
16May2021 6:00:00;24,9249457
16May2021 7:00:00;77,3977637
16May2021 8:00:00;138,1450160
16May2021 9:00:00;193,9395192
16May2021 10:00:00;250,7646420
16May2021 11:00:00;299,9045139
16May2021 12:00:00;353,9256375
16May2021 13:00:00;366,0819942
16May2021 14:00:00;304,2809938
16May2021 15:00:00;197,0570621
16May2021 16:00:00;106,2928558
16May2021 17:00:00;76,3488519
16May2021 18:00:00;47,3152063
16May2021 19:00:00;9,5577596
16May2021 20:00:00;0,0502020
16May2021 21:00:00;0,0000000
16May2021 22:00:00;0,0000000
16May2021 23:00:00;0,0000000
17May2021 0:00:00;0,0000000
17May2021 1:00:00;0,0000000
17May2021 2:00:00;0,0000000
17May2021 3:00:00;0,0000000
17May2021 4:00:00;0,0000000
17May2021 5:00:00;0,4269255
17May2021 6:00:00;22,0197462
17May2021 7:00:00;98,6236989
17May2021 8:00:00;208,9570836
17May2021 9:00:00;286,3784589
17May2021 10:00:00;305,1981234
17May2021 11:00:00;288,6656774
17May2021 12:00:00;291,5669972
17May2021 13:00:00;300,2673600
17May2021 14:00:00;277,6974805
17May2021 15:00:00;253,9032036
17May2021 16:00:00;212,8521325
17May2021 17:00:00;149,8538246
17May2021 18:00:00;60,4084776
17May2021 19:00:00;8,7353995
17May2021 20:00:00;0,0370490
17May2021 21:00:00;0,0000000
17May2021 22:00:00;0,0000000
17May2021 23:00:00;0,0000000
18May2021 0:00:00;0,0000000
18May2021 1:00:00;0,0000000
18May2021 2:00:00;0,0000000
18May2021 3:00:00;0,0000000
18May2021 4:00:00;0,0000000
18May2021 5:00:00;0,5327555
18May2021 6:00:00;20,2869787
18May2021 7:00:00;95,2700357
18May2021 8:00:00;209,2251290
18May2021 9:00:00;307,5093404
18May2021 10:00:00;379,0755327
18May2021 11:00:00;380,9991192
18May2021 12:00:00;348,5792544
18May2021 13:00:00;307,8545048
18May2021 14:00:00;285,6947426
18May2021 15:00:00;276,7214113
18May2021 16:00:00;225,2732493
18May2021 17:00:00;134,6540703
18May2021 18:00:00;54,9492597
18May2021 19:00:00;8,4687592
18May2021 20:00:00;0,0277680
18May2021 21:00:00;0,0000000
18May2021 22:00:00;0,0000000
18May2021 23:00:00;0,0000000
19May2021 0:00:00;0,0000000
19May2021 1:00:00;0,0000000
19May2021 2:00:00;0,0000000
19May2021 3:00:00;0,0000000
19May2021 4:00:00;0,0000000
19May2021 5:00:00;0,9524448
19May2021 6:00:00;23,5292200
19May2021 7:00:00;110,7510728
19May2021 8:00:00;235,4296046
19May2021 9:00:00;339,2354836
19May2021 10:00:00;409,1579469
19May2021 11:00:00;442,2413176
19May2021 12:00:00;450,8863368
19May2021 13:00:00;445,7416909
19May2021 14:00:00;422,0119929
19May2021 15:00:00;375,2308650
19May2021 16:00:00;291,1749982
19May2021 17:00:00;176,8670769
19May2021 18:00:00;63,8084074
19May2021 19:00:00;8,4964099
19May2021 20:00:00;0,0364630
19May2021 21:00:00;0,0000000
19May2021 22:00:00;0,0000000
19May2021 23:00:00;0,0000000
20May2021 0:00:00;0,0000000
20May2021 1:00:00;0,0000000
20May2021 2:00:00;0,0000000
20May2021 3:00:00;0,0000000
20May2021 4:00:00;0,0000000
20May2021 5:00:00;1,0148525
20May2021 6:00:00;23,6436522
20May2021 7:00:00;108,1523137
20May2021 8:00:00;224,8069024
20May2021 9:00:00;324,2301356
20May2021 10:00:00;390,2889790
20May2021 11:00:00;421,5586983
20May2021 12:00:00;439,6815117
20May2021 13:00:00;427,1068696
20May2021 14:00:00;391,1970939
20May2021 15:00:00;309,1181577
20May2021 16:00:00;259,5921812
20May2021 17:00:00;168,5472815
20May2021 18:00:00;61,9390576
20May2021 19:00:00;8,6282230
20May2021 20:00:00;0,0351790
20May2021 21:00:00;0,0000000
20May2021 22:00:00;0,0000000
20May2021 23:00:00;0,0000000
21May2021 0:00:00;0,0000000
21May2021 1:00:00;0,0000000
21May2021 2:00:00;0,0000000
21May2021 3:00:00;0,0000000
21May2021 4:00:00;0,0000000
21May2021 5:00:00;1,1368801
21May2021 6:00:00;24,3452566
21May2021 7:00:00;104,3508479
21May2021 8:00:00;219,0986882
21May2021 9:00:00;317,7587837
21May2021 10:00:00;384,9967163
21May2021 11:00:00;422,3286083
21May2021 12:00:00;425,7117380
21May2021 13:00:00;397,4779548
21May2021 14:00:00;364,7349678
21May2021 15:00:00;309,5065238
21May2021 16:00:00;222,8448232
21May2021 17:00:00;132,4623923
21May2021 18:00:00;48,7972649
21May2021 19:00:00;7,0361596
21May2021 20:00:00;0,0268920
21May2021 21:00:00;0,0000000
21May2021 22:00:00;0,0000000
21May2021 23:00:00;0,0000000
22May2021 0:00:00;0,0000000
22May2021 1:00:00;0,0000000
22May2021 2:00:00;0,0000000
22May2021 3:00:00;0,0000000
22May2021 4:00:00;0,0000000
22May2021 5:00:00;0,5922910
22May2021 6:00:00;17,1630749
22May2021 7:00:00;49,4477660
22May2021 8:00:00;99,6095981
22May2021 9:00:00;196,1286196
22May2021 10:00:00;215,8309426
22May2021 11:00:00;219,6269306
22May2021 12:00:00;207,5351877
22May2021 13:00:00;215,0689473
22May2021 14:00:00;207,9207526
22May2021 15:00:00;176,0532943
22May2021 16:00:00;120,5053984
22May2021 17:00:00;95,5201079
22May2021 18:00:00;47,8333801
22May2021 19:00:00;9,3168323
22May2021 20:00:00;0,0285580
22May2021 21:00:00;0,0000000
22May2021 22:00:00;0,0000000
22May2021 23:00:00;0,0000000
23May2021 0:00:00;0,0000000
23May2021 1:00:00;0,0000000
23May2021 2:00:00;0,0000000
23May2021 3:00:00;0,0000000
23May2021 4:00:00;0,0000000
23May2021 5:00:00;0,6863211
23May2021 6:00:00;20,1257164
23May2021 7:00:00;87,7295475
23May2021 8:00:00;188,6455373
23May2021 9:00:00;263,4941708
23May2021 10:00:00;339,7931626
23May2021 11:00:00;405,0116689
23May2021 12:00:00;415,3752444
23May2021 13:00:00;392,9771263
23May2021 14:00:00;381,3800580
23May2021 15:00:00;352,0866848
23May2021 16:00:00;267,0105030
23May2021 17:00:00;165,9111344
23May2021 18:00:00;65,7622768
23May2021 19:00:00;9,0865685
23May2021 20:00:00;0,0325670
23May2021 21:00:00;0,0000000
23May2021 22:00:00;0,0000000
23May2021 23:00:00;0,0000000
24May2021 0:00:00;0,0000000
24May2021 1:00:00;0,0000000
24May2021 2:00:00;0,0000000
24May2021 3:00:00;0,0000000
24May2021 4:00:00;0,0000000
24May2021 5:00:00;1,5430008
24May2021 6:00:00;27,8890264
24May2021 7:00:00;107,3775810
24May2021 8:00:00;222,8857295
24May2021 9:00:00;322,4972016
24May2021 10:00:00;390,0982680
24May2021 11:00:00;421,6285695
24May2021 12:00:00;431,5038685
24May2021 13:00:00;434,2430278
24May2021 14:00:00;408,6121217
24May2021 15:00:00;356,8150578
24May2021 16:00:00;276,2607646
24May2021 17:00:00;166,9686424
24May2021 18:00:00;65,4635484
24May2021 19:00:00;10,8771324
24May2021 20:00:00;0,9011330
24May2021 21:00:00;0,0000000
24May2021 22:00:00;0,0000000
24May2021 23:00:00;0,0000000
25May2021 0:00:00;0,0000000
25May2021 1:00:00;0,0000000
25May2021 2:00:00;0,0000000
25May2021 3:00:00;0,0000000
25May2021 4:00:00;0,0000000
25May2021 5:00:00;1,9824791
25May2021 6:00:00;31,0199602
25May2021 7:00:00;109,7764609
25May2021 8:00:00;223,1469810
25May2021 9:00:00;319,9770523
25May2021 10:00:00;372,6189058
25May2021 11:00:00;415,0665301
25May2021 12:00:00;428,3438199
25May2021 13:00:00;414,8524592
25May2021 14:00:00;407,2494383
25May2021 15:00:00;357,9427974
25May2021 16:00:00;281,2907173
25May2021 17:00:00;174,6068144
25May2021 18:00:00;68,6736079
25May2021 19:00:00;10,1022130
25May2021 20:00:00;0,0596780
25May2021 21:00:00;0,0000000
25May2021 22:00:00;0,0000000
25May2021 23:00:00;0,0000000
26May2021 0:00:00;0,0000000
26May2021 1:00:00;0,0000000
26May2021 2:00:00;0,0000000
26May2021 3:00:00;0,0000000
26May2021 4:00:00;0,0000000
26May2021 5:00:00;1,9123315
26May2021 6:00:00;27,6265653
26May2021 7:00:00;106,8088073
26May2021 8:00:00;219,4899781
26May2021 9:00:00;312,6782968
26May2021 10:00:00;379,4700321
26May2021 11:00:00;415,0958889
26May2021 12:00:00;417,5104358
26May2021 13:00:00;420,2315165
26May2021 14:00:00;393,3310210
26May2021 15:00:00;339,2057337
26May2021 16:00:00;262,2311353
26May2021 17:00:00;163,6250166
26May2021 18:00:00;62,7679163
26May2021 19:00:00;11,5903782
26May2021 20:00:00;0,0613530
26May2021 21:00:00;0,0000000
26May2021 22:00:00;0,0000000
26May2021 23:00:00;0,0000000
27May2021 0:00:00;0,0000000
27May2021 1:00:00;0,0000000
27May2021 2:00:00;0,0000000
27May2021 3:00:00;0,0000000
27May2021 4:00:00;0,0000000
27May2021 5:00:00;1,8276503
27May2021 6:00:00;29,3544874
27May2021 7:00:00;106,9623995
27May2021 8:00:00;216,9879831
27May2021 9:00:00;312,6198290
27May2021 10:00:00;373,5500446
27May2021 11:00:00;409,5403286
27May2021 12:00:00;409,8262896
27May2021 13:00:00;388,9274754
27May2021 14:00:00;341,3338573
27May2021 15:00:00;272,6773185
27May2021 16:00:00;160,3380870
27May2021 17:00:00;70,3935821
27May2021 18:00:00;26,0888513
27May2021 19:00:00;3,7472820
27May2021 20:00:00;0,0307830
27May2021 21:00:00;0,0000000
27May2021 22:00:00;0,0000000
27May2021 23:00:00;0,0000000
28May2021 0:00:00;0,0000000
28May2021 1:00:00;0,0000000
28May2021 2:00:00;0,0000000
28May2021 3:00:00;0,0000000
28May2021 4:00:00;0,0000000
28May2021 5:00:00;1,2607347
28May2021 6:00:00;25,0572052
28May2021 7:00:00;97,5421680
28May2021 8:00:00;213,7456290
28May2021 9:00:00;306,4762342
28May2021 10:00:00;368,0092934
28May2021 11:00:00;402,7026190
28May2021 12:00:00;418,2478544
28May2021 13:00:00;393,0116742
28May2021 14:00:00;349,1555332
28May2021 15:00:00;302,7804237
28May2021 16:00:00;227,0549816
28May2021 17:00:00;123,1334919
28May2021 18:00:00;44,1287346
28May2021 19:00:00;8,9712524
28May2021 20:00:00;0,0985770
28May2021 21:00:00;0,0000000
28May2021 22:00:00;0,0000000
28May2021 23:00:00;0,0000000
29May2021 0:00:00;0,0000000
29May2021 1:00:00;0,0000000
29May2021 2:00:00;0,0000000
29May2021 3:00:00;0,0000000
29May2021 4:00:00;0,0000000
29May2021 5:00:00;0,0627340
29May2021 6:00:00;10,0374763
29May2021 7:00:00;45,8420536
29May2021 8:00:00;95,6729897
29May2021 9:00:00;135,2310339
29May2021 10:00:00;196,5826319
29May2021 11:00:00;224,6988522
29May2021 12:00:00;247,3929061
29May2021 13:00:00;225,2516367
29May2021 14:00:00;211,6431945
29May2021 15:00:00;186,7543293
29May2021 16:00:00;133,2999705
29May2021 17:00:00;93,2692908
29May2021 18:00:00;50,2663890
29May2021 19:00:00;15,6626653
29May2021 20:00:00;0,0528340
29May2021 21:00:00;0,0000000
29May2021 22:00:00;0,0000000
29May2021 23:00:00;0,0000000
30May2021 0:00:00;0,0000000
30May2021 1:00:00;0,0000000
30May2021 2:00:00;0,0000000
30May2021 3:00:00;0,0000000
30May2021 4:00:00;0,0000000
30May2021 5:00:00;1,4487291
30May2021 6:00:00;25,2575998
30May2021 7:00:00;102,8617064
30May2021 8:00:00;214,2154919
30May2021 9:00:00;300,8860591
30May2021 10:00:00;353,5551952
30May2021 11:00:00;377,2485513
30May2021 12:00:00;366,4125289
30May2021 13:00:00;362,5395190
30May2021 14:00:00;355,2023024
30May2021 15:00:00;312,7769429
30May2021 16:00:00;239,9946837
30May2021 17:00:00;160,3637869
30May2021 18:00:00;70,9306462
30May2021 19:00:00;12,2758487
30May2021 20:00:00;0,0569560
30May2021 21:00:00;0,0000000
30May2021 22:00:00;0,0000000
30May2021 23:00:00;0,0000000
31May2021 0:00:00;0,0000000
31May2021 1:00:00;0,0000000
31May2021 2:00:00;0,0000000
31May2021 3:00:00;0,0000000
31May2021 4:00:00;0,0000000
31May2021 5:00:00;0,3523750
31May2021 6:00:00;10,3201567
31May2021 7:00:00;43,3841953
31May2021 8:00:00;119,9908855
31May2021 9:00:00;186,2482837
31May2021 10:00:00;210,4829174
31May2021 11:00:00;241,7913834
31May2021 12:00:00;271,9821804
31May2021 13:00:00;232,9485194
31May2021 14:00:00;242,0400131
31May2021 15:00:00;235,5484394
31May2021 16:00:00;210,0951433
31May2021 17:00:00;136,4963442
31May2021 18:00:00;67,0286149
31May2021 19:00:00;17,1103092
31May2021 20:00:00;0,2213530
31May2021 21:00:00;0,0000000
31May2021 22:00:00;0,0000000
31May2021 23:00:00;0,0000000
01Jun2021 0:00:00;0,0000000
01Jun2021 1:00:00;0,0000000
01Jun2021 2:00:00;0,0000000
01Jun2021 3:00:00;0,0000000
01Jun2021 4:00:00;0,0000000
01Jun2021 5:00:00;1,4752728
01Jun2021 6:00:00;12,5332765
01Jun2021 7:00:00;37,2011663
01Jun2021 8:00:00;79,7885781
01Jun2021 9:00:00;101,9535472
01Jun2021 10:00:00;128,9550436
01Jun2021 11:00:00;182,3205365
01Jun2021 12:00:00;244,5314727
01Jun2021 13:00:00;294,4062355
01Jun2021 14:00:00;263,8976154
01Jun2021 15:00:00;169,5475459
01Jun2021 16:00:00;106,6821729
01Jun2021 17:00:00;92,3635092
01Jun2021 18:00:00;44,5968373
01Jun2021 19:00:00;14,9530190
01Jun2021 20:00:00;0,2014710
01Jun2021 21:00:00;0,0000000
01Jun2021 22:00:00;0,0000000
01Jun2021 23:00:00;0,0000000
02Jun2021 0:00:00;0,0000000
02Jun2021 1:00:00;0,0000000
02Jun2021 2:00:00;0,0000000
02Jun2021 3:00:00;0,0000000
02Jun2021 4:00:00;0,0000000
02Jun2021 5:00:00;1,3894932
02Jun2021 6:00:00;21,6818923
02Jun2021 7:00:00;65,4057981
02Jun2021 8:00:00;143,0824652
02Jun2021 9:00:00;219,7558766
02Jun2021 10:00:00;259,5159235
02Jun2021 11:00:00;263,6668718
02Jun2021 12:00:00;233,9780607
02Jun2021 13:00:00;272,1362666
02Jun2021 14:00:00;287,0179657
02Jun2021 15:00:00;267,4260708
02Jun2021 16:00:00;222,0317050
02Jun2021 17:00:00;139,7934171
02Jun2021 18:00:00;64,6417913
02Jun2021 19:00:00;13,7168906
02Jun2021 20:00:00;0,4073730
02Jun2021 21:00:00;0,0000400
02Jun2021 22:00:00;0,0000400
02Jun2021 23:00:00;0,0000400
03Jun2021 0:00:00;0,0000400
03Jun2021 1:00:00;0,0000400
03Jun2021 2:00:00;0,0000000
03Jun2021 3:00:00;0,0000400
03Jun2021 4:00:00;0,0000400
03Jun2021 5:00:00;1,7634480
03Jun2021 6:00:00;26,3319640
03Jun2021 7:00:00;100,3195480
03Jun2021 8:00:00;195,1842233
03Jun2021 9:00:00;271,6184463
03Jun2021 10:00:00;287,5366453
03Jun2021 11:00:00;274,4654074
03Jun2021 12:00:00;275,1108118
03Jun2021 13:00:00;277,0357472
03Jun2021 14:00:00;260,3227008
03Jun2021 15:00:00;216,6521592
03Jun2021 16:00:00;161,1979128
03Jun2021 17:00:00;102,0289139
03Jun2021 18:00:00;45,1570364
03Jun2021 19:00:00;10,1061933
03Jun2021 20:00:00;0,0637540
03Jun2021 21:00:00;0,0000400
03Jun2021 22:00:00;0,0000400
03Jun2021 23:00:00;0,0000400
04Jun2021 0:00:00;0,0000400
04Jun2021 1:00:00;0,0000000
04Jun2021 2:00:00;0,0000400
04Jun2021 3:00:00;0,0000400
04Jun2021 4:00:00;0,0000400
04Jun2021 5:00:00;2,0741076
04Jun2021 6:00:00;28,3766472
04Jun2021 7:00:00;100,9645098
04Jun2021 8:00:00;180,8630907
04Jun2021 9:00:00;216,2931377
04Jun2021 10:00:00;218,3542126
04Jun2021 11:00:00;216,5057531
04Jun2021 12:00:00;219,3439532
04Jun2021 13:00:00;217,5416904
04Jun2021 14:00:00;211,1682535
04Jun2021 15:00:00;199,0345069
04Jun2021 16:00:00;164,6052933
04Jun2021 17:00:00;119,5355266
04Jun2021 18:00:00;59,2775300
04Jun2021 19:00:00;16,0658206
04Jun2021 20:00:00;0,2787850
04Jun2021 21:00:00;0,0000400
04Jun2021 22:00:00;0,0000400
04Jun2021 23:00:00;0,0000000
05Jun2021 0:00:00;0,0000400
05Jun2021 1:00:00;0,0000400
05Jun2021 2:00:00;0,0000400
05Jun2021 3:00:00;0,0000400
05Jun2021 4:00:00;0,0000400
05Jun2021 5:00:00;2,1189870
05Jun2021 6:00:00;29,7176300
05Jun2021 7:00:00;104,9442636
05Jun2021 8:00:00;204,9968002
05Jun2021 9:00:00;284,4921282
05Jun2021 10:00:00;291,7790445
05Jun2021 11:00:00;263,2649737
05Jun2021 12:00:00;271,5007050
05Jun2021 13:00:00;268,9896539
05Jun2021 14:00:00;264,1543033
05Jun2021 15:00:00;218,6990012
05Jun2021 16:00:00;157,4091720
05Jun2021 17:00:00;106,3425399
05Jun2021 18:00:00;46,0395964
05Jun2021 19:00:00;11,5264402
05Jun2021 20:00:00;0,1708600
05Jun2021 21:00:00;0,0000000
05Jun2021 22:00:00;0,0000000
05Jun2021 23:00:00;0,0000000
06Jun2021 0:00:00;0,0000000
06Jun2021 1:00:00;0,0000000
06Jun2021 2:00:00;0,0000000
06Jun2021 3:00:00;0,0000000
06Jun2021 4:00:00;0,0000000
06Jun2021 5:00:00;1,9592302
06Jun2021 6:00:00;27,3674961
06Jun2021 7:00:00;113,6267537
06Jun2021 8:00:00;231,3134869
06Jun2021 9:00:00;323,2078382
06Jun2021 10:00:00;384,5116058
06Jun2021 11:00:00;419,7744767
06Jun2021 12:00:00;429,5355146
06Jun2021 13:00:00;426,5758315
06Jun2021 14:00:00;413,5271415
06Jun2021 15:00:00;367,2876156
06Jun2021 16:00:00;290,2159293
06Jun2021 17:00:00;187,4763960
06Jun2021 18:00:00;72,8651107
06Jun2021 19:00:00;13,4092494
06Jun2021 20:00:00;0,2125740
06Jun2021 21:00:00;0,0000000
06Jun2021 22:00:00;0,0000000
06Jun2021 23:00:00;0,0000000
07Jun2021 0:00:00;0,0000000
07Jun2021 1:00:00;0,0000000
07Jun2021 2:00:00;0,0000000
07Jun2021 3:00:00;0,0000000
07Jun2021 4:00:00;0,0000000
07Jun2021 5:00:00;2,4000181
07Jun2021 6:00:00;27,8222009
07Jun2021 7:00:00;108,4876692
07Jun2021 8:00:00;221,1751248
07Jun2021 9:00:00;320,4149637
07Jun2021 10:00:00;383,7301498
07Jun2021 11:00:00;418,1243505
07Jun2021 12:00:00;426,1332287
07Jun2021 13:00:00;402,8454217
07Jun2021 14:00:00;370,6118287
07Jun2021 15:00:00;310,3153228
07Jun2021 16:00:00;247,2186429
07Jun2021 17:00:00;156,0419723
07Jun2021 18:00:00;68,1083266
07Jun2021 19:00:00;16,1426666
07Jun2021 20:00:00;0,1487090
07Jun2021 21:00:00;0,0000000
07Jun2021 22:00:00;0,0000000
07Jun2021 23:00:00;0,0000000
08Jun2021 0:00:00;0,0000000
08Jun2021 1:00:00;0,0000000
08Jun2021 2:00:00;0,0000000
08Jun2021 3:00:00;0,0000000
08Jun2021 4:00:00;0,0000000
08Jun2021 5:00:00;0,9432570
08Jun2021 6:00:00;14,9616201
08Jun2021 7:00:00;50,4743225
08Jun2021 8:00:00;95,9717562
08Jun2021 9:00:00;152,5086549
08Jun2021 10:00:00;237,8689510
08Jun2021 11:00:00;267,6798832
08Jun2021 12:00:00;242,3914103
08Jun2021 13:00:00;195,7405963
08Jun2021 14:00:00;188,0729981
08Jun2021 15:00:00;139,7806266
08Jun2021 16:00:00;125,9707311
08Jun2021 17:00:00;85,8566389
08Jun2021 18:00:00;41,1016309
08Jun2021 19:00:00;10,3239288
08Jun2021 20:00:00;0,1234160
08Jun2021 21:00:00;0,0000000
08Jun2021 22:00:00;0,0000000
08Jun2021 23:00:00;0,0000000
09Jun2021 0:00:00;0,0000000
09Jun2021 1:00:00;0,0000000
09Jun2021 2:00:00;0,0000000
09Jun2021 3:00:00;0,0000000
09Jun2021 4:00:00;0,0000000
09Jun2021 5:00:00;1,6391110
09Jun2021 6:00:00;23,9128945
09Jun2021 7:00:00;84,1910501
09Jun2021 8:00:00;178,9872083
09Jun2021 9:00:00;259,0510557
09Jun2021 10:00:00;307,8364385
09Jun2021 11:00:00;307,6854732
09Jun2021 12:00:00;270,4225584
09Jun2021 13:00:00;229,9414417
09Jun2021 14:00:00;189,9453318
09Jun2021 15:00:00;178,8200404
09Jun2021 16:00:00;180,2808101
09Jun2021 17:00:00;135,1009140
09Jun2021 18:00:00;60,9538052
09Jun2021 19:00:00;19,9445718
09Jun2021 20:00:00;0,3336770
09Jun2021 21:00:00;0,0000000
09Jun2021 22:00:00;0,0000000
09Jun2021 23:00:00;0,0000000
10Jun2021 0:00:00;0,0000000
10Jun2021 1:00:00;0,0000000
10Jun2021 2:00:00;0,0000000
10Jun2021 3:00:00;0,0000000
10Jun2021 4:00:00;0,0000000
10Jun2021 5:00:00;2,6411050
10Jun2021 6:00:00;30,3963946
10Jun2021 7:00:00;108,0589153
10Jun2021 8:00:00;221,2765499
10Jun2021 9:00:00;313,5374427
10Jun2021 10:00:00;354,6187117
10Jun2021 11:00:00;353,4417491
10Jun2021 12:00:00;341,4585928
10Jun2021 13:00:00;347,0306139
10Jun2021 14:00:00;301,0431631
10Jun2021 15:00:00;238,7885213
10Jun2021 16:00:00;167,4549406
10Jun2021 17:00:00;101,1185117
10Jun2021 18:00:00;65,1910842
10Jun2021 19:00:00;14,3114271
10Jun2021 20:00:00;1,5745060
10Jun2021 21:00:00;0,0000000
10Jun2021 22:00:00;0,0000000
10Jun2021 23:00:00;0,0000000
11Jun2021 0:00:00;0,0000000
11Jun2021 1:00:00;0,0000000
11Jun2021 2:00:00;0,0000000
11Jun2021 3:00:00;0,0000000
11Jun2021 4:00:00;0,0000000
11Jun2021 5:00:00;2,4389400
11Jun2021 6:00:00;29,0824745
11Jun2021 7:00:00;102,6533396
11Jun2021 8:00:00;203,3889731
11Jun2021 9:00:00;274,2162541
11Jun2021 10:00:00;324,7903946
11Jun2021 11:00:00;329,3718733
11Jun2021 12:00:00;298,6490834
11Jun2021 13:00:00;230,2190427
11Jun2021 14:00:00;141,9398053
11Jun2021 15:00:00;91,7338200
11Jun2021 16:00:00;57,5690178
11Jun2021 17:00:00;40,8648698
11Jun2021 18:00:00;23,4885157
11Jun2021 19:00:00;8,0940633
11Jun2021 20:00:00;0,2391150
11Jun2021 21:00:00;0,0000000
11Jun2021 22:00:00;0,0000000
11Jun2021 23:00:00;0,0000000
12Jun2021 0:00:00;0,0000000
12Jun2021 1:00:00;0,0000000
12Jun2021 2:00:00;0,0000000
12Jun2021 3:00:00;0,0000000
12Jun2021 4:00:00;0,0000000
12Jun2021 5:00:00;1,3984660
12Jun2021 6:00:00;22,9942909
12Jun2021 7:00:00;72,3255117
12Jun2021 8:00:00;146,2070917
12Jun2021 9:00:00;218,8337276
12Jun2021 10:00:00;267,2877228
12Jun2021 11:00:00;321,1263913
12Jun2021 12:00:00;319,4939420
12Jun2021 13:00:00;254,7242003
12Jun2021 14:00:00;175,0458220
12Jun2021 15:00:00;122,0884733
12Jun2021 16:00:00;139,4544995
12Jun2021 17:00:00;123,9171995
12Jun2021 18:00:00;69,6188710
12Jun2021 19:00:00;16,3579710
12Jun2021 20:00:00;0,2159980
12Jun2021 21:00:00;0,0000000
12Jun2021 22:00:00;0,0000000
12Jun2021 23:00:00;0,0000000
13Jun2021 0:00:00;0,0000000
13Jun2021 1:00:00;0,0000000
13Jun2021 2:00:00;0,0000000
13Jun2021 3:00:00;0,0000000
13Jun2021 4:00:00;0,0000000
13Jun2021 5:00:00;2,2885190
13Jun2021 6:00:00;26,4175533
13Jun2021 7:00:00;105,3456001
13Jun2021 8:00:00;221,7189349
13Jun2021 9:00:00;315,2354860
13Jun2021 10:00:00;377,7800862
13Jun2021 11:00:00;403,1718574
13Jun2021 12:00:00;401,7785807
13Jun2021 13:00:00;366,7236103
13Jun2021 14:00:00;318,3120806
13Jun2021 15:00:00;290,3060364
13Jun2021 16:00:00;217,4073681
13Jun2021 17:00:00;132,9923709
13Jun2021 18:00:00;60,8499885
13Jun2021 19:00:00;15,3315565
13Jun2021 20:00:00;0,2101890
13Jun2021 21:00:00;0,0000000
13Jun2021 22:00:00;0,0000000
13Jun2021 23:00:00;0,0000000
14Jun2021 0:00:00;0,0000000
14Jun2021 1:00:00;0,0000000
14Jun2021 2:00:00;0,0000000
14Jun2021 3:00:00;0,0000000
14Jun2021 4:00:00;0,0000000
14Jun2021 5:00:00;1,2023300
14Jun2021 6:00:00;17,5521461
14Jun2021 7:00:00;53,9039558
14Jun2021 8:00:00;114,2622421
14Jun2021 9:00:00;172,6281134
14Jun2021 10:00:00;210,2348452
14Jun2021 11:00:00;221,1767869
14Jun2021 12:00:00;252,0531969
14Jun2021 13:00:00;297,9561325
14Jun2021 14:00:00;299,9773654
14Jun2021 15:00:00;211,8282213
14Jun2021 16:00:00;100,8179364
14Jun2021 17:00:00;35,0746478
14Jun2021 18:00:00;14,2103085
14Jun2021 19:00:00;6,4427325
14Jun2021 20:00:00;0,2492370
14Jun2021 21:00:00;0,0000000
14Jun2021 22:00:00;0,0000000
14Jun2021 23:00:00;0,0000000
15Jun2021 0:00:00;0,0000000
15Jun2021 1:00:00;0,0000000
15Jun2021 2:00:00;0,0000000
15Jun2021 3:00:00;0,0000000
15Jun2021 4:00:00;0,0000000
15Jun2021 5:00:00;1,7471640
15Jun2021 6:00:00;26,9501934
15Jun2021 7:00:00;85,8305017
15Jun2021 8:00:00;163,1333297
15Jun2021 9:00:00;246,6017244
15Jun2021 10:00:00;294,7277229
15Jun2021 11:00:00;333,6567135
15Jun2021 12:00:00;339,9063134
15Jun2021 13:00:00;337,1780151
15Jun2021 14:00:00;347,1022801
15Jun2021 15:00:00;288,8480559
15Jun2021 16:00:00;180,5744591
15Jun2021 17:00:00;96,3443054
15Jun2021 18:00:00;45,4923564
15Jun2021 19:00:00;14,4501705
15Jun2021 20:00:00;0,3268530
15Jun2021 21:00:00;0,0000000
15Jun2021 22:00:00;0,0000000
15Jun2021 23:00:00;0,0000000
16Jun2021 0:00:00;0,0000000
16Jun2021 1:00:00;0,0000000
16Jun2021 2:00:00;0,0000000
16Jun2021 3:00:00;0,0000000
16Jun2021 4:00:00;0,0000000
16Jun2021 5:00:00;1,8155390
16Jun2021 6:00:00;30,5695084
16Jun2021 7:00:00;96,1862542
16Jun2021 8:00:00;192,1345398
16Jun2021 9:00:00;243,8774559
16Jun2021 10:00:00;281,1951165
16Jun2021 11:00:00;261,8787224
16Jun2021 12:00:00;245,6864352
16Jun2021 13:00:00;228,7167034
16Jun2021 14:00:00;166,7605124
16Jun2021 15:00:00;154,1009563
16Jun2021 16:00:00;157,3478908
16Jun2021 17:00:00;117,0011607
16Jun2021 18:00:00;56,0555746
16Jun2021 19:00:00;16,6975112
16Jun2021 20:00:00;3,4709430
16Jun2021 21:00:00;0,0000000
16Jun2021 22:00:00;0,0000000
16Jun2021 23:00:00;0,0000000
17Jun2021 0:00:00;0,0000000
17Jun2021 1:00:00;0,0000000
17Jun2021 2:00:00;0,0000000
17Jun2021 3:00:00;0,0000000
17Jun2021 4:00:00;0,0000000
17Jun2021 5:00:00;1,5758310
17Jun2021 6:00:00;20,1206251
17Jun2021 7:00:00;71,9289513
17Jun2021 8:00:00;143,2929606
17Jun2021 9:00:00;209,8135817
17Jun2021 10:00:00;266,0135181
17Jun2021 11:00:00;290,9418253
17Jun2021 12:00:00;258,4026583
17Jun2021 13:00:00;230,3458323
17Jun2021 14:00:00;197,6397828
17Jun2021 15:00:00;170,3322366
17Jun2021 16:00:00;155,3303789
17Jun2021 17:00:00;106,6653903
17Jun2021 18:00:00;51,1880804
17Jun2021 19:00:00;15,0108657
17Jun2021 20:00:00;0,2371910
17Jun2021 21:00:00;0,0000000
17Jun2021 22:00:00;0,0000000
17Jun2021 23:00:00;0,0000000
18Jun2021 0:00:00;0,0000000
18Jun2021 1:00:00;0,0000000
18Jun2021 2:00:00;0,0000000
18Jun2021 3:00:00;0,0000000
18Jun2021 4:00:00;0,0000000
18Jun2021 5:00:00;2,2735500
18Jun2021 6:00:00;26,5930618
18Jun2021 7:00:00;105,1397112
18Jun2021 8:00:00;212,4209210
18Jun2021 9:00:00;302,8403885
18Jun2021 10:00:00;355,9600246
18Jun2021 11:00:00;366,6095077
18Jun2021 12:00:00;370,0751120
18Jun2021 13:00:00;372,1477850
18Jun2021 14:00:00;344,7905536
18Jun2021 15:00:00;305,9244023
18Jun2021 16:00:00;249,8325465
18Jun2021 17:00:00;164,3808808
18Jun2021 18:00:00;71,3928800
18Jun2021 19:00:00;15,9271851
18Jun2021 20:00:00;0,2637500
18Jun2021 21:00:00;0,0000000
18Jun2021 22:00:00;0,0000000
18Jun2021 23:00:00;0,0000000
19Jun2021 0:00:00;0,0000000
19Jun2021 1:00:00;0,0000000
19Jun2021 2:00:00;0,0000000
19Jun2021 3:00:00;0,0000000
19Jun2021 4:00:00;0,0000000
19Jun2021 5:00:00;2,5624580
19Jun2021 6:00:00;26,2994774
19Jun2021 7:00:00;93,4654682
19Jun2021 8:00:00;197,1367231
19Jun2021 9:00:00;283,9807222
19Jun2021 10:00:00;356,4496133
19Jun2021 11:00:00;397,9650589
19Jun2021 12:00:00;368,7754819
19Jun2021 13:00:00;331,9323444
19Jun2021 14:00:00;330,6848826
19Jun2021 15:00:00;281,8887897
19Jun2021 16:00:00;207,8141439
19Jun2021 17:00:00;127,2195071
19Jun2021 18:00:00;57,9452410
19Jun2021 19:00:00;14,7359846
19Jun2021 20:00:00;0,2413280
19Jun2021 21:00:00;0,0000000
19Jun2021 22:00:00;0,0000000
19Jun2021 23:00:00;0,0000000
20Jun2021 0:00:00;0,0000000
20Jun2021 1:00:00;0,0000000
20Jun2021 2:00:00;0,0000000
20Jun2021 3:00:00;0,0000000
20Jun2021 4:00:00;0,0000000
20Jun2021 5:00:00;2,2338340
20Jun2021 6:00:00;26,9649542
20Jun2021 7:00:00;96,7138246
20Jun2021 8:00:00;201,6003700
20Jun2021 9:00:00;295,0722976
20Jun2021 10:00:00;373,2384733
20Jun2021 11:00:00;404,8558508
20Jun2021 12:00:00;384,5798016
20Jun2021 13:00:00;355,4360938
20Jun2021 14:00:00;311,4112943
20Jun2021 15:00:00;281,3871593
20Jun2021 16:00:00;217,5836486
20Jun2021 17:00:00;139,7563270
20Jun2021 18:00:00;65,1639145
20Jun2021 19:00:00;12,0217188
20Jun2021 20:00:00;0,1558160
20Jun2021 21:00:00;0,0000000
20Jun2021 22:00:00;0,0000000
20Jun2021 23:00:00;0,0000000
21Jun2021 0:00:00;0,0000000
21Jun2021 1:00:00;0,0000000
21Jun2021 2:00:00;0,0000000
21Jun2021 3:00:00;0,0000000
21Jun2021 4:00:00;0,0000000
21Jun2021 5:00:00;2,8677890
21Jun2021 6:00:00;21,0561936
21Jun2021 7:00:00;45,5297721
21Jun2021 8:00:00;85,9510254
21Jun2021 9:00:00;163,9406890
21Jun2021 10:00:00;294,4914143
21Jun2021 11:00:00;385,2333665
21Jun2021 12:00:00;389,9280060
21Jun2021 13:00:00;376,5756919
21Jun2021 14:00:00;326,0114661
21Jun2021 15:00:00;260,6577477
21Jun2021 16:00:00;183,2261241
21Jun2021 17:00:00;118,8864593
21Jun2021 18:00:00;55,8120251
21Jun2021 19:00:00;13,7656147
21Jun2021 20:00:00;0,1798640
21Jun2021 21:00:00;0,0000000
21Jun2021 22:00:00;0,0000000
21Jun2021 23:00:00;0,0000000
22Jun2021 0:00:00;0,0000000
22Jun2021 1:00:00;0,0000000
22Jun2021 2:00:00;0,0000000
22Jun2021 3:00:00;0,0000000
22Jun2021 4:00:00;0,0000000
22Jun2021 5:00:00;2,2652770
22Jun2021 6:00:00;26,4780284
22Jun2021 7:00:00;73,7464518
22Jun2021 8:00:00;153,2552210
22Jun2021 9:00:00;238,1988312
22Jun2021 10:00:00;278,8702307
22Jun2021 11:00:00;264,1013156
22Jun2021 12:00:00;229,8175165
22Jun2021 13:00:00;202,3040029
22Jun2021 14:00:00;180,8458560
22Jun2021 15:00:00;168,4129666
22Jun2021 16:00:00;120,8209840
22Jun2021 17:00:00;109,9752519
22Jun2021 18:00:00;56,1859260
22Jun2021 19:00:00;18,7478852
22Jun2021 20:00:00;0,5666760
22Jun2021 21:00:00;0,0000000
22Jun2021 22:00:00;0,0000000
22Jun2021 23:00:00;0,0000000
23Jun2021 0:00:00;0,0000000
23Jun2021 1:00:00;0,0000000
23Jun2021 2:00:00;0,0000000
23Jun2021 3:00:00;0,0000000
23Jun2021 4:00:00;0,0000000
23Jun2021 5:00:00;1,7173230
23Jun2021 6:00:00;24,2603563
23Jun2021 7:00:00;93,5614115
23Jun2021 8:00:00;197,9710447
23Jun2021 9:00:00;289,5547263
23Jun2021 10:00:00;338,8139482
23Jun2021 11:00:00;360,0564833
23Jun2021 12:00:00;345,1801003
23Jun2021 13:00:00;338,9254211
23Jun2021 14:00:00;306,5375816
23Jun2021 15:00:00;247,8789394
23Jun2021 16:00:00;208,1216832
23Jun2021 17:00:00;136,9376255
23Jun2021 18:00:00;63,0897833
23Jun2021 19:00:00;16,9289156
23Jun2021 20:00:00;0,2184370
23Jun2021 21:00:00;0,0000000
23Jun2021 22:00:00;0,0000000
23Jun2021 23:00:00;0,0000000
24Jun2021 0:00:00;0,0000000
24Jun2021 1:00:00;0,0000000
24Jun2021 2:00:00;0,0000000
24Jun2021 3:00:00;0,0000000
24Jun2021 4:00:00;0,0000000
24Jun2021 5:00:00;2,3072910
24Jun2021 6:00:00;29,1669952
24Jun2021 7:00:00;87,6480166
24Jun2021 8:00:00;185,9278555
24Jun2021 9:00:00;262,2708900
24Jun2021 10:00:00;313,4387920
24Jun2021 11:00:00;317,4103747
24Jun2021 12:00:00;326,4302209
24Jun2021 13:00:00;306,5269141
24Jun2021 14:00:00;262,4587281
24Jun2021 15:00:00;223,4625717
24Jun2021 16:00:00;183,1371236
24Jun2021 17:00:00;114,7442947
24Jun2021 18:00:00;57,4102308
24Jun2021 19:00:00;18,4831625
24Jun2021 20:00:00;0,7220070
24Jun2021 21:00:00;0,0000000
24Jun2021 22:00:00;0,0000000
24Jun2021 23:00:00;0,0000000
25Jun2021 0:00:00;0,0000000
25Jun2021 1:00:00;0,0000000
25Jun2021 2:00:00;0,0000000
25Jun2021 3:00:00;0,0000000
25Jun2021 4:00:00;0,0000000
25Jun2021 5:00:00;1,7955920
25Jun2021 6:00:00;26,1409129
25Jun2021 7:00:00;94,2180144
25Jun2021 8:00:00;193,1265053
25Jun2021 9:00:00;272,4101451
25Jun2021 10:00:00;338,9531014
25Jun2021 11:00:00;364,9520244
25Jun2021 12:00:00;333,6719529
25Jun2021 13:00:00;286,7234089
25Jun2021 14:00:00;228,4193884
25Jun2021 15:00:00;192,0086047
25Jun2021 16:00:00;150,6328468
25Jun2021 17:00:00;103,1457420
25Jun2021 18:00:00;55,1838909
25Jun2021 19:00:00;16,5196426
25Jun2021 20:00:00;0,2666000
25Jun2021 21:00:00;0,0000000
25Jun2021 22:00:00;0,0000000
25Jun2021 23:00:00;0,0000000
26Jun2021 0:00:00;0,0000000
26Jun2021 1:00:00;0,0000000
26Jun2021 2:00:00;0,0000000
26Jun2021 3:00:00;0,0000000
26Jun2021 4:00:00;0,0000000
26Jun2021 5:00:00;0,9040710
26Jun2021 6:00:00;16,1509941
26Jun2021 7:00:00;55,0683731
26Jun2021 8:00:00;111,2422361
26Jun2021 9:00:00;182,4212733
26Jun2021 10:00:00;264,5506324
26Jun2021 11:00:00;325,4306250
26Jun2021 12:00:00;325,1550142
26Jun2021 13:00:00;332,7981954
26Jun2021 14:00:00;346,8391357
26Jun2021 15:00:00;330,6673348
26Jun2021 16:00:00;254,8185827
26Jun2021 17:00:00;158,1544350
26Jun2021 18:00:00;68,9985353
26Jun2021 19:00:00;18,5810285
26Jun2021 20:00:00;0,4369570
26Jun2021 21:00:00;0,0000000
26Jun2021 22:00:00;0,0000000
26Jun2021 23:00:00;0,0000000
27Jun2021 0:00:00;0,0000000
27Jun2021 1:00:00;0,0000000
27Jun2021 2:00:00;0,0000000
27Jun2021 3:00:00;0,0000000
27Jun2021 4:00:00;0,0000000
27Jun2021 5:00:00;2,0494860
27Jun2021 6:00:00;26,0692706
27Jun2021 7:00:00;96,0125268
27Jun2021 8:00:00;199,7922742
27Jun2021 9:00:00;276,5810209
27Jun2021 10:00:00;332,8280974
27Jun2021 11:00:00;362,8029435
27Jun2021 12:00:00;380,3862684
27Jun2021 13:00:00;358,3650773
27Jun2021 14:00:00;327,6418880
27Jun2021 15:00:00;286,1664849
27Jun2021 16:00:00;220,6169382
27Jun2021 17:00:00;145,9121327
27Jun2021 18:00:00;63,3453576
27Jun2021 19:00:00;16,9390322
27Jun2021 20:00:00;0,3604970
27Jun2021 21:00:00;0,0000000
27Jun2021 22:00:00;0,0000000
27Jun2021 23:00:00;0,0000000
28Jun2021 0:00:00;0,0000000
28Jun2021 1:00:00;0,0000000
28Jun2021 2:00:00;0,0000000
28Jun2021 3:00:00;0,0000000
28Jun2021 4:00:00;0,0000000
28Jun2021 5:00:00;1,9869350
28Jun2021 6:00:00;25,6762791
28Jun2021 7:00:00;96,8949257
28Jun2021 8:00:00;203,4566676
28Jun2021 9:00:00;287,6901092
28Jun2021 10:00:00;326,1065628
28Jun2021 11:00:00;359,5672723
28Jun2021 12:00:00;364,2021340
28Jun2021 13:00:00;351,0936017
28Jun2021 14:00:00;330,1766699
28Jun2021 15:00:00;281,0810980
28Jun2021 16:00:00;194,7318139
28Jun2021 17:00:00;140,2658269
28Jun2021 18:00:00;66,3380727
28Jun2021 19:00:00;16,8922662
28Jun2021 20:00:00;0,5231880
28Jun2021 21:00:00;0,0000000
28Jun2021 22:00:00;0,0000000
28Jun2021 23:00:00;0,0000000
29Jun2021 0:00:00;0,0000000
29Jun2021 1:00:00;0,0000000
29Jun2021 2:00:00;0,0000000
29Jun2021 3:00:00;0,0000000
29Jun2021 4:00:00;0,0000000
29Jun2021 5:00:00;1,8996780
29Jun2021 6:00:00;24,5111409
29Jun2021 7:00:00;99,9003021
29Jun2021 8:00:00;210,0553453
29Jun2021 9:00:00;308,2473699
29Jun2021 10:00:00;376,5078551
29Jun2021 11:00:00;406,9133788
29Jun2021 12:00:00;403,8330285
29Jun2021 13:00:00;412,1368362
29Jun2021 14:00:00;388,2548749
29Jun2021 15:00:00;341,3764510
29Jun2021 16:00:00;270,2955682
29Jun2021 17:00:00;181,5297134
29Jun2021 18:00:00;77,5969215
29Jun2021 19:00:00;14,4423603
29Jun2021 20:00:00;0,2939650
29Jun2021 21:00:00;0,0000000
29Jun2021 22:00:00;0,0000000
29Jun2021 23:00:00;0,0000000
30Jun2021 0:00:00;0,0000000
30Jun2021 1:00:00;0,0000000
30Jun2021 2:00:00;0,0000000
30Jun2021 3:00:00;0,0000000
30Jun2021 4:00:00;0,0000000
30Jun2021 5:00:00;1,5791780
30Jun2021 6:00:00;22,9377439
30Jun2021 7:00:00;99,2897049
30Jun2021 8:00:00;213,1181167
30Jun2021 9:00:00;307,0097906
30Jun2021 10:00:00;377,2677000
30Jun2021 11:00:00;415,4282280
30Jun2021 12:00:00;432,9311609
30Jun2021 13:00:00;423,3636080
30Jun2021 14:00:00;399,6345786
30Jun2021 15:00:00;352,1177302
30Jun2021 16:00:00;283,4655202
30Jun2021 17:00:00;183,7041020
30Jun2021 18:00:00;77,2419558
30Jun2021 19:00:00;14,4677267
30Jun2021 20:00:00;0,3064730
30Jun2021 21:00:00;0,0000000
30Jun2021 22:00:00;0,0000000
30Jun2021 23:00:00;0,0000000
01Jul2021 0:00:00;0,0030400
01Jul2021 1:00:00;0,0028000
01Jul2021 2:00:00;0,0023200
01Jul2021 3:00:00;0,0022800
01Jul2021 4:00:00;0,0025200
01Jul2021 5:00:00;1,5249047
01Jul2021 6:00:00;21,7668333
01Jul2021 7:00:00;95,9311185
01Jul2021 8:00:00;205,6673091
01Jul2021 9:00:00;300,9555782
01Jul2021 10:00:00;367,0446632
01Jul2021 11:00:00;404,3760199
01Jul2021 12:00:00;420,8043831
01Jul2021 13:00:00;415,6035379
01Jul2021 14:00:00;392,3365884
01Jul2021 15:00:00;349,8602183
01Jul2021 16:00:00;277,5610976
01Jul2021 17:00:00;178,6850233
01Jul2021 18:00:00;74,5680775
01Jul2021 19:00:00;23,6972284
01Jul2021 20:00:00;0,4209301
01Jul2021 21:00:00;0,0022800
01Jul2021 22:00:00;0,0021200
01Jul2021 23:00:00;0,0024400
02Jul2021 0:00:00;0,0025600
02Jul2021 1:00:00;0,0020800
02Jul2021 2:00:00;0,0022800
02Jul2021 3:00:00;0,0023600
02Jul2021 4:00:00;0,0024400
02Jul2021 5:00:00;1,9897986
02Jul2021 6:00:00;27,8344351
02Jul2021 7:00:00;93,4449417
02Jul2021 8:00:00;190,2037730
02Jul2021 9:00:00;280,4055286
02Jul2021 10:00:00;342,8379339
02Jul2021 11:00:00;388,1454046
02Jul2021 12:00:00;395,6194005
02Jul2021 13:00:00;349,1190353
02Jul2021 14:00:00;294,8407029
02Jul2021 15:00:00;278,1512221
02Jul2021 16:00:00;213,5495189
02Jul2021 17:00:00;133,4549363
02Jul2021 18:00:00;56,9258998
02Jul2021 19:00:00;15,3600918
02Jul2021 20:00:00;0,7182993
02Jul2021 21:00:00;0,0026400
02Jul2021 22:00:00;0,0025200
02Jul2021 23:00:00;0,0027200
03Jul2021 0:00:00;0,0025200
03Jul2021 1:00:00;0,0022400
03Jul2021 2:00:00;0,0022400
03Jul2021 3:00:00;0,0024400
03Jul2021 4:00:00;0,0020800
03Jul2021 5:00:00;1,4714515
03Jul2021 6:00:00;22,3407646
03Jul2021 7:00:00;74,3414590
03Jul2021 8:00:00;151,1937225
03Jul2021 9:00:00;214,5675237
03Jul2021 10:00:00;252,0348678
03Jul2021 11:00:00;257,4110122
03Jul2021 12:00:00;228,6029030
03Jul2021 13:00:00;213,5733039
03Jul2021 14:00:00;202,1865546
03Jul2021 15:00:00;126,1343837
03Jul2021 16:00:00;81,5982485
03Jul2021 17:00:00;59,9997673
03Jul2021 18:00:00;30,4739125
03Jul2021 19:00:00;5,8590463
03Jul2021 20:00:00;0,0868210
03Jul2021 21:00:00;0,0026800
03Jul2021 22:00:00;0,0024800
03Jul2021 23:00:00;0,0024000
04Jul2021 0:00:00;0,0030000
04Jul2021 1:00:00;0,0024400
04Jul2021 2:00:00;0,0022400
04Jul2021 3:00:00;0,0021600
04Jul2021 4:00:00;0,0022000
04Jul2021 5:00:00;0,7631856
04Jul2021 6:00:00;19,0134130
04Jul2021 7:00:00;86,2587389
04Jul2021 8:00:00;184,6757975
04Jul2021 9:00:00;255,7967584
04Jul2021 10:00:00;265,1236418
04Jul2021 11:00:00;248,6898045
04Jul2021 12:00:00;244,7707026
04Jul2021 13:00:00;234,3073793
04Jul2021 14:00:00;208,8433570
04Jul2021 15:00:00;174,9300715
04Jul2021 16:00:00;180,1229072
04Jul2021 17:00:00;127,6550495
04Jul2021 18:00:00;58,9172147
04Jul2021 19:00:00;17,8815830
04Jul2021 20:00:00;0,3623455
04Jul2021 21:00:00;0,0036000
04Jul2021 22:00:00;0,0030400
04Jul2021 23:00:00;0,0030400
05Jul2021 0:00:00;0,0034800
05Jul2021 1:00:00;0,0040800
05Jul2021 2:00:00;0,0031200
05Jul2021 3:00:00;0,0029200
05Jul2021 4:00:00;0,0028800
05Jul2021 5:00:00;1,0668363
05Jul2021 6:00:00;20,3239221
05Jul2021 7:00:00;91,6665993
05Jul2021 8:00:00;204,0971440
05Jul2021 9:00:00;295,0210233
05Jul2021 10:00:00;348,9200306
05Jul2021 11:00:00;373,8284252
05Jul2021 12:00:00;351,7122113
05Jul2021 13:00:00;321,2080930
05Jul2021 14:00:00;294,9106929
05Jul2021 15:00:00;272,9805059
05Jul2021 16:00:00;220,9090681
05Jul2021 17:00:00;141,0840007
05Jul2021 18:00:00;69,8750251
05Jul2021 19:00:00;18,7361188
05Jul2021 20:00:00;0,4135550
05Jul2021 21:00:00;0,0023200
05Jul2021 22:00:00;0,0020400
05Jul2021 23:00:00;0,0019600
06Jul2021 0:00:00;0,0028000
06Jul2021 1:00:00;0,0025600
06Jul2021 2:00:00;0,0021200
06Jul2021 3:00:00;0,0019600
06Jul2021 4:00:00;0,0020400
06Jul2021 5:00:00;0,7191952
06Jul2021 6:00:00;21,5496764
06Jul2021 7:00:00;93,3151014
06Jul2021 8:00:00;206,5010230
06Jul2021 9:00:00;302,4361762
06Jul2021 10:00:00;369,7286670
06Jul2021 11:00:00;377,7675711
06Jul2021 12:00:00;353,3113271
06Jul2021 13:00:00;314,3947640
06Jul2021 14:00:00;296,8247001
06Jul2021 15:00:00;271,9178894
06Jul2021 16:00:00;216,5522812
06Jul2021 17:00:00;156,4213098
06Jul2021 18:00:00;70,2263800
06Jul2021 19:00:00;17,2666586
06Jul2021 20:00:00;0,2659434
06Jul2021 21:00:00;0,0023600
06Jul2021 22:00:00;0,0023600
06Jul2021 23:00:00;0,0025600
07Jul2021 0:00:00;0,0026400
07Jul2021 1:00:00;0,0023200
07Jul2021 2:00:00;0,0018800
07Jul2021 3:00:00;0,0018400
07Jul2021 4:00:00;0,0020800
07Jul2021 5:00:00;1,2086360
07Jul2021 6:00:00;22,4690638
07Jul2021 7:00:00;85,4557872
07Jul2021 8:00:00;185,1619133
07Jul2021 9:00:00;260,8061680
07Jul2021 10:00:00;318,7224815
07Jul2021 11:00:00;334,9435381
07Jul2021 12:00:00;347,2979473
07Jul2021 13:00:00;329,1383597
07Jul2021 14:00:00;312,3926463
07Jul2021 15:00:00;275,1181393
07Jul2021 16:00:00;190,4679834
07Jul2021 17:00:00;123,8513224
07Jul2021 18:00:00;53,9173817
07Jul2021 19:00:00;15,1192929
07Jul2021 20:00:00;0,3562481
07Jul2021 21:00:00;0,0032000
07Jul2021 22:00:00;0,0020400
07Jul2021 23:00:00;0,0024400
08Jul2021 0:00:00;0,0021200
08Jul2021 1:00:00;0,0031200
08Jul2021 2:00:00;0,0020800
08Jul2021 3:00:00;0,0018400
08Jul2021 4:00:00;0,0020000
08Jul2021 5:00:00;0,8595030
08Jul2021 6:00:00;21,6165580
08Jul2021 7:00:00;67,7346960
08Jul2021 8:00:00;142,7333092
08Jul2021 9:00:00;243,7897723
08Jul2021 10:00:00;306,0960349
08Jul2021 11:00:00;329,9361553
08Jul2021 12:00:00;325,9162351
08Jul2021 13:00:00;291,8122106
08Jul2021 14:00:00;237,0832451
08Jul2021 15:00:00;175,9464483
08Jul2021 16:00:00;137,6620124
08Jul2021 17:00:00;112,2863874
08Jul2021 18:00:00;64,4663588
08Jul2021 19:00:00;18,9536496
08Jul2021 20:00:00;0,4945380
08Jul2021 21:00:00;0,0025600
08Jul2021 22:00:00;0,0023200
08Jul2021 23:00:00;0,0027200
09Jul2021 0:00:00;0,0024400
09Jul2021 1:00:00;0,0026800
09Jul2021 2:00:00;0,0023200
09Jul2021 3:00:00;0,0021600
09Jul2021 4:00:00;0,0025600
09Jul2021 5:00:00;0,9530242
09Jul2021 6:00:00;20,8942915
09Jul2021 7:00:00;90,2625273
09Jul2021 8:00:00;198,9851886
09Jul2021 9:00:00;290,8165947
09Jul2021 10:00:00;354,0111470
09Jul2021 11:00:00;375,4986351
09Jul2021 12:00:00;387,9181533
09Jul2021 13:00:00;371,4387031
09Jul2021 14:00:00;324,4073786
09Jul2021 15:00:00;310,8201464
09Jul2021 16:00:00;248,9920111
09Jul2021 17:00:00;166,0414779
09Jul2021 18:00:00;76,8082942
09Jul2021 19:00:00;16,6121165
09Jul2021 20:00:00;1,2724850
09Jul2021 21:00:00;0,0028000
09Jul2021 22:00:00;0,0024800
09Jul2021 23:00:00;0,0028400
10Jul2021 0:00:00;0,0023600
10Jul2021 1:00:00;0,0025200
10Jul2021 2:00:00;0,0022800
10Jul2021 3:00:00;0,0021600
10Jul2021 4:00:00;0,0021600
10Jul2021 5:00:00;1,0068179
10Jul2021 6:00:00;20,3960893
10Jul2021 7:00:00;92,8169445
10Jul2021 8:00:00;204,9709695
10Jul2021 9:00:00;301,7073216
10Jul2021 10:00:00;364,3278103
10Jul2021 11:00:00;385,6966973
10Jul2021 12:00:00;386,3600599
10Jul2021 13:00:00;360,0340966
10Jul2021 14:00:00;353,6726450
10Jul2021 15:00:00;307,5871313
10Jul2021 16:00:00;253,4730843
10Jul2021 17:00:00;179,0277069
10Jul2021 18:00:00;76,9836960
10Jul2021 19:00:00;18,4752721
10Jul2021 20:00:00;0,3183047
10Jul2021 21:00:00;0,0028800
10Jul2021 22:00:00;0,0028000
10Jul2021 23:00:00;0,0021600
11Jul2021 0:00:00;0,0024800
11Jul2021 1:00:00;0,0029600
11Jul2021 2:00:00;0,0021200
11Jul2021 3:00:00;0,0022400
11Jul2021 4:00:00;0,0020400
11Jul2021 5:00:00;0,9953607
11Jul2021 6:00:00;21,4854645
11Jul2021 7:00:00;93,1662088
11Jul2021 8:00:00;205,7053494
11Jul2021 9:00:00;303,8493556
11Jul2021 10:00:00;360,9046965
11Jul2021 11:00:00;373,3595706
11Jul2021 12:00:00;378,0778041
11Jul2021 13:00:00;380,7294540
11Jul2021 14:00:00;366,2518958
11Jul2021 15:00:00;333,7079351
11Jul2021 16:00:00;278,9694895
11Jul2021 17:00:00;174,6640995
11Jul2021 18:00:00;77,5706305
11Jul2021 19:00:00;17,6152355
11Jul2021 20:00:00;0,2903935
11Jul2021 21:00:00;0,0014000
11Jul2021 22:00:00;0,0008800
11Jul2021 23:00:00;0,0012800
12Jul2021 0:00:00;0,0011600
12Jul2021 1:00:00;0,0020800
12Jul2021 2:00:00;0,0022800
12Jul2021 3:00:00;0,0023200
12Jul2021 4:00:00;0,0020800
12Jul2021 5:00:00;0,8869010
12Jul2021 6:00:00;20,3412660
12Jul2021 7:00:00;87,3692647
12Jul2021 8:00:00;189,2075944
12Jul2021 9:00:00;283,9014414
12Jul2021 10:00:00;336,9523936
12Jul2021 11:00:00;361,1329575
12Jul2021 12:00:00;363,7204208
12Jul2021 13:00:00;368,0049524
12Jul2021 14:00:00;351,0822787
12Jul2021 15:00:00;323,0661901
12Jul2021 16:00:00;248,5066569
12Jul2021 17:00:00;160,2184399
12Jul2021 18:00:00;73,2809552
12Jul2021 19:00:00;15,1803697
12Jul2021 20:00:00;1,4257050
12Jul2021 21:00:00;0,0027200
12Jul2021 22:00:00;0,0022000
12Jul2021 23:00:00;0,0024000
13Jul2021 0:00:00;0,0024800
13Jul2021 1:00:00;0,0022800
13Jul2021 2:00:00;0,0024400
13Jul2021 3:00:00;0,0018800
13Jul2021 4:00:00;0,0019600
13Jul2021 5:00:00;0,9660822
13Jul2021 6:00:00;22,5706315
13Jul2021 7:00:00;89,0059358
13Jul2021 8:00:00;193,7103774
13Jul2021 9:00:00;288,2458693
13Jul2021 10:00:00;350,0895058
13Jul2021 11:00:00;389,7466942
13Jul2021 12:00:00;404,6892584
13Jul2021 13:00:00;391,5488817
13Jul2021 14:00:00;373,8689260
13Jul2021 15:00:00;329,7450817
13Jul2021 16:00:00;266,6025757
13Jul2021 17:00:00;179,1496445
13Jul2021 18:00:00;75,9875482
13Jul2021 19:00:00;17,3873308
13Jul2021 20:00:00;0,2893984
13Jul2021 21:00:00;0,0011600
13Jul2021 22:00:00;0,0036000
13Jul2021 23:00:00;0,0036000
14Jul2021 0:00:00;0,0036000
14Jul2021 1:00:00;0,0023600
14Jul2021 2:00:00;0,0016400
14Jul2021 3:00:00;0,0019600
14Jul2021 4:00:00;0,0016800
14Jul2021 5:00:00;0,7488248
14Jul2021 6:00:00;20,0847599
14Jul2021 7:00:00;86,3195585
14Jul2021 8:00:00;194,6928219
14Jul2021 9:00:00;288,1668217
14Jul2021 10:00:00;335,9271850
14Jul2021 11:00:00;379,5822069
14Jul2021 12:00:00;389,6383217
14Jul2021 13:00:00;390,3851465
14Jul2021 14:00:00;370,1521389
14Jul2021 15:00:00;329,0351956
14Jul2021 16:00:00;252,7660304
14Jul2021 17:00:00;163,0565598
14Jul2021 18:00:00;75,6257924
14Jul2021 19:00:00;16,8734012
14Jul2021 20:00:00;0,3555140
14Jul2021 21:00:00;0,0027200
14Jul2021 22:00:00;0,0025600
14Jul2021 23:00:00;0,0025600
15Jul2021 0:00:00;0,0031200
15Jul2021 1:00:00;0,0030400
15Jul2021 2:00:00;0,0027600
15Jul2021 3:00:00;0,0023600
15Jul2021 4:00:00;0,0023200
15Jul2021 5:00:00;0,6849924
15Jul2021 6:00:00;19,8822465
15Jul2021 7:00:00;91,7974052
15Jul2021 8:00:00;205,8658443
15Jul2021 9:00:00;305,5008631
15Jul2021 10:00:00;379,6083283
15Jul2021 11:00:00;421,6072467
15Jul2021 12:00:00;436,6015528
15Jul2021 13:00:00;431,2477091
15Jul2021 14:00:00;414,6627066
15Jul2021 15:00:00;369,1080112
15Jul2021 16:00:00;290,2150512
15Jul2021 17:00:00;188,8770730
15Jul2021 18:00:00;78,3015377
15Jul2021 19:00:00;15,6558673
15Jul2021 20:00:00;0,3063679
15Jul2021 21:00:00;0,0028400
15Jul2021 22:00:00;0,0022400
15Jul2021 23:00:00;0,0022400
16Jul2021 0:00:00;0,0026800
16Jul2021 1:00:00;0,0024400
16Jul2021 2:00:00;0,0028000
16Jul2021 3:00:00;0,0021600
16Jul2021 4:00:00;0,0020000
16Jul2021 5:00:00;0,6081789
16Jul2021 6:00:00;18,2312418
16Jul2021 7:00:00;89,2019846
16Jul2021 8:00:00;203,1796728
16Jul2021 9:00:00;294,0866490
16Jul2021 10:00:00;356,6291183
16Jul2021 11:00:00;398,3547295
16Jul2021 12:00:00;416,6622909
16Jul2021 13:00:00;408,4148393
16Jul2021 14:00:00;392,6901426
16Jul2021 15:00:00;349,1909022
16Jul2021 16:00:00;275,4333618
16Jul2021 17:00:00;180,6351094
16Jul2021 18:00:00;74,0243490
16Jul2021 19:00:00;13,9968170
16Jul2021 20:00:00;0,2255188
16Jul2021 21:00:00;0,0029200
16Jul2021 22:00:00;0,0019200
16Jul2021 23:00:00;0,0018800
17Jul2021 0:00:00;0,0025600
17Jul2021 1:00:00;0,0022400
17Jul2021 2:00:00;0,0018800
17Jul2021 3:00:00;0,0014800
17Jul2021 4:00:00;0,0021200
17Jul2021 5:00:00;0,6057463
17Jul2021 6:00:00;18,3953830
17Jul2021 7:00:00;87,7577295
17Jul2021 8:00:00;194,3293592
17Jul2021 9:00:00;294,8867479
17Jul2021 10:00:00;359,1099118
17Jul2021 11:00:00;399,5037927
17Jul2021 12:00:00;419,2301277
17Jul2021 13:00:00;410,7431157
17Jul2021 14:00:00;384,5715029
17Jul2021 15:00:00;338,9809754
17Jul2021 16:00:00;265,1252473
17Jul2021 17:00:00;173,4090576
17Jul2021 18:00:00;75,4201099
17Jul2021 19:00:00;14,5053510
17Jul2021 20:00:00;0,2225440
17Jul2021 21:00:00;0,0028400
17Jul2021 22:00:00;0,0020400
17Jul2021 23:00:00;0,0023200
18Jul2021 0:00:00;0,0026000
18Jul2021 1:00:00;0,0024800
18Jul2021 2:00:00;0,0020000
18Jul2021 3:00:00;0,0020000
18Jul2021 4:00:00;0,0024000
18Jul2021 5:00:00;0,5752942
18Jul2021 6:00:00;19,3785363
18Jul2021 7:00:00;87,0548292
18Jul2021 8:00:00;192,2563452
18Jul2021 9:00:00;290,0540048
18Jul2021 10:00:00;356,3651630
18Jul2021 11:00:00;390,4693262
18Jul2021 12:00:00;404,5886033
18Jul2021 13:00:00;390,2420167
18Jul2021 14:00:00;361,0326199
18Jul2021 15:00:00;322,5523502
18Jul2021 16:00:00;258,1907184
18Jul2021 17:00:00;167,5653047
18Jul2021 18:00:00;71,5458132
18Jul2021 19:00:00;14,4675017
18Jul2021 20:00:00;0,2064570
18Jul2021 21:00:00;0,0038800
18Jul2021 22:00:00;0,0022400
18Jul2021 23:00:00;0,0026400
19Jul2021 0:00:00;0,0029600
19Jul2021 1:00:00;0,0021600
19Jul2021 2:00:00;0,0023200
19Jul2021 3:00:00;0,0020800
19Jul2021 4:00:00;0,0022800
19Jul2021 5:00:00;0,5430379
19Jul2021 6:00:00;19,2988850
19Jul2021 7:00:00;83,8313495
19Jul2021 8:00:00;187,1942073
19Jul2021 9:00:00;277,1386368
19Jul2021 10:00:00;353,0419423
19Jul2021 11:00:00;392,0219978
19Jul2021 12:00:00;409,7935030
19Jul2021 13:00:00;398,7123916
19Jul2021 14:00:00;370,6388059
19Jul2021 15:00:00;336,0465229
19Jul2021 16:00:00;267,0318246
19Jul2021 17:00:00;175,1101845
19Jul2021 18:00:00;73,1637154
19Jul2021 19:00:00;14,6808361
19Jul2021 20:00:00;0,1670450
19Jul2021 21:00:00;0,0024400
19Jul2021 22:00:00;0,0023600
19Jul2021 23:00:00;0,0023600
20Jul2021 0:00:00;0,0034400
20Jul2021 1:00:00;0,0027200
20Jul2021 2:00:00;0,0023200
20Jul2021 3:00:00;0,0022400
20Jul2021 4:00:00;0,0022400
20Jul2021 5:00:00;0,5449755
20Jul2021 6:00:00;18,8486486
20Jul2021 7:00:00;83,1538060
20Jul2021 8:00:00;191,3839041
20Jul2021 9:00:00;287,4883911
20Jul2021 10:00:00;353,1721015
20Jul2021 11:00:00;391,1169695
20Jul2021 12:00:00;403,8986534
20Jul2021 13:00:00;399,9576884
20Jul2021 14:00:00;371,7108769
20Jul2021 15:00:00;331,8559435
20Jul2021 16:00:00;253,9103891
20Jul2021 17:00:00;165,0854051
20Jul2021 18:00:00;71,7076157
20Jul2021 19:00:00;14,2810703
20Jul2021 20:00:00;0,2027000
20Jul2021 21:00:00;0,0040400
20Jul2021 22:00:00;0,0024800
20Jul2021 23:00:00;0,0028000
21Jul2021 0:00:00;0,0039600
21Jul2021 1:00:00;0,0024000
21Jul2021 2:00:00;0,0024400
21Jul2021 3:00:00;0,0022000
21Jul2021 4:00:00;0,0023600
21Jul2021 5:00:00;1,8147860
21Jul2021 6:00:00;20,2757768
21Jul2021 7:00:00;83,1468256
21Jul2021 8:00:00;184,2695732
21Jul2021 9:00:00;288,3649736
21Jul2021 10:00:00;362,0522681
21Jul2021 11:00:00;402,2016933
21Jul2021 12:00:00;418,0067950
21Jul2021 13:00:00;404,7946213
21Jul2021 14:00:00;371,1461197
21Jul2021 15:00:00;309,8670026
21Jul2021 16:00:00;237,4085042
21Jul2021 17:00:00;156,1356648
21Jul2021 18:00:00;67,1681272
21Jul2021 19:00:00;17,0322079
21Jul2021 20:00:00;0,2067490
21Jul2021 21:00:00;0,0036000
21Jul2021 22:00:00;0,0026400
21Jul2021 23:00:00;0,0029200
22Jul2021 0:00:00;0,0026000
22Jul2021 1:00:00;0,0024000
22Jul2021 2:00:00;0,0023200
22Jul2021 3:00:00;0,0023200
22Jul2021 4:00:00;0,0025600
22Jul2021 5:00:00;0,5166700
22Jul2021 6:00:00;19,5012167
22Jul2021 7:00:00;83,1198270
22Jul2021 8:00:00;186,5696727
22Jul2021 9:00:00;286,2599965
22Jul2021 10:00:00;346,0354796
22Jul2021 11:00:00;377,2728365
22Jul2021 12:00:00;388,2618614
22Jul2021 13:00:00;383,9386793
22Jul2021 14:00:00;369,7025869
22Jul2021 15:00:00;344,4444824
22Jul2021 16:00:00;268,7854140
22Jul2021 17:00:00;180,0159898
22Jul2021 18:00:00;73,6390299
22Jul2021 19:00:00;13,9219481
22Jul2021 20:00:00;0,1927550
22Jul2021 21:00:00;0,0051600
22Jul2021 22:00:00;0,0059600
22Jul2021 23:00:00;0,0055200
23Jul2021 0:00:00;0,0059200
23Jul2021 1:00:00;0,0050400
23Jul2021 2:00:00;0,0051200
23Jul2021 3:00:00;0,0052800
23Jul2021 4:00:00;0,0054400
23Jul2021 5:00:00;0,3623460
23Jul2021 6:00:00;16,5824360
23Jul2021 7:00:00;80,4776538
23Jul2021 8:00:00;182,3499040
23Jul2021 9:00:00;261,3256097
23Jul2021 10:00:00;311,9574724
23Jul2021 11:00:00;312,3664859
23Jul2021 12:00:00;315,8088784
23Jul2021 13:00:00;322,5793264
23Jul2021 14:00:00;307,6318113
23Jul2021 15:00:00;267,2572638
23Jul2021 16:00:00;219,2618843
23Jul2021 17:00:00;151,4330990
23Jul2021 18:00:00;70,3824921
23Jul2021 19:00:00;15,4497338
23Jul2021 20:00:00;0,1605210
23Jul2021 21:00:00;0,0054000
23Jul2021 22:00:00;0,0051200
23Jul2021 23:00:00;0,0053200
24Jul2021 0:00:00;0,0056800
24Jul2021 1:00:00;0,0054800
24Jul2021 2:00:00;0,0050000
24Jul2021 3:00:00;0,0050800
24Jul2021 4:00:00;0,0052800
24Jul2021 5:00:00;0,4717993
24Jul2021 6:00:00;19,7554287
24Jul2021 7:00:00;82,7010751
24Jul2021 8:00:00;192,5218260
24Jul2021 9:00:00;299,6551720
24Jul2021 10:00:00;375,2342492
24Jul2021 11:00:00;409,9933894
24Jul2021 12:00:00;416,2474979
24Jul2021 13:00:00;411,5325487
24Jul2021 14:00:00;392,0464306
24Jul2021 15:00:00;328,5227404
24Jul2021 16:00:00;264,3595334
24Jul2021 17:00:00;165,1841800
24Jul2021 18:00:00;70,2112776
24Jul2021 19:00:00;21,6914516
24Jul2021 20:00:00;0,1817860
24Jul2021 21:00:00;0,0060400
24Jul2021 22:00:00;0,0064800
24Jul2021 23:00:00;0,0059200
25Jul2021 0:00:00;0,0059600
25Jul2021 1:00:00;0,0063200
25Jul2021 2:00:00;0,0057600
25Jul2021 3:00:00;0,0061200
25Jul2021 4:00:00;0,0062400
25Jul2021 5:00:00;0,5100350
25Jul2021 6:00:00;18,9219241
25Jul2021 7:00:00;87,4824291
25Jul2021 8:00:00;200,5543559
25Jul2021 9:00:00;300,2778398
25Jul2021 10:00:00;376,1035126
25Jul2021 11:00:00;413,1715553
25Jul2021 12:00:00;428,9609328
25Jul2021 13:00:00;426,6202067
25Jul2021 14:00:00;394,2882950
25Jul2021 15:00:00;336,5658275
25Jul2021 16:00:00;264,1449393
25Jul2021 17:00:00;169,9885022
25Jul2021 18:00:00;68,3587139
25Jul2021 19:00:00;13,1707548
25Jul2021 20:00:00;0,1609540
25Jul2021 21:00:00;0,0060400
25Jul2021 22:00:00;0,0057200
25Jul2021 23:00:00;0,0057200
26Jul2021 0:00:00;0,0049600
26Jul2021 1:00:00;0,0057200
26Jul2021 2:00:00;0,0042800
26Jul2021 3:00:00;0,0056000
26Jul2021 4:00:00;0,0055200
26Jul2021 5:00:00;0,3668854
26Jul2021 6:00:00;16,7272841
26Jul2021 7:00:00;78,0355424
26Jul2021 8:00:00;179,6166339
26Jul2021 9:00:00;283,5186421
26Jul2021 10:00:00;353,9209471
26Jul2021 11:00:00;392,2789513
26Jul2021 12:00:00;389,0386119
26Jul2021 13:00:00;366,9861155
26Jul2021 14:00:00;338,9654495
26Jul2021 15:00:00;308,6509864
26Jul2021 16:00:00;243,3791968
26Jul2021 17:00:00;154,2567673
26Jul2021 18:00:00;66,6430962
26Jul2021 19:00:00;13,1818530
26Jul2021 20:00:00;0,2537470
26Jul2021 21:00:00;0,0056400
26Jul2021 22:00:00;0,0056000
26Jul2021 23:00:00;0,0061600
27Jul2021 0:00:00;0,0055600
27Jul2021 1:00:00;0,0054000
27Jul2021 2:00:00;0,0058800
27Jul2021 3:00:00;0,0056400
27Jul2021 4:00:00;0,0060800
27Jul2021 5:00:00;0,2844250
27Jul2021 6:00:00;15,6767806
27Jul2021 7:00:00;73,0946866
27Jul2021 8:00:00;176,3460205
27Jul2021 9:00:00;271,2948393
27Jul2021 10:00:00;329,7131066
27Jul2021 11:00:00;370,4915317
27Jul2021 12:00:00;373,4414226
27Jul2021 13:00:00;378,0730857
27Jul2021 14:00:00;367,1289217
27Jul2021 15:00:00;324,5267724
27Jul2021 16:00:00;252,9246544
27Jul2021 17:00:00;166,7935676
27Jul2021 18:00:00;67,3970706
27Jul2021 19:00:00;12,1645564
27Jul2021 20:00:00;0,1149430
27Jul2021 21:00:00;0,0048800
27Jul2021 22:00:00;0,0044400
27Jul2021 23:00:00;0,0054000
28Jul2021 0:00:00;0,0062400
28Jul2021 1:00:00;0,0058800
28Jul2021 2:00:00;0,0045200
28Jul2021 3:00:00;0,0051600
28Jul2021 4:00:00;0,0054400
28Jul2021 5:00:00;0,3184010
28Jul2021 6:00:00;15,0607197
28Jul2021 7:00:00;80,6739543
28Jul2021 8:00:00;193,7751544
28Jul2021 9:00:00;296,8721426
28Jul2021 10:00:00;364,9046737
28Jul2021 11:00:00;412,7954618
28Jul2021 12:00:00;439,4719929
28Jul2021 13:00:00;436,8117343
28Jul2021 14:00:00;411,3017421
28Jul2021 15:00:00;359,1334668
28Jul2021 16:00:00;282,3774268
28Jul2021 17:00:00;179,5006789
28Jul2021 18:00:00;70,6819628
28Jul2021 19:00:00;12,1829077
28Jul2021 20:00:00;0,1073940
28Jul2021 21:00:00;0,0047600
28Jul2021 22:00:00;0,0048800
28Jul2021 23:00:00;0,0046000
29Jul2021 0:00:00;0,0062400
29Jul2021 1:00:00;0,0058000
29Jul2021 2:00:00;0,0061200
29Jul2021 3:00:00;0,0059200
29Jul2021 4:00:00;0,0060400
29Jul2021 5:00:00;0,2480430
29Jul2021 6:00:00;15,7689424
29Jul2021 7:00:00;84,3047892
29Jul2021 8:00:00;197,0895958
29Jul2021 9:00:00;305,2601506
29Jul2021 10:00:00;377,7458096
29Jul2021 11:00:00;418,3518998
29Jul2021 12:00:00;434,4899393
29Jul2021 13:00:00;429,0762276
29Jul2021 14:00:00;412,4324788
29Jul2021 15:00:00;370,6426240
29Jul2021 16:00:00;285,6718780
29Jul2021 17:00:00;187,5068721
29Jul2021 18:00:00;70,5668596
29Jul2021 19:00:00;11,4311964
29Jul2021 20:00:00;0,1045006
29Jul2021 21:00:00;0,0047620
29Jul2021 22:00:00;0,0045600
29Jul2021 23:00:00;0,0048800
30Jul2021 0:00:00;0,0044800
30Jul2021 1:00:00;0,0054400
30Jul2021 2:00:00;0,0055200
30Jul2021 3:00:00;0,0052800
30Jul2021 4:00:00;0,0064400
30Jul2021 5:00:00;0,2298234
30Jul2021 6:00:00;15,2750778
30Jul2021 7:00:00;82,1327227
30Jul2021 8:00:00;194,2145225
30Jul2021 9:00:00;298,0022042
30Jul2021 10:00:00;371,9215232
30Jul2021 11:00:00;414,9389881
30Jul2021 12:00:00;433,8340292
30Jul2021 13:00:00;423,4824628
30Jul2021 14:00:00;409,9880606
30Jul2021 15:00:00;359,3170363
30Jul2021 16:00:00;278,3305328
30Jul2021 17:00:00;176,5936127
30Jul2021 18:00:00;69,3615926
30Jul2021 19:00:00;11,1351807
30Jul2021 20:00:00;0,0989580
30Jul2021 21:00:00;0,0048800
30Jul2021 22:00:00;0,0052800
30Jul2021 23:00:00;0,0052400
31Jul2021 0:00:00;0,0053600
31Jul2021 1:00:00;0,0046800
31Jul2021 2:00:00;0,0053200
31Jul2021 3:00:00;0,0057600
31Jul2021 4:00:00;0,0043600
31Jul2021 5:00:00;0,2172720
31Jul2021 6:00:00;15,4313041
31Jul2021 7:00:00;80,3838352
31Jul2021 8:00:00;187,6454634
31Jul2021 9:00:00;290,5360630
31Jul2021 10:00:00;363,7195195
31Jul2021 11:00:00;411,8185580
31Jul2021 12:00:00;427,7602486
31Jul2021 13:00:00;423,1732983
31Jul2021 14:00:00;375,9609776
31Jul2021 15:00:00;331,3516905
31Jul2021 16:00:00;259,7481483
31Jul2021 17:00:00;164,6936402
31Jul2021 18:00:00;67,5823361
31Jul2021 19:00:00;11,7898134
31Jul2021 20:00:00;0,0984160
31Jul2021 21:00:00;0,0060000
31Jul2021 22:00:00;0,0045600
31Jul2021 23:00:00;0,0052800
01Aug2021 0:00:00;0,0000000
01Aug2021 1:00:00;0,0000000
01Aug2021 2:00:00;0,0000000
01Aug2021 3:00:00;0,0000000
01Aug2021 4:00:00;0,0000000
01Aug2021 5:00:00;0,1147598
01Aug2021 6:00:00;14,3848691
01Aug2021 7:00:00;81,2804550
01Aug2021 8:00:00;191,2411622
01Aug2021 9:00:00;300,6604543
01Aug2021 10:00:00;380,6559921
01Aug2021 11:00:00;422,2359809
01Aug2021 12:00:00;437,4664164
01Aug2021 13:00:00;440,9367450
01Aug2021 14:00:00;420,1326434
01Aug2021 15:00:00;368,0650848
01Aug2021 16:00:00;288,3481570
01Aug2021 17:00:00;181,1777370
01Aug2021 18:00:00;70,9059685
01Aug2021 19:00:00;10,4845959
01Aug2021 20:00:00;0,1547070
01Aug2021 21:00:00;0,0000000
01Aug2021 22:00:00;0,0000000
01Aug2021 23:00:00;0,0000000
02Aug2021 0:00:00;0,0000000
02Aug2021 1:00:00;0,0000000
02Aug2021 2:00:00;0,0000000
02Aug2021 3:00:00;0,0000000
02Aug2021 4:00:00;0,0000000
02Aug2021 5:00:00;0,1019751
02Aug2021 6:00:00;13,3955385
02Aug2021 7:00:00;79,8388225
02Aug2021 8:00:00;161,8477045
02Aug2021 9:00:00;238,5258904
02Aug2021 10:00:00;312,5160288
02Aug2021 11:00:00;378,1272313
02Aug2021 12:00:00;410,3523595
02Aug2021 13:00:00;417,5170785
02Aug2021 14:00:00;398,0013650
02Aug2021 15:00:00;344,0928220
02Aug2021 16:00:00;271,7683868
02Aug2021 17:00:00;171,8615950
02Aug2021 18:00:00;66,4314774
02Aug2021 19:00:00;9,4063432
02Aug2021 20:00:00;0,0606830
02Aug2021 21:00:00;0,0000000
02Aug2021 22:00:00;0,0000000
02Aug2021 23:00:00;0,0000000
03Aug2021 0:00:00;0,0000000
03Aug2021 1:00:00;0,0000000
03Aug2021 2:00:00;0,0000000
03Aug2021 3:00:00;0,0000000
03Aug2021 4:00:00;0,0000000
03Aug2021 5:00:00;0,1657570
03Aug2021 6:00:00;13,7699605
03Aug2021 7:00:00;78,2689100
03Aug2021 8:00:00;186,1138483
03Aug2021 9:00:00;286,2472612
03Aug2021 10:00:00;363,2459673
03Aug2021 11:00:00;403,4406878
03Aug2021 12:00:00;427,2386117
03Aug2021 13:00:00;427,3671592
03Aug2021 14:00:00;399,8306674
03Aug2021 15:00:00;358,8004651
03Aug2021 16:00:00;273,5040045
03Aug2021 17:00:00;170,4957589
03Aug2021 18:00:00;66,5643103
03Aug2021 19:00:00;9,3799853
03Aug2021 20:00:00;0,0623840
03Aug2021 21:00:00;0,0000000
03Aug2021 22:00:00;0,0000000
03Aug2021 23:00:00;0,0000000
04Aug2021 0:00:00;0,0000000
04Aug2021 1:00:00;0,0000000
04Aug2021 2:00:00;0,0000000
04Aug2021 3:00:00;0,0000000
04Aug2021 4:00:00;0,0000000
04Aug2021 5:00:00;0,1617697
04Aug2021 6:00:00;14,1803948
04Aug2021 7:00:00;75,1917073
04Aug2021 8:00:00;178,4254938
04Aug2021 9:00:00;279,5493932
04Aug2021 10:00:00;336,2504485
04Aug2021 11:00:00;383,4338585
04Aug2021 12:00:00;407,9409184
04Aug2021 13:00:00;411,9432050
04Aug2021 14:00:00;397,9379890
04Aug2021 15:00:00;346,3601897
04Aug2021 16:00:00;267,3510933
04Aug2021 17:00:00;166,5519149
04Aug2021 18:00:00;61,8475668
04Aug2021 19:00:00;9,8611017
04Aug2021 20:00:00;0,0562600
04Aug2021 21:00:00;0,0000000
04Aug2021 22:00:00;0,0000000
04Aug2021 23:00:00;0,0000000
05Aug2021 0:00:00;0,0000000
05Aug2021 1:00:00;0,0000000
05Aug2021 2:00:00;0,0000000
05Aug2021 3:00:00;0,0000000
05Aug2021 4:00:00;0,0000000
05Aug2021 5:00:00;0,1453856
05Aug2021 6:00:00;13,6057518
05Aug2021 7:00:00;76,3447177
05Aug2021 8:00:00;183,6442767
05Aug2021 9:00:00;286,4450008
05Aug2021 10:00:00;363,3415534
05Aug2021 11:00:00;403,5864719
05Aug2021 12:00:00;424,5374547
05Aug2021 13:00:00;418,8822691
05Aug2021 14:00:00;394,0070906
05Aug2021 15:00:00;338,1443843
05Aug2021 16:00:00;264,6849943
05Aug2021 17:00:00;164,9532736
05Aug2021 18:00:00;61,8058389
05Aug2021 19:00:00;8,7557626
05Aug2021 20:00:00;0,1447840
05Aug2021 21:00:00;0,0000000
05Aug2021 22:00:00;0,0000000
05Aug2021 23:00:00;0,0000000
06Aug2021 0:00:00;0,0000000
06Aug2021 1:00:00;0,0000000
06Aug2021 2:00:00;0,0000000
06Aug2021 3:00:00;0,0000000
06Aug2021 4:00:00;0,0000000
06Aug2021 5:00:00;0,1335351
06Aug2021 6:00:00;12,8950375
06Aug2021 7:00:00;74,7360892
06Aug2021 8:00:00;181,5989617
06Aug2021 9:00:00;276,0191828
06Aug2021 10:00:00;349,1815100
06Aug2021 11:00:00;395,7326136
06Aug2021 12:00:00;417,7681696
06Aug2021 13:00:00;412,5003710
06Aug2021 14:00:00;377,3668286
06Aug2021 15:00:00;329,5522244
06Aug2021 16:00:00;250,9733267
06Aug2021 17:00:00;146,1466915
06Aug2021 18:00:00;47,9302269
06Aug2021 19:00:00;4,8993780
06Aug2021 20:00:00;0,0759840
06Aug2021 21:00:00;0,0000000
06Aug2021 22:00:00;0,0000000
06Aug2021 23:00:00;0,0000000
07Aug2021 0:00:00;0,0000000
07Aug2021 1:00:00;0,0000000
07Aug2021 2:00:00;0,0000000
07Aug2021 3:00:00;0,0000000
07Aug2021 4:00:00;0,0000000
07Aug2021 5:00:00;0,0198000
07Aug2021 6:00:00;4,4252780
07Aug2021 7:00:00;20,6610284
07Aug2021 8:00:00;47,0775566
07Aug2021 9:00:00;84,8155125
07Aug2021 10:00:00;126,7090981
07Aug2021 11:00:00;131,7333412
07Aug2021 12:00:00;158,2213617
07Aug2021 13:00:00;174,5273613
07Aug2021 14:00:00;170,2307614
07Aug2021 15:00:00;135,2024634
07Aug2021 16:00:00;131,2230274
07Aug2021 17:00:00;93,3478644
07Aug2021 18:00:00;37,3361645
07Aug2021 19:00:00;7,6672788
07Aug2021 20:00:00;0,2111220
07Aug2021 21:00:00;0,0000000
07Aug2021 22:00:00;0,0000000
07Aug2021 23:00:00;0,0000000
08Aug2021 0:00:00;0,0000000
08Aug2021 1:00:00;0,0000000
08Aug2021 2:00:00;0,0000000
08Aug2021 3:00:00;0,0000000
08Aug2021 4:00:00;0,0000000
08Aug2021 5:00:00;0,0770380
08Aug2021 6:00:00;11,2936047
08Aug2021 7:00:00;59,4333913
08Aug2021 8:00:00;144,7118486
08Aug2021 9:00:00;201,0920052
08Aug2021 10:00:00;263,8678871
08Aug2021 11:00:00;311,4627126
08Aug2021 12:00:00;311,4412974
08Aug2021 13:00:00;296,1353972
08Aug2021 14:00:00;283,0396861
08Aug2021 15:00:00;216,0198267
08Aug2021 16:00:00;160,5906395
08Aug2021 17:00:00;82,7998422
08Aug2021 18:00:00;40,9540193
08Aug2021 19:00:00;6,5374816
08Aug2021 20:00:00;0,1798090
08Aug2021 21:00:00;0,0000000
08Aug2021 22:00:00;0,0000000
08Aug2021 23:00:00;0,0000000
09Aug2021 0:00:00;0,0000000
09Aug2021 1:00:00;0,0000000
09Aug2021 2:00:00;0,0000000
09Aug2021 3:00:00;0,0000000
09Aug2021 4:00:00;0,0000000
09Aug2021 5:00:00;0,0978601
09Aug2021 6:00:00;11,7595489
09Aug2021 7:00:00;67,6623458
09Aug2021 8:00:00;166,1464868
09Aug2021 9:00:00;261,4095103
09Aug2021 10:00:00;320,3801690
09Aug2021 11:00:00;367,0493626
09Aug2021 12:00:00;384,9493316
09Aug2021 13:00:00;378,4591846
09Aug2021 14:00:00;360,6953346
09Aug2021 15:00:00;314,3885221
09Aug2021 16:00:00;245,1249952
09Aug2021 17:00:00;148,2761526
09Aug2021 18:00:00;58,6893952
09Aug2021 19:00:00;8,1294815
09Aug2021 20:00:00;0,1265480
09Aug2021 21:00:00;0,0000000
09Aug2021 22:00:00;0,0000000
09Aug2021 23:00:00;0,0000000
10Aug2021 0:00:00;0,0000000
10Aug2021 1:00:00;0,0000000
10Aug2021 2:00:00;0,0000000
10Aug2021 3:00:00;0,0000000
10Aug2021 4:00:00;0,0000000
10Aug2021 5:00:00;0,0836440
10Aug2021 6:00:00;7,0321212
10Aug2021 7:00:00;54,1252968
10Aug2021 8:00:00;147,3695978
10Aug2021 9:00:00;250,5251610
10Aug2021 10:00:00;327,0102814
10Aug2021 11:00:00;367,9556386
10Aug2021 12:00:00;393,8220223
10Aug2021 13:00:00;386,3275665
10Aug2021 14:00:00;384,0206086
10Aug2021 15:00:00;343,0872142
10Aug2021 16:00:00;270,3736608
10Aug2021 17:00:00;165,8152694
10Aug2021 18:00:00;63,7272800
10Aug2021 19:00:00;9,6245696
10Aug2021 20:00:00;0,1159790
10Aug2021 21:00:00;0,0000000
10Aug2021 22:00:00;0,0000000
10Aug2021 23:00:00;0,0000000
11Aug2021 0:00:00;0,0000000
11Aug2021 1:00:00;0,0000000
11Aug2021 2:00:00;0,0000000
11Aug2021 3:00:00;0,0000000
11Aug2021 4:00:00;0,0000000
11Aug2021 5:00:00;0,0137640
11Aug2021 6:00:00;3,7869658
11Aug2021 7:00:00;27,2009428
11Aug2021 8:00:00;85,1613005
11Aug2021 9:00:00;156,6070272
11Aug2021 10:00:00;224,8224748
11Aug2021 11:00:00;268,6072584
11Aug2021 12:00:00;260,1527931
11Aug2021 13:00:00;245,9123701
11Aug2021 14:00:00;248,5896186
11Aug2021 15:00:00;219,7178440
11Aug2021 16:00:00;170,3637945
11Aug2021 17:00:00;116,7211680
11Aug2021 18:00:00;54,0900859
11Aug2021 19:00:00;9,2590271
11Aug2021 20:00:00;0,1201800
11Aug2021 21:00:00;0,0000000
11Aug2021 22:00:00;0,0000000
11Aug2021 23:00:00;0,0000000
12Aug2021 0:00:00;0,0000000
12Aug2021 1:00:00;0,0000000
12Aug2021 2:00:00;0,0000000
12Aug2021 3:00:00;0,0000000
12Aug2021 4:00:00;0,0000000
12Aug2021 5:00:00;0,0851410
12Aug2021 6:00:00;10,5250321
12Aug2021 7:00:00;75,4473597
12Aug2021 8:00:00;189,9192550
12Aug2021 9:00:00;296,8928624
12Aug2021 10:00:00;370,0736094
12Aug2021 11:00:00;405,2758269
12Aug2021 12:00:00;398,6192513
12Aug2021 13:00:00;389,5461772
12Aug2021 14:00:00;347,5444135
12Aug2021 15:00:00;294,7684777
12Aug2021 16:00:00;203,2792777
12Aug2021 17:00:00;122,2021873
12Aug2021 18:00:00;48,3350049
12Aug2021 19:00:00;5,7583207
12Aug2021 20:00:00;0,3914540
12Aug2021 21:00:00;0,0000000
12Aug2021 22:00:00;0,0000000
12Aug2021 23:00:00;0,0000000
13Aug2021 0:00:00;0,0000000
13Aug2021 1:00:00;0,0000000
13Aug2021 2:00:00;0,0000000
13Aug2021 3:00:00;0,0000000
13Aug2021 4:00:00;0,0000000
13Aug2021 5:00:00;0,0812150
13Aug2021 6:00:00;10,9594154
13Aug2021 7:00:00;70,9823463
13Aug2021 8:00:00;175,9673479
13Aug2021 9:00:00;275,3219410
13Aug2021 10:00:00;338,6414662
13Aug2021 11:00:00;371,9136491
13Aug2021 12:00:00;376,9796248
13Aug2021 13:00:00;366,7751187
13Aug2021 14:00:00;353,6773364
13Aug2021 15:00:00;312,8946434
13Aug2021 16:00:00;256,2006451
13Aug2021 17:00:00;156,3960943
13Aug2021 18:00:00;54,2552182
13Aug2021 19:00:00;7,6730682
13Aug2021 20:00:00;2,9737172
13Aug2021 21:00:00;0,0000000
13Aug2021 22:00:00;0,0000000
13Aug2021 23:00:00;0,0000000
14Aug2021 0:00:00;0,0000000
14Aug2021 1:00:00;0,0000000
14Aug2021 2:00:00;0,0000000
14Aug2021 3:00:00;0,0000000
14Aug2021 4:00:00;0,0000000
14Aug2021 5:00:00;0,0881070
14Aug2021 6:00:00;10,9389463
14Aug2021 7:00:00;77,8420161
14Aug2021 8:00:00;193,8210338
14Aug2021 9:00:00;298,3155203
14Aug2021 10:00:00;372,5459382
14Aug2021 11:00:00;417,4428140
14Aug2021 12:00:00;438,7744008
14Aug2021 13:00:00;441,6507771
14Aug2021 14:00:00;419,5019063
14Aug2021 15:00:00;364,2515122
14Aug2021 16:00:00;281,7875283
14Aug2021 17:00:00;169,3232300
14Aug2021 18:00:00;58,0228366
14Aug2021 19:00:00;7,1328932
14Aug2021 20:00:00;0,6367170
14Aug2021 21:00:00;0,0000000
14Aug2021 22:00:00;0,0000000
14Aug2021 23:00:00;0,0000000
15Aug2021 0:00:00;0,0000000
15Aug2021 1:00:00;0,0000000
15Aug2021 2:00:00;0,0000000
15Aug2021 3:00:00;0,0000000
15Aug2021 4:00:00;0,0000000
15Aug2021 5:00:00;0,0957318
15Aug2021 6:00:00;10,2941787
15Aug2021 7:00:00;73,5914704
15Aug2021 8:00:00;191,6037259
15Aug2021 9:00:00;296,7080593
15Aug2021 10:00:00;371,4852746
15Aug2021 11:00:00;413,8125447
15Aug2021 12:00:00;440,0328138
15Aug2021 13:00:00;438,7020979
15Aug2021 14:00:00;422,5565999
15Aug2021 15:00:00;374,9888960
15Aug2021 16:00:00;292,1439320
15Aug2021 17:00:00;178,6911450
15Aug2021 18:00:00;60,7547345
15Aug2021 19:00:00;5,5667855
15Aug2021 20:00:00;0,0398940
15Aug2021 21:00:00;0,0000000
15Aug2021 22:00:00;0,0000000
15Aug2021 23:00:00;0,0000000
16Aug2021 0:00:00;0,0000000
16Aug2021 1:00:00;0,0000000
16Aug2021 2:00:00;0,0000000
16Aug2021 3:00:00;0,0000000
16Aug2021 4:00:00;0,0000000
16Aug2021 5:00:00;0,1033881
16Aug2021 6:00:00;10,3277180
16Aug2021 7:00:00;76,4860337
16Aug2021 8:00:00;192,6729546
16Aug2021 9:00:00;293,2974762
16Aug2021 10:00:00;371,4520082
16Aug2021 11:00:00;410,8329996
16Aug2021 12:00:00;425,2523408
16Aug2021 13:00:00;421,1693242
16Aug2021 14:00:00;400,6043431
16Aug2021 15:00:00;351,5858811
16Aug2021 16:00:00;272,7724560
16Aug2021 17:00:00;165,3482712
16Aug2021 18:00:00;56,3942938
16Aug2021 19:00:00;4,8126796
16Aug2021 20:00:00;0,3567150
16Aug2021 21:00:00;0,0000000
16Aug2021 22:00:00;0,0000000
16Aug2021 23:00:00;0,0000000
17Aug2021 0:00:00;0,0000000
17Aug2021 1:00:00;0,0000000
17Aug2021 2:00:00;0,0000000
17Aug2021 3:00:00;0,0000000
17Aug2021 4:00:00;0,0000000
17Aug2021 5:00:00;0,0961696
17Aug2021 6:00:00;9,5239658
17Aug2021 7:00:00;74,4750805
17Aug2021 8:00:00;190,9686456
17Aug2021 9:00:00;298,9240650
17Aug2021 10:00:00;374,9457432
17Aug2021 11:00:00;416,0340119
17Aug2021 12:00:00;437,6118993
17Aug2021 13:00:00;432,8128615
17Aug2021 14:00:00;408,1512319
17Aug2021 15:00:00;356,5593537
17Aug2021 16:00:00;272,9909218
17Aug2021 17:00:00;163,5514220
17Aug2021 18:00:00;53,8680836
17Aug2021 19:00:00;4,9560902
17Aug2021 20:00:00;0,0265110
17Aug2021 21:00:00;0,0000000
17Aug2021 22:00:00;0,0000000
17Aug2021 23:00:00;0,0000000
18Aug2021 0:00:00;0,0000000
18Aug2021 1:00:00;0,0000000
18Aug2021 2:00:00;0,0000000
18Aug2021 3:00:00;0,0000000
18Aug2021 4:00:00;0,0000000
18Aug2021 5:00:00;0,1014080
18Aug2021 6:00:00;9,2124141
18Aug2021 7:00:00;72,9459136
18Aug2021 8:00:00;185,1479983
18Aug2021 9:00:00;278,5309638
18Aug2021 10:00:00;348,5506354
18Aug2021 11:00:00;390,7073321
18Aug2021 12:00:00;411,2449050
18Aug2021 13:00:00;407,2452580
18Aug2021 14:00:00;382,7129320
18Aug2021 15:00:00;331,8541770
18Aug2021 16:00:00;248,1724486
18Aug2021 17:00:00;146,6195273
18Aug2021 18:00:00;48,3781943
18Aug2021 19:00:00;4,2797148
18Aug2021 20:00:00;0,0371670
18Aug2021 21:00:00;0,0000000
18Aug2021 22:00:00;0,0000000
18Aug2021 23:00:00;0,0000000
19Aug2021 0:00:00;0,0000000
19Aug2021 1:00:00;0,0000000
19Aug2021 2:00:00;0,0000000
19Aug2021 3:00:00;0,0000000
19Aug2021 4:00:00;0,0000000
19Aug2021 5:00:00;0,1355030
19Aug2021 6:00:00;9,1197106
19Aug2021 7:00:00;73,2966649
19Aug2021 8:00:00;190,0861039
19Aug2021 9:00:00;300,9658595
19Aug2021 10:00:00;374,3926981
19Aug2021 11:00:00;419,1548421
19Aug2021 12:00:00;435,1116145
19Aug2021 13:00:00;431,4561099
19Aug2021 14:00:00;398,4876426
19Aug2021 15:00:00;345,7898548
19Aug2021 16:00:00;263,2982172
19Aug2021 17:00:00;160,5681942
19Aug2021 18:00:00;47,9462928
19Aug2021 19:00:00;20,0646082
19Aug2021 20:00:00;0,5398970
19Aug2021 21:00:00;0,0000000
19Aug2021 22:00:00;0,0000000
19Aug2021 23:00:00;0,0000000
20Aug2021 0:00:00;0,0000000
20Aug2021 1:00:00;0,0000000
20Aug2021 2:00:00;0,0000000
20Aug2021 3:00:00;0,0000000
20Aug2021 4:00:00;0,0000000
20Aug2021 5:00:00;0,1071850
20Aug2021 6:00:00;7,2278632
20Aug2021 7:00:00;57,4751381
20Aug2021 8:00:00;148,9469842
20Aug2021 9:00:00;251,6513548
20Aug2021 10:00:00;310,0184858
20Aug2021 11:00:00;331,7301993
20Aug2021 12:00:00;348,5934699
20Aug2021 13:00:00;360,9532004
20Aug2021 14:00:00;350,3018138
20Aug2021 15:00:00;310,6212139
20Aug2021 16:00:00;254,5252736
20Aug2021 17:00:00;154,9446652
20Aug2021 18:00:00;49,1145399
20Aug2021 19:00:00;3,6567456
20Aug2021 20:00:00;0,0298440
20Aug2021 21:00:00;0,0000000
20Aug2021 22:00:00;0,0000000
20Aug2021 23:00:00;0,0000000
21Aug2021 0:00:00;0,0000000
21Aug2021 1:00:00;0,0000000
21Aug2021 2:00:00;0,0000000
21Aug2021 3:00:00;0,0000000
21Aug2021 4:00:00;0,0000000
21Aug2021 5:00:00;0,1180560
21Aug2021 6:00:00;8,4548903
21Aug2021 7:00:00;70,5559712
21Aug2021 8:00:00;180,3622036
21Aug2021 9:00:00;294,8798666
21Aug2021 10:00:00;374,2103791
21Aug2021 11:00:00;404,2117257
21Aug2021 12:00:00;412,5643254
21Aug2021 13:00:00;408,3051385
21Aug2021 14:00:00;398,3168756
21Aug2021 15:00:00;348,8568548
21Aug2021 16:00:00;266,5659818
21Aug2021 17:00:00;158,1257466
21Aug2021 18:00:00;49,7893690
21Aug2021 19:00:00;4,4665112
21Aug2021 20:00:00;0,1044030
21Aug2021 21:00:00;0,0000000
21Aug2021 22:00:00;0,0000000
21Aug2021 23:00:00;0,0000000
22Aug2021 0:00:00;0,0000000
22Aug2021 1:00:00;0,0000000
22Aug2021 2:00:00;0,0000000
22Aug2021 3:00:00;0,0000000
22Aug2021 4:00:00;0,0000000
22Aug2021 5:00:00;0,1174250
22Aug2021 6:00:00;8,0302922
22Aug2021 7:00:00;71,7757358
22Aug2021 8:00:00;189,0596299
22Aug2021 9:00:00;303,1570116
22Aug2021 10:00:00;377,4675043
22Aug2021 11:00:00;420,2133502
22Aug2021 12:00:00;428,9551277
22Aug2021 13:00:00;424,6769491
22Aug2021 14:00:00;403,6029270
22Aug2021 15:00:00;347,9107894
22Aug2021 16:00:00;257,2387815
22Aug2021 17:00:00;145,3140529
22Aug2021 18:00:00;44,7609173
22Aug2021 19:00:00;4,5540735
22Aug2021 20:00:00;0,0346600
22Aug2021 21:00:00;0,0000000
22Aug2021 22:00:00;0,0000000
22Aug2021 23:00:00;0,0000000
23Aug2021 0:00:00;0,0000000
23Aug2021 1:00:00;0,0000000
23Aug2021 2:00:00;0,0000000
23Aug2021 3:00:00;0,0000000
23Aug2021 4:00:00;0,0000000
23Aug2021 5:00:00;0,1112430
23Aug2021 6:00:00;8,1063070
23Aug2021 7:00:00;68,0725831
23Aug2021 8:00:00;175,6070240
23Aug2021 9:00:00;288,5298606
23Aug2021 10:00:00;371,2056890
23Aug2021 11:00:00;414,8441795
23Aug2021 12:00:00;430,8371077
23Aug2021 13:00:00;427,0772975
23Aug2021 14:00:00;401,7283588
23Aug2021 15:00:00;341,1523377
23Aug2021 16:00:00;252,6428036
23Aug2021 17:00:00;144,0070863
23Aug2021 18:00:00;43,3322593
23Aug2021 19:00:00;3,1749796
23Aug2021 20:00:00;0,0332540
23Aug2021 21:00:00;0,0000000
23Aug2021 22:00:00;0,0000000
23Aug2021 23:00:00;0,0000000
24Aug2021 0:00:00;0,0000000
24Aug2021 1:00:00;0,0000000
24Aug2021 2:00:00;0,0000000
24Aug2021 3:00:00;0,0000000
24Aug2021 4:00:00;0,0000000
24Aug2021 5:00:00;0,1058840
24Aug2021 6:00:00;8,2659457
24Aug2021 7:00:00;69,8730304
24Aug2021 8:00:00;183,6346710
24Aug2021 9:00:00;292,8876934
24Aug2021 10:00:00;369,1006477
24Aug2021 11:00:00;412,0748745
24Aug2021 12:00:00;430,4658435
24Aug2021 13:00:00;423,2756516
24Aug2021 14:00:00;399,1972121
24Aug2021 15:00:00;347,5966141
24Aug2021 16:00:00;258,1263820
24Aug2021 17:00:00;149,1513086
24Aug2021 18:00:00;44,9834446
24Aug2021 19:00:00;2,4348598
24Aug2021 20:00:00;0,2136260
24Aug2021 21:00:00;0,0000000
24Aug2021 22:00:00;0,0000000
24Aug2021 23:00:00;0,0000000
25Aug2021 0:00:00;0,0000000
25Aug2021 1:00:00;0,0000000
25Aug2021 2:00:00;0,0000000
25Aug2021 3:00:00;0,0000000
25Aug2021 4:00:00;0,0000000
25Aug2021 5:00:00;0,0895250
25Aug2021 6:00:00;7,5882579
25Aug2021 7:00:00;65,0169345
25Aug2021 8:00:00;172,6786410
25Aug2021 9:00:00;277,4014836
25Aug2021 10:00:00;354,7966608
25Aug2021 11:00:00;401,3123237
25Aug2021 12:00:00;416,5373211
25Aug2021 13:00:00;410,3146170
25Aug2021 14:00:00;382,6158372
25Aug2021 15:00:00;335,4242029
25Aug2021 16:00:00;248,7367329
25Aug2021 17:00:00;140,6526767
25Aug2021 18:00:00;41,8289216
25Aug2021 19:00:00;7,9239927
25Aug2021 20:00:00;0,0133990
25Aug2021 21:00:00;0,0000000
25Aug2021 22:00:00;0,0000000
25Aug2021 23:00:00;0,0000000
26Aug2021 0:00:00;0,0000000
26Aug2021 1:00:00;0,0000000
26Aug2021 2:00:00;0,0000000
26Aug2021 3:00:00;0,0000000
26Aug2021 4:00:00;0,0000000
26Aug2021 5:00:00;0,0947040
26Aug2021 6:00:00;7,2133774
26Aug2021 7:00:00;63,8722583
26Aug2021 8:00:00;168,4655030
26Aug2021 9:00:00;268,9339009
26Aug2021 10:00:00;345,2265078
26Aug2021 11:00:00;387,1853055
26Aug2021 12:00:00;400,7662646
26Aug2021 13:00:00;391,3157294
26Aug2021 14:00:00;363,0475920
26Aug2021 15:00:00;313,9336662
26Aug2021 16:00:00;237,4459069
26Aug2021 17:00:00;136,9563475
26Aug2021 18:00:00;40,9707156
26Aug2021 19:00:00;1,8569712
26Aug2021 20:00:00;0,0163640
26Aug2021 21:00:00;0,0000000
26Aug2021 22:00:00;0,0000000
26Aug2021 23:00:00;0,0000000
27Aug2021 0:00:00;0,0000000
27Aug2021 1:00:00;0,0000000
27Aug2021 2:00:00;0,0000000
27Aug2021 3:00:00;0,0000000
27Aug2021 4:00:00;0,0000000
27Aug2021 5:00:00;0,0962190
27Aug2021 6:00:00;6,6456231
27Aug2021 7:00:00;62,7311381
27Aug2021 8:00:00;169,1961607
27Aug2021 9:00:00;272,4274893
27Aug2021 10:00:00;345,0868491
27Aug2021 11:00:00;394,0377612
27Aug2021 12:00:00;413,3743298
27Aug2021 13:00:00;399,8313566
27Aug2021 14:00:00;371,6830462
27Aug2021 15:00:00;311,4831578
27Aug2021 16:00:00;232,6690041
27Aug2021 17:00:00;129,0009523
27Aug2021 18:00:00;39,3273791
27Aug2021 19:00:00;1,5700072
27Aug2021 20:00:00;0,0166800
27Aug2021 21:00:00;0,0000000
27Aug2021 22:00:00;0,0000000
27Aug2021 23:00:00;0,0000000
28Aug2021 0:00:00;0,0000000
28Aug2021 1:00:00;0,0000000
28Aug2021 2:00:00;0,0000000
28Aug2021 3:00:00;0,0000000
28Aug2021 4:00:00;0,0000000
28Aug2021 5:00:00;0,0817170
28Aug2021 6:00:00;6,5011555
28Aug2021 7:00:00;61,7263040
28Aug2021 8:00:00;168,6729622
28Aug2021 9:00:00;274,4583474
28Aug2021 10:00:00;348,0229237
28Aug2021 11:00:00;389,3162047
28Aug2021 12:00:00;402,7488712
28Aug2021 13:00:00;402,1714759
28Aug2021 14:00:00;373,7357411
28Aug2021 15:00:00;319,7280626
28Aug2021 16:00:00;242,0079747
28Aug2021 17:00:00;131,1195486
28Aug2021 18:00:00;34,5961313
28Aug2021 19:00:00;1,1855099
28Aug2021 20:00:00;0,0108560
28Aug2021 21:00:00;0,0000000
28Aug2021 22:00:00;0,0000000
28Aug2021 23:00:00;0,0000000
29Aug2021 0:00:00;0,0000000
29Aug2021 1:00:00;0,0000000
29Aug2021 2:00:00;0,0000000
29Aug2021 3:00:00;0,0000000
29Aug2021 4:00:00;0,0000000
29Aug2021 5:00:00;0,2684540
29Aug2021 6:00:00;6,0443479
29Aug2021 7:00:00;61,6199939
29Aug2021 8:00:00;169,7021263
29Aug2021 9:00:00;280,3744119
29Aug2021 10:00:00;357,0478692
29Aug2021 11:00:00;397,2445009
29Aug2021 12:00:00;414,5175381
29Aug2021 13:00:00;409,5477233
29Aug2021 14:00:00;387,2952803
29Aug2021 15:00:00;329,8711818
29Aug2021 16:00:00;250,0987584
29Aug2021 17:00:00;139,0913354
29Aug2021 18:00:00;38,2169749
29Aug2021 19:00:00;1,1788594
29Aug2021 20:00:00;0,0214330
29Aug2021 21:00:00;0,0000000
29Aug2021 22:00:00;0,0000000
29Aug2021 23:00:00;0,0000000
30Aug2021 0:00:00;0,0000000
30Aug2021 1:00:00;0,0000000
30Aug2021 2:00:00;0,0000000
30Aug2021 3:00:00;0,0000000
30Aug2021 4:00:00;0,0000000
30Aug2021 5:00:00;0,0557560
30Aug2021 6:00:00;5,9682977
30Aug2021 7:00:00;60,9662303
30Aug2021 8:00:00;167,2977062
30Aug2021 9:00:00;273,9967049
30Aug2021 10:00:00;352,5592691
30Aug2021 11:00:00;393,6730101
30Aug2021 12:00:00;404,6961688
30Aug2021 13:00:00;381,8213831
30Aug2021 14:00:00;341,4258157
30Aug2021 15:00:00;267,6246475
30Aug2021 16:00:00;196,5516962
30Aug2021 17:00:00;100,3062633
30Aug2021 18:00:00;30,5027771
30Aug2021 19:00:00;0,7946708
30Aug2021 20:00:00;0,1193720
30Aug2021 21:00:00;0,0000000
30Aug2021 22:00:00;0,0000000
30Aug2021 23:00:00;0,0000000
31Aug2021 0:00:00;0,0000000
31Aug2021 1:00:00;0,0000000
31Aug2021 2:00:00;0,0000000
31Aug2021 3:00:00;0,0000000
31Aug2021 4:00:00;0,0000000
31Aug2021 5:00:00;0,0492520
31Aug2021 6:00:00;4,9383332
31Aug2021 7:00:00;52,1375564
31Aug2021 8:00:00;144,4042153
31Aug2021 9:00:00;239,9047234
31Aug2021 10:00:00;336,2005830
31Aug2021 11:00:00;381,4563179
31Aug2021 12:00:00;408,3182605
31Aug2021 13:00:00;398,6257494
31Aug2021 14:00:00;358,7751153
31Aug2021 15:00:00;281,7200335
31Aug2021 16:00:00;194,3151779
31Aug2021 17:00:00;103,3455839
31Aug2021 18:00:00;27,6035233
31Aug2021 19:00:00;1,0648348
31Aug2021 20:00:00;0,0094990
31Aug2021 21:00:00;0,0000000
31Aug2021 22:00:00;0,0000000
31Aug2021 23:00:00;0,0000000
01Sep2021 0:00:00;0,0000000
01Sep2021 1:00:00;0,0000000
01Sep2021 2:00:00;0,0000000
01Sep2021 3:00:00;0,0000000
01Sep2021 4:00:00;0,0000000
01Sep2021 5:00:00;0,0000000
01Sep2021 6:00:00;4,3143031
01Sep2021 7:00:00;39,2467546
01Sep2021 8:00:00;105,7370970
01Sep2021 9:00:00;199,1146048
01Sep2021 10:00:00;290,4700867
01Sep2021 11:00:00;349,0964505
01Sep2021 12:00:00;363,8723533
01Sep2021 13:00:00;355,2480178
01Sep2021 14:00:00;281,9238736
01Sep2021 15:00:00;187,9558432
01Sep2021 16:00:00;132,9218733
01Sep2021 17:00:00;82,8015798
01Sep2021 18:00:00;24,2096433
01Sep2021 19:00:00;0,6703684
01Sep2021 20:00:00;0,0000000
01Sep2021 21:00:00;0,0000000
01Sep2021 22:00:00;0,0000000
01Sep2021 23:00:00;0,0000000
02Sep2021 0:00:00;0,0000000
02Sep2021 1:00:00;0,0000000
02Sep2021 2:00:00;0,0000000
02Sep2021 3:00:00;0,0000000
02Sep2021 4:00:00;0,0000000
02Sep2021 5:00:00;0,0000000
02Sep2021 6:00:00;4,5538448
02Sep2021 7:00:00;59,4072068
02Sep2021 8:00:00;164,9858783
02Sep2021 9:00:00;260,7309379
02Sep2021 10:00:00;328,9220797
02Sep2021 11:00:00;353,5991317
02Sep2021 12:00:00;341,9441839
02Sep2021 13:00:00;345,0162641
02Sep2021 14:00:00;332,3005661
02Sep2021 15:00:00;288,0492222
02Sep2021 16:00:00;213,9075145
02Sep2021 17:00:00;110,5408101
02Sep2021 18:00:00;30,3317417
02Sep2021 19:00:00;1,0550130
02Sep2021 20:00:00;0,0000000
02Sep2021 21:00:00;0,0000000
02Sep2021 22:00:00;0,0000000
02Sep2021 23:00:00;0,0000000
03Sep2021 0:00:00;0,0000000
03Sep2021 1:00:00;0,0000000
03Sep2021 2:00:00;0,0000000
03Sep2021 3:00:00;0,0000000
03Sep2021 4:00:00;0,0000000
03Sep2021 5:00:00;0,0000000
03Sep2021 6:00:00;4,0990595
03Sep2021 7:00:00;61,5567687
03Sep2021 8:00:00;172,4332322
03Sep2021 9:00:00;252,1250802
03Sep2021 10:00:00;315,9258121
03Sep2021 11:00:00;323,6109652
03Sep2021 12:00:00;302,9398496
03Sep2021 13:00:00;299,5592511
03Sep2021 14:00:00;311,1941713
03Sep2021 15:00:00;293,4952228
03Sep2021 16:00:00;239,7358373
03Sep2021 17:00:00;136,7650294
03Sep2021 18:00:00;37,1542715
03Sep2021 19:00:00;0,7307108
03Sep2021 20:00:00;0,0000000
03Sep2021 21:00:00;0,0000000
03Sep2021 22:00:00;0,0000000
03Sep2021 23:00:00;0,0000000
04Sep2021 0:00:00;0,0000000
04Sep2021 1:00:00;0,0000000
04Sep2021 2:00:00;0,0000000
04Sep2021 3:00:00;0,0000000
04Sep2021 4:00:00;0,0000000
04Sep2021 5:00:00;0,0000000
04Sep2021 6:00:00;4,7079472
04Sep2021 7:00:00;59,1398203
04Sep2021 8:00:00;178,7497734
04Sep2021 9:00:00;302,1593059
04Sep2021 10:00:00;383,8292918
04Sep2021 11:00:00;412,3180549
04Sep2021 12:00:00;418,2544359
04Sep2021 13:00:00;423,5966368
04Sep2021 14:00:00;410,8337976
04Sep2021 15:00:00;355,1502876
04Sep2021 16:00:00;262,4245220
04Sep2021 17:00:00;149,3890872
04Sep2021 18:00:00;33,1549445
04Sep2021 19:00:00;0,6385040
04Sep2021 20:00:00;0,0000000
04Sep2021 21:00:00;0,0000000
04Sep2021 22:00:00;0,0000000
04Sep2021 23:00:00;0,0000000
05Sep2021 0:00:00;0,0000000
05Sep2021 1:00:00;0,0000000
05Sep2021 2:00:00;0,0000000
05Sep2021 3:00:00;0,0000000
05Sep2021 4:00:00;0,0000000
05Sep2021 5:00:00;0,0000000
05Sep2021 6:00:00;4,8112056
05Sep2021 7:00:00;62,5619744
05Sep2021 8:00:00;172,0810118
05Sep2021 9:00:00;287,3862863
05Sep2021 10:00:00;363,8274775
05Sep2021 11:00:00;409,8764845
05Sep2021 12:00:00;411,2466292
05Sep2021 13:00:00;390,0941752
05Sep2021 14:00:00;364,2588286
05Sep2021 15:00:00;301,2834292
05Sep2021 16:00:00;215,3634613
05Sep2021 17:00:00;109,6549150
05Sep2021 18:00:00;26,1681407
05Sep2021 19:00:00;1,2804770
05Sep2021 20:00:00;0,0000000
05Sep2021 21:00:00;0,0000000
05Sep2021 22:00:00;0,0000000
05Sep2021 23:00:00;0,0000000
06Sep2021 0:00:00;0,0000000
06Sep2021 1:00:00;0,0000000
06Sep2021 2:00:00;0,0000000
06Sep2021 3:00:00;0,0000000
06Sep2021 4:00:00;0,0000000
06Sep2021 5:00:00;0,0000000
06Sep2021 6:00:00;4,4180754
06Sep2021 7:00:00;53,8612953
06Sep2021 8:00:00;153,0966157
06Sep2021 9:00:00;267,3105452
06Sep2021 10:00:00;358,8176900
06Sep2021 11:00:00;398,8149228
06Sep2021 12:00:00;402,8915012
06Sep2021 13:00:00;396,3378816
06Sep2021 14:00:00;356,2519372
06Sep2021 15:00:00;294,7703481
06Sep2021 16:00:00;205,8060775
06Sep2021 17:00:00;102,6001223
06Sep2021 18:00:00;26,5910393
06Sep2021 19:00:00;0,4265533
06Sep2021 20:00:00;0,0000000
06Sep2021 21:00:00;0,0000020
06Sep2021 22:00:00;0,0000000
06Sep2021 23:00:00;0,0000000
07Sep2021 0:00:00;0,0000000
07Sep2021 1:00:00;0,0000000
07Sep2021 2:00:00;0,0000000
07Sep2021 3:00:00;0,0000000
07Sep2021 4:00:00;0,0000000
07Sep2021 5:00:00;0,0000000
07Sep2021 6:00:00;4,6046092
07Sep2021 7:00:00;62,3736451
07Sep2021 8:00:00;173,7095521
07Sep2021 9:00:00;275,8160683
07Sep2021 10:00:00;347,8230197
07Sep2021 11:00:00;402,1761163
07Sep2021 12:00:00;425,7284974
07Sep2021 13:00:00;414,4533160
07Sep2021 14:00:00;386,2009886
07Sep2021 15:00:00;344,3738292
07Sep2021 16:00:00;255,8557021
07Sep2021 17:00:00;134,2533017
07Sep2021 18:00:00;29,7003706
07Sep2021 19:00:00;0,4613310
07Sep2021 20:00:00;0,0000000
07Sep2021 21:00:00;0,0000000
07Sep2021 22:00:00;0,0000000
07Sep2021 23:00:00;0,0000000
08Sep2021 0:00:00;0,0000000
08Sep2021 1:00:00;0,0000000
08Sep2021 2:00:00;0,0000000
08Sep2021 3:00:00;0,0000000
08Sep2021 4:00:00;0,0000000
08Sep2021 5:00:00;0,0000000
08Sep2021 6:00:00;3,8724295
08Sep2021 7:00:00;63,9776149
08Sep2021 8:00:00;183,2450923
08Sep2021 9:00:00;300,7210481
08Sep2021 10:00:00;384,9181165
08Sep2021 11:00:00;425,7687740
08Sep2021 12:00:00;441,5924285
08Sep2021 13:00:00;436,3155238
08Sep2021 14:00:00;404,9998928
08Sep2021 15:00:00;346,3882922
08Sep2021 16:00:00;254,4834999
08Sep2021 17:00:00;134,9719357
08Sep2021 18:00:00;28,7174696
08Sep2021 19:00:00;0,4658108
08Sep2021 20:00:00;0,0000000
08Sep2021 21:00:00;0,0000000
08Sep2021 22:00:00;0,0000000
08Sep2021 23:00:00;0,0000000
09Sep2021 0:00:00;0,0000000
09Sep2021 1:00:00;0,0000000
09Sep2021 2:00:00;0,0000000
09Sep2021 3:00:00;0,0000000
09Sep2021 4:00:00;0,0000000
09Sep2021 5:00:00;0,0000000
09Sep2021 6:00:00;3,6162923
09Sep2021 7:00:00;63,0778646
09Sep2021 8:00:00;182,9961459
09Sep2021 9:00:00;291,6719910
09Sep2021 10:00:00;369,1886789
09Sep2021 11:00:00;407,3087546
09Sep2021 12:00:00;422,9610518
09Sep2021 13:00:00;416,0919253
09Sep2021 14:00:00;387,7134121
09Sep2021 15:00:00;334,1242028
09Sep2021 16:00:00;244,4990560
09Sep2021 17:00:00;125,7469713
09Sep2021 18:00:00;25,8969116
09Sep2021 19:00:00;9,1132320
09Sep2021 20:00:00;0,0000000
09Sep2021 21:00:00;0,0000000
09Sep2021 22:00:00;0,0000000
09Sep2021 23:00:00;0,0000000
10Sep2021 0:00:00;0,0000000
10Sep2021 1:00:00;0,0000000
10Sep2021 2:00:00;0,0000000
10Sep2021 3:00:00;0,0000000
10Sep2021 4:00:00;0,0000000
10Sep2021 5:00:00;0,0000000
10Sep2021 6:00:00;3,2512559
10Sep2021 7:00:00;54,2744562
10Sep2021 8:00:00;153,1238198
10Sep2021 9:00:00;257,0858827
10Sep2021 10:00:00;335,0356787
10Sep2021 11:00:00;370,1419280
10Sep2021 12:00:00;380,5591567
10Sep2021 13:00:00;376,7445455
10Sep2021 14:00:00;322,8793036
10Sep2021 15:00:00;254,3942751
10Sep2021 16:00:00;181,6309639
10Sep2021 17:00:00;93,7829858
10Sep2021 18:00:00;18,1863501
10Sep2021 19:00:00;0,9099760
10Sep2021 20:00:00;0,0000000
10Sep2021 21:00:00;0,0000000
10Sep2021 22:00:00;0,0000000
10Sep2021 23:00:00;0,0000000
11Sep2021 0:00:00;0,0000000
11Sep2021 1:00:00;0,0000000
11Sep2021 2:00:00;0,0000000
11Sep2021 3:00:00;0,0000000
11Sep2021 4:00:00;0,0000000
11Sep2021 5:00:00;0,0000000
11Sep2021 6:00:00;2,3270120
11Sep2021 7:00:00;45,4370243
11Sep2021 8:00:00;126,1135786
11Sep2021 9:00:00;225,4157975
11Sep2021 10:00:00;312,2142624
11Sep2021 11:00:00;321,7992640
11Sep2021 12:00:00;333,3993296
11Sep2021 13:00:00;325,8685041
11Sep2021 14:00:00;320,2446269
11Sep2021 15:00:00;241,9128317
11Sep2021 16:00:00;163,1042343
11Sep2021 17:00:00;82,6151565
11Sep2021 18:00:00;18,4267941
11Sep2021 19:00:00;0,1216225
11Sep2021 20:00:00;0,0000000
11Sep2021 21:00:00;0,0000000
11Sep2021 22:00:00;0,0000000
11Sep2021 23:00:00;0,0000000
12Sep2021 0:00:00;0,0000000
12Sep2021 1:00:00;0,0000000
12Sep2021 2:00:00;0,0000000
12Sep2021 3:00:00;0,0000000
12Sep2021 4:00:00;0,0000000
12Sep2021 5:00:00;0,0000000
12Sep2021 6:00:00;2,0428230
12Sep2021 7:00:00;51,0299356
12Sep2021 8:00:00;160,9713023
12Sep2021 9:00:00;283,6769922
12Sep2021 10:00:00;357,4714862
12Sep2021 11:00:00;388,2100080
12Sep2021 12:00:00;393,0651659
12Sep2021 13:00:00;392,3858513
12Sep2021 14:00:00;364,4762896
12Sep2021 15:00:00;313,0992220
12Sep2021 16:00:00;221,4267187
12Sep2021 17:00:00;113,1198080
12Sep2021 18:00:00;22,8788821
12Sep2021 19:00:00;0,2758900
12Sep2021 20:00:00;0,0000000
12Sep2021 21:00:00;0,0000000
12Sep2021 22:00:00;0,0000000
12Sep2021 23:00:00;0,0000000
13Sep2021 0:00:00;0,0000000
13Sep2021 1:00:00;0,0000000
13Sep2021 2:00:00;0,0000000
13Sep2021 3:00:00;0,0000000
13Sep2021 4:00:00;0,0000000
13Sep2021 5:00:00;0,0000000
13Sep2021 6:00:00;2,7338659
13Sep2021 7:00:00;53,6945875
13Sep2021 8:00:00;154,7048125
13Sep2021 9:00:00;246,6332882
13Sep2021 10:00:00;297,0735548
13Sep2021 11:00:00;309,6011404
13Sep2021 12:00:00;286,7760231
13Sep2021 13:00:00;242,2867418
13Sep2021 14:00:00;206,3310726
13Sep2021 15:00:00;169,5707648
13Sep2021 16:00:00;135,1609974
13Sep2021 17:00:00;82,5622803
13Sep2021 18:00:00;16,3559038
13Sep2021 19:00:00;0,6944670
13Sep2021 20:00:00;0,0000000
13Sep2021 21:00:00;0,0000000
13Sep2021 22:00:00;0,0000000
13Sep2021 23:00:00;0,0000000
14Sep2021 0:00:00;0,0000000
14Sep2021 1:00:00;0,0000000
14Sep2021 2:00:00;0,0000000
14Sep2021 3:00:00;0,0000000
14Sep2021 4:00:00;0,0000000
14Sep2021 5:00:00;0,0000000
14Sep2021 6:00:00;2,3821961
14Sep2021 7:00:00;52,9054886
14Sep2021 8:00:00;159,5306685
14Sep2021 9:00:00;272,5316921
14Sep2021 10:00:00;341,3656174
14Sep2021 11:00:00;360,0769313
14Sep2021 12:00:00;359,5092111
14Sep2021 13:00:00;304,4370920
14Sep2021 14:00:00;226,6326684
14Sep2021 15:00:00;161,4634715
14Sep2021 16:00:00;108,5365674
14Sep2021 17:00:00;64,2590260
14Sep2021 18:00:00;13,8685425
14Sep2021 19:00:00;0,2145890
14Sep2021 20:00:00;0,0000000
14Sep2021 21:00:00;0,0000000
14Sep2021 22:00:00;0,0000000
14Sep2021 23:00:00;0,0000000
15Sep2021 0:00:00;0,0000000
15Sep2021 1:00:00;0,0000000
15Sep2021 2:00:00;0,0000000
15Sep2021 3:00:00;0,0000000
15Sep2021 4:00:00;0,0000000
15Sep2021 5:00:00;0,0000000
15Sep2021 6:00:00;0,5340754
15Sep2021 7:00:00;10,7445045
15Sep2021 8:00:00;29,9316429
15Sep2021 9:00:00;51,3875972
15Sep2021 10:00:00;80,2471679
15Sep2021 11:00:00;85,6824172
15Sep2021 12:00:00;106,9383919
15Sep2021 13:00:00;117,0944333
15Sep2021 14:00:00;112,2422117
15Sep2021 15:00:00;123,2205183
15Sep2021 16:00:00;95,7922176
15Sep2021 17:00:00;46,5098633
15Sep2021 18:00:00;10,3594969
15Sep2021 19:00:00;0,1574070
15Sep2021 20:00:00;0,0000000
15Sep2021 21:00:00;0,0000000
15Sep2021 22:00:00;0,0000000
15Sep2021 23:00:00;0,0000000
16Sep2021 0:00:00;0,0000000
16Sep2021 1:00:00;0,0000000
16Sep2021 2:00:00;0,0000000
16Sep2021 3:00:00;0,0000000
16Sep2021 4:00:00;0,0000000
16Sep2021 5:00:00;0,0000000
16Sep2021 6:00:00;0,3821954
16Sep2021 7:00:00;11,1450465
16Sep2021 8:00:00;34,8552728
16Sep2021 9:00:00;58,8448151
16Sep2021 10:00:00;89,3399389
16Sep2021 11:00:00;134,6674603
16Sep2021 12:00:00;141,3851267
16Sep2021 13:00:00;96,5199405
16Sep2021 14:00:00;81,3208666
16Sep2021 15:00:00;71,0207554
16Sep2021 16:00:00;59,8843794
16Sep2021 17:00:00;42,3427918
16Sep2021 18:00:00;7,0801138
16Sep2021 19:00:00;0,0581830
16Sep2021 20:00:00;0,0000000
16Sep2021 21:00:00;0,0000000
16Sep2021 22:00:00;0,0000000
16Sep2021 23:00:00;0,0000000
17Sep2021 0:00:00;0,0000000
17Sep2021 1:00:00;0,0000000
17Sep2021 2:00:00;0,0000000
17Sep2021 3:00:00;0,0000000
17Sep2021 4:00:00;0,0000000
17Sep2021 5:00:00;0,0000000
17Sep2021 6:00:00;1,8095126
17Sep2021 7:00:00;55,9124830
17Sep2021 8:00:00;179,0603608
17Sep2021 9:00:00;296,8027226
17Sep2021 10:00:00;362,8418642
17Sep2021 11:00:00;384,6441685
17Sep2021 12:00:00;389,2037694
17Sep2021 13:00:00;395,0662086
17Sep2021 14:00:00;364,9449744
17Sep2021 15:00:00;310,5035058
17Sep2021 16:00:00;226,2644428
17Sep2021 17:00:00;108,8518326
17Sep2021 18:00:00;16,7363164
17Sep2021 19:00:00;0,5609600
17Sep2021 20:00:00;0,0000000
17Sep2021 21:00:00;0,0000000
17Sep2021 22:00:00;0,0000000
17Sep2021 23:00:00;0,0000000
18Sep2021 0:00:00;0,0000000
18Sep2021 1:00:00;0,0000000
18Sep2021 2:00:00;0,0000000
18Sep2021 3:00:00;0,0000000
18Sep2021 4:00:00;0,0000000
18Sep2021 5:00:00;0,0000000
18Sep2021 6:00:00;2,0987746
18Sep2021 7:00:00;57,3709586
18Sep2021 8:00:00;179,3551881
18Sep2021 9:00:00;293,6733968
18Sep2021 10:00:00;373,6331163
18Sep2021 11:00:00;412,9482074
18Sep2021 12:00:00;429,5383852
18Sep2021 13:00:00;395,0542281
18Sep2021 14:00:00;348,3653061
18Sep2021 15:00:00;290,3671925
18Sep2021 16:00:00;194,3562915
18Sep2021 17:00:00;90,1749204
18Sep2021 18:00:00;12,5615622
18Sep2021 19:00:00;0,0838160
18Sep2021 20:00:00;0,0001170
18Sep2021 21:00:00;0,0000000
18Sep2021 22:00:00;0,0000000
18Sep2021 23:00:00;0,0000000
19Sep2021 0:00:00;0,0000000
19Sep2021 1:00:00;0,0000000
19Sep2021 2:00:00;0,0000000
19Sep2021 3:00:00;0,0000000
19Sep2021 4:00:00;0,0000000
19Sep2021 5:00:00;0,0000000
19Sep2021 6:00:00;1,3016601
19Sep2021 7:00:00;47,2611471
19Sep2021 8:00:00;160,3364207
19Sep2021 9:00:00;271,0681262
19Sep2021 10:00:00;344,5963063
19Sep2021 11:00:00;374,8537879
19Sep2021 12:00:00;385,7545594
19Sep2021 13:00:00;392,4623674
19Sep2021 14:00:00;369,2704007
19Sep2021 15:00:00;318,7619952
19Sep2021 16:00:00;218,1528762
19Sep2021 17:00:00;95,7861199
19Sep2021 18:00:00;12,3304908
19Sep2021 19:00:00;0,0846090
19Sep2021 20:00:00;0,0000000
19Sep2021 21:00:00;0,0000000
19Sep2021 22:00:00;0,0000000
19Sep2021 23:00:00;0,0000000
20Sep2021 0:00:00;0,0000000
20Sep2021 1:00:00;0,0000000
20Sep2021 2:00:00;0,0000000
20Sep2021 3:00:00;0,0000000
20Sep2021 4:00:00;0,0000000
20Sep2021 5:00:00;0,0000000
20Sep2021 6:00:00;1,0325090
20Sep2021 7:00:00;46,0181089
20Sep2021 8:00:00;152,6068052
20Sep2021 9:00:00;271,8948730
20Sep2021 10:00:00;354,1726049
20Sep2021 11:00:00;390,6860604
20Sep2021 12:00:00;390,7872637
20Sep2021 13:00:00;374,6704999
20Sep2021 14:00:00;342,9822925
20Sep2021 15:00:00;285,7260791
20Sep2021 16:00:00;202,7810202
20Sep2021 17:00:00;95,1408952
20Sep2021 18:00:00;12,1210180
20Sep2021 19:00:00;0,0717630
20Sep2021 20:00:00;0,0000000
20Sep2021 21:00:00;0,0000000
20Sep2021 22:00:00;0,0000000
20Sep2021 23:00:00;0,0000000
21Sep2021 0:00:00;0,0000000
21Sep2021 1:00:00;0,0000000
21Sep2021 2:00:00;0,0000000
21Sep2021 3:00:00;0,0000000
21Sep2021 4:00:00;0,0000000
21Sep2021 5:00:00;0,0000000
21Sep2021 6:00:00;0,9798868
21Sep2021 7:00:00;47,1869232
21Sep2021 8:00:00;155,1274599
21Sep2021 9:00:00;251,6365166
21Sep2021 10:00:00;286,5150442
21Sep2021 11:00:00;286,3698557
21Sep2021 12:00:00;289,4925400
21Sep2021 13:00:00;300,4473436
21Sep2021 14:00:00;263,4604193
21Sep2021 15:00:00;196,0323241
21Sep2021 16:00:00;122,1009122
21Sep2021 17:00:00;58,4230575
21Sep2021 18:00:00;8,1183643
21Sep2021 19:00:00;0,0496380
21Sep2021 20:00:00;0,0000000
21Sep2021 21:00:00;0,0000000
21Sep2021 22:00:00;0,0000000
21Sep2021 23:00:00;0,0000000
22Sep2021 0:00:00;0,0000000
22Sep2021 1:00:00;0,0000000
22Sep2021 2:00:00;0,0000000
22Sep2021 3:00:00;0,0000000
22Sep2021 4:00:00;0,0000000
22Sep2021 5:00:00;0,0000000
22Sep2021 6:00:00;6,5619012
22Sep2021 7:00:00;24,3413593
22Sep2021 8:00:00;89,1597135
22Sep2021 9:00:00;169,4360254
22Sep2021 10:00:00;257,3289866
22Sep2021 11:00:00;311,4502182
22Sep2021 12:00:00;285,3429161
22Sep2021 13:00:00;277,9633012
22Sep2021 14:00:00;257,7545322
22Sep2021 15:00:00;228,6881559
22Sep2021 16:00:00;156,9615487
22Sep2021 17:00:00;67,4663984
22Sep2021 18:00:00;6,8786410
22Sep2021 19:00:00;0,0509130
22Sep2021 20:00:00;0,0000000
22Sep2021 21:00:00;0,0000000
22Sep2021 22:00:00;0,0000000
22Sep2021 23:00:00;0,0000000
23Sep2021 0:00:00;0,0000000
23Sep2021 1:00:00;0,0000000
23Sep2021 2:00:00;0,0000000
23Sep2021 3:00:00;0,0000000
23Sep2021 4:00:00;0,0000000
23Sep2021 5:00:00;0,0000000
23Sep2021 6:00:00;0,2526147
23Sep2021 7:00:00;20,1227359
23Sep2021 8:00:00;98,1261072
23Sep2021 9:00:00;168,9004694
23Sep2021 10:00:00;204,1726989
23Sep2021 11:00:00;222,5873465
23Sep2021 12:00:00;207,4733874
23Sep2021 13:00:00;193,1171783
23Sep2021 14:00:00;185,1679679
23Sep2021 15:00:00;172,9580430
23Sep2021 16:00:00;124,8428618
23Sep2021 17:00:00;62,2985779
23Sep2021 18:00:00;8,0758598
23Sep2021 19:00:00;0,2142520
23Sep2021 20:00:00;0,0000000
23Sep2021 21:00:00;0,0000000
23Sep2021 22:00:00;0,0000000
23Sep2021 23:00:00;0,0000000
24Sep2021 0:00:00;0,0000000
24Sep2021 1:00:00;0,0000000
24Sep2021 2:00:00;0,0000000
24Sep2021 3:00:00;0,0000000
24Sep2021 4:00:00;0,0000000
24Sep2021 5:00:00;0,0000000
24Sep2021 6:00:00;1,0528795
24Sep2021 7:00:00;48,8454216
24Sep2021 8:00:00;166,9242157
24Sep2021 9:00:00;286,9976858
24Sep2021 10:00:00;355,5715571
24Sep2021 11:00:00;385,0963431
24Sep2021 12:00:00;382,5453311
24Sep2021 13:00:00;364,2944665
24Sep2021 14:00:00;338,1840925
24Sep2021 15:00:00;289,3268610
24Sep2021 16:00:00;212,7783704
24Sep2021 17:00:00;96,2910427
24Sep2021 18:00:00;8,6961514
24Sep2021 19:00:00;3,6804680
24Sep2021 20:00:00;0,0000000
24Sep2021 21:00:00;0,0000000
24Sep2021 22:00:00;0,0000000
24Sep2021 23:00:00;0,0000000
25Sep2021 0:00:00;0,0000000
25Sep2021 1:00:00;0,0000000
25Sep2021 2:00:00;0,0000000
25Sep2021 3:00:00;0,0000000
25Sep2021 4:00:00;0,0000000
25Sep2021 5:00:00;0,0000000
25Sep2021 6:00:00;0,9017164
25Sep2021 7:00:00;41,1419454
25Sep2021 8:00:00;133,0053400
25Sep2021 9:00:00;232,3707536
25Sep2021 10:00:00;261,5964219
25Sep2021 11:00:00;253,0708620
25Sep2021 12:00:00;265,6859489
25Sep2021 13:00:00;288,2830238
25Sep2021 14:00:00;262,8208727
25Sep2021 15:00:00;205,0077843
25Sep2021 16:00:00;132,0997977
25Sep2021 17:00:00;64,1375995
25Sep2021 18:00:00;8,8039350
25Sep2021 19:00:00;0,0335070
25Sep2021 20:00:00;0,0000000
25Sep2021 21:00:00;0,0000000
25Sep2021 22:00:00;0,0000000
25Sep2021 23:00:00;0,0000000
26Sep2021 0:00:00;0,0000000
26Sep2021 1:00:00;0,0000000
26Sep2021 2:00:00;0,0000000
26Sep2021 3:00:00;0,0000000
26Sep2021 4:00:00;0,0000000
26Sep2021 5:00:00;0,0000000
26Sep2021 6:00:00;0,9183925
26Sep2021 7:00:00;52,9900552
26Sep2021 8:00:00;176,1887189
26Sep2021 9:00:00;272,7016565
26Sep2021 10:00:00;348,7489821
26Sep2021 11:00:00;392,7534862
26Sep2021 12:00:00;409,3770398
26Sep2021 13:00:00;399,6278792
26Sep2021 14:00:00;373,6237974
26Sep2021 15:00:00;315,5946817
26Sep2021 16:00:00;218,1001775
26Sep2021 17:00:00;94,2497755
26Sep2021 18:00:00;11,8496732
26Sep2021 19:00:00;0,2956140
26Sep2021 20:00:00;0,0000000
26Sep2021 21:00:00;0,0000000
26Sep2021 22:00:00;0,0000000
26Sep2021 23:00:00;0,0000000
27Sep2021 0:00:00;0,0000000
27Sep2021 1:00:00;0,0000000
27Sep2021 2:00:00;0,0000000
27Sep2021 3:00:00;0,0000000
27Sep2021 4:00:00;0,0000000
27Sep2021 5:00:00;0,0000000
27Sep2021 6:00:00;0,9118946
27Sep2021 7:00:00;52,5843503
27Sep2021 8:00:00;175,2424437
27Sep2021 9:00:00;284,0291786
27Sep2021 10:00:00;365,0509096
27Sep2021 11:00:00;413,3148732
27Sep2021 12:00:00;427,5356337
27Sep2021 13:00:00;414,2679759
27Sep2021 14:00:00;378,9466016
27Sep2021 15:00:00;313,1149084
27Sep2021 16:00:00;211,7731938
27Sep2021 17:00:00;90,0351990
27Sep2021 18:00:00;7,9489152
27Sep2021 19:00:00;0,0491960
27Sep2021 20:00:00;0,0000000
27Sep2021 21:00:00;0,0000000
27Sep2021 22:00:00;0,0000000
27Sep2021 23:00:00;0,0000000
28Sep2021 0:00:00;0,0000000
28Sep2021 1:00:00;0,0000000
28Sep2021 2:00:00;0,0000000
28Sep2021 3:00:00;0,0000000
28Sep2021 4:00:00;0,0000000
28Sep2021 5:00:00;0,0000000
28Sep2021 6:00:00;0,6751370
28Sep2021 7:00:00;40,5430038
28Sep2021 8:00:00;145,0563553
28Sep2021 9:00:00;255,4751198
28Sep2021 10:00:00;336,2356088
28Sep2021 11:00:00;393,6550098
28Sep2021 12:00:00;407,9620860
28Sep2021 13:00:00;398,7497638
28Sep2021 14:00:00;369,8539742
28Sep2021 15:00:00;297,9015866
28Sep2021 16:00:00;206,0070398
28Sep2021 17:00:00;85,8517731
28Sep2021 18:00:00;6,3651214
28Sep2021 19:00:00;0,0435480
28Sep2021 20:00:00;0,0000000
28Sep2021 21:00:00;0,0000000
28Sep2021 22:00:00;0,0000000
28Sep2021 23:00:00;0,0000000
29Sep2021 0:00:00;0,0000000
29Sep2021 1:00:00;0,0000000
29Sep2021 2:00:00;0,0000000
29Sep2021 3:00:00;0,0000000
29Sep2021 4:00:00;0,0000000
29Sep2021 5:00:00;0,0000000
29Sep2021 6:00:00;0,4360612
29Sep2021 7:00:00;31,9157686
29Sep2021 8:00:00;96,1274679
29Sep2021 9:00:00;180,1822199
29Sep2021 10:00:00;272,2310943
29Sep2021 11:00:00;309,7401962
29Sep2021 12:00:00;287,7741753
29Sep2021 13:00:00;243,0566070
29Sep2021 14:00:00;191,3293075
29Sep2021 15:00:00;139,7763201
29Sep2021 16:00:00;92,1022130
29Sep2021 17:00:00;39,6350637
29Sep2021 18:00:00;2,9652824
29Sep2021 19:00:00;0,0065950
29Sep2021 20:00:00;0,0000000
29Sep2021 21:00:00;0,0000000
29Sep2021 22:00:00;0,0000000
29Sep2021 23:00:00;0,0000000
30Sep2021 0:00:00;0,0000000
30Sep2021 1:00:00;0,0000000
30Sep2021 2:00:00;0,0000000
30Sep2021 3:00:00;0,0000000
30Sep2021 4:00:00;0,0000000
30Sep2021 5:00:00;0,0000000
30Sep2021 6:00:00;0,2870504
30Sep2021 7:00:00;27,0141679
30Sep2021 8:00:00;105,7508951
30Sep2021 9:00:00;220,1955419
30Sep2021 10:00:00;302,3975444
30Sep2021 11:00:00;348,7320618
30Sep2021 12:00:00;359,2239973
30Sep2021 13:00:00;360,4445659
30Sep2021 14:00:00;333,4321124
30Sep2021 15:00:00;277,5744034
30Sep2021 16:00:00;193,5322306
30Sep2021 17:00:00;82,3494706
30Sep2021 18:00:00;5,4463715
30Sep2021 19:00:00;0,0405710
30Sep2021 20:00:00;0,0000000
30Sep2021 21:00:00;0,0000000
30Sep2021 22:00:00;0,0000000
30Sep2021 23:00:00;0,0000000
01Oct2021 0:00:00;0,0000000
01Oct2021 1:00:00;0,0000000
01Oct2021 2:00:00;0,0000000
01Oct2021 3:00:00;0,0000000
01Oct2021 4:00:00;0,0000000
01Oct2021 5:00:00;0,0000000
01Oct2021 6:00:00;0,4811156
01Oct2021 7:00:00;46,9678430
01Oct2021 8:00:00;161,3524988
01Oct2021 9:00:00;263,1058575
01Oct2021 10:00:00;326,5594108
01Oct2021 11:00:00;355,9295507
01Oct2021 12:00:00;356,6446779
01Oct2021 13:00:00;363,6507094
01Oct2021 14:00:00;339,8688929
01Oct2021 15:00:00;293,5970180
01Oct2021 16:00:00;205,3901170
01Oct2021 17:00:00;83,7717331
01Oct2021 18:00:00;6,9969575
01Oct2021 19:00:00;0,0004540
01Oct2021 20:00:00;0,0000000
01Oct2021 21:00:00;0,0000000
01Oct2021 22:00:00;0,0000000
01Oct2021 23:00:00;0,0000000
02Oct2021 0:00:00;0,0000000
02Oct2021 1:00:00;0,0000000
02Oct2021 2:00:00;0,0000000
02Oct2021 3:00:00;0,0000000
02Oct2021 4:00:00;0,0000000
02Oct2021 5:00:00;0,0000000
02Oct2021 6:00:00;0,5438413
02Oct2021 7:00:00;45,7332504
02Oct2021 8:00:00;168,1698986
02Oct2021 9:00:00;289,0920924
02Oct2021 10:00:00;368,8901660
02Oct2021 11:00:00;415,5565574
02Oct2021 12:00:00;428,8248220
02Oct2021 13:00:00;413,4167382
02Oct2021 14:00:00;379,3873146
02Oct2021 15:00:00;313,1493238
02Oct2021 16:00:00;206,3885385
02Oct2021 17:00:00;78,7054991
02Oct2021 18:00:00;3,9430985
02Oct2021 19:00:00;0,0007090
02Oct2021 20:00:00;0,0000000
02Oct2021 21:00:00;0,0000000
02Oct2021 22:00:00;0,0000000
02Oct2021 23:00:00;0,0000000
03Oct2021 0:00:00;0,0000000
03Oct2021 1:00:00;0,0000000
03Oct2021 2:00:00;0,0000000
03Oct2021 3:00:00;0,0000000
03Oct2021 4:00:00;0,0000000
03Oct2021 5:00:00;0,0000000
03Oct2021 6:00:00;0,3157256
03Oct2021 7:00:00;33,2475025
03Oct2021 8:00:00;126,3350751
03Oct2021 9:00:00;241,2868776
03Oct2021 10:00:00;317,8910023
03Oct2021 11:00:00;330,1231976
03Oct2021 12:00:00;309,0545393
03Oct2021 13:00:00;315,4992114
03Oct2021 14:00:00;311,2753551
03Oct2021 15:00:00;255,2278686
03Oct2021 16:00:00;173,8927171
03Oct2021 17:00:00;67,5207804
03Oct2021 18:00:00;3,4285096
03Oct2021 19:00:00;0,0116770
03Oct2021 20:00:00;0,0000000
03Oct2021 21:00:00;0,0000000
03Oct2021 22:00:00;0,0000000
03Oct2021 23:00:00;0,0000000
04Oct2021 0:00:00;0,0000000
04Oct2021 1:00:00;0,0000000
04Oct2021 2:00:00;0,0000000
04Oct2021 3:00:00;0,0000000
04Oct2021 4:00:00;0,0000000
04Oct2021 5:00:00;0,0000000
04Oct2021 6:00:00;0,3100240
04Oct2021 7:00:00;38,4115200
04Oct2021 8:00:00;142,8679174
04Oct2021 9:00:00;252,8197026
04Oct2021 10:00:00;325,3760520
04Oct2021 11:00:00;346,7158625
04Oct2021 12:00:00;363,2008694
04Oct2021 13:00:00;362,8101036
04Oct2021 14:00:00;353,6277806
04Oct2021 15:00:00;292,3157597
04Oct2021 16:00:00;183,2275284
04Oct2021 17:00:00;64,3359631
04Oct2021 18:00:00;2,7440617
04Oct2021 19:00:00;0,0016070
04Oct2021 20:00:00;0,0000000
04Oct2021 21:00:00;0,0000000
04Oct2021 22:00:00;0,0000000
04Oct2021 23:00:00;0,0000000
05Oct2021 0:00:00;0,0000000
05Oct2021 1:00:00;0,0000000
05Oct2021 2:00:00;0,0000000
05Oct2021 3:00:00;0,0000000
05Oct2021 4:00:00;0,0000000
05Oct2021 5:00:00;0,0000000
05Oct2021 6:00:00;0,1944144
05Oct2021 7:00:00;22,0817982
05Oct2021 8:00:00;98,4064195
05Oct2021 9:00:00;194,3416855
05Oct2021 10:00:00;268,2838897
05Oct2021 11:00:00;295,1930270
05Oct2021 12:00:00;282,3062411
05Oct2021 13:00:00;258,1620378
05Oct2021 14:00:00;217,6592537
05Oct2021 15:00:00;163,3778558
05Oct2021 16:00:00;115,3961779
05Oct2021 17:00:00;46,0003213
05Oct2021 18:00:00;1,8458259
05Oct2021 19:00:00;0,0004990
05Oct2021 20:00:00;0,0000000
05Oct2021 21:00:00;0,0000000
05Oct2021 22:00:00;0,0000000
05Oct2021 23:00:00;0,0000000
06Oct2021 0:00:00;0,0000000
06Oct2021 1:00:00;0,0000000
06Oct2021 2:00:00;0,0000000
06Oct2021 3:00:00;0,0000000
06Oct2021 4:00:00;0,0000000
06Oct2021 5:00:00;0,0000000
06Oct2021 6:00:00;0,2601760
06Oct2021 7:00:00;40,7772380
06Oct2021 8:00:00;157,1221869
06Oct2021 9:00:00;275,4767767
06Oct2021 10:00:00;355,8502835
06Oct2021 11:00:00;397,0353601
06Oct2021 12:00:00;407,0840353
06Oct2021 13:00:00;389,9298739
06Oct2021 14:00:00;351,0158770
06Oct2021 15:00:00;274,3027682
06Oct2021 16:00:00;178,5299576
06Oct2021 17:00:00;66,4197676
06Oct2021 18:00:00;2,2905816
06Oct2021 19:00:00;0,0004230
06Oct2021 20:00:00;0,0000000
06Oct2021 21:00:00;0,0000000
06Oct2021 22:00:00;0,0000000
06Oct2021 23:00:00;0,0000000
07Oct2021 0:00:00;0,0000000
07Oct2021 1:00:00;0,0000000
07Oct2021 2:00:00;0,0000000
07Oct2021 3:00:00;0,0000000
07Oct2021 4:00:00;0,0000000
07Oct2021 5:00:00;0,0000000
07Oct2021 6:00:00;0,3635259
07Oct2021 7:00:00;41,3121115
07Oct2021 8:00:00;163,0843237
07Oct2021 9:00:00;280,9813585
07Oct2021 10:00:00;364,1327063
07Oct2021 11:00:00;401,4123250
07Oct2021 12:00:00;411,0529163
07Oct2021 13:00:00;400,2173994
07Oct2021 14:00:00;372,5357136
07Oct2021 15:00:00;305,5650937
07Oct2021 16:00:00;198,0958303
07Oct2021 17:00:00;69,6760548
07Oct2021 18:00:00;6,0519240
07Oct2021 19:00:00;0,0005310
07Oct2021 20:00:00;0,0000000
07Oct2021 21:00:00;0,0000000
07Oct2021 22:00:00;0,0000000
07Oct2021 23:00:00;0,0000000
08Oct2021 0:00:00;0,0000000
08Oct2021 1:00:00;0,0000000
08Oct2021 2:00:00;0,0000000
08Oct2021 3:00:00;0,0000000
08Oct2021 4:00:00;0,0000000
08Oct2021 5:00:00;0,0000000
08Oct2021 6:00:00;0,3152410
08Oct2021 7:00:00;41,4801624
08Oct2021 8:00:00;159,4111393
08Oct2021 9:00:00;265,6893162
08Oct2021 10:00:00;347,3177150
08Oct2021 11:00:00;387,0331403
08Oct2021 12:00:00;398,7812484
08Oct2021 13:00:00;384,9618472
08Oct2021 14:00:00;349,9298866
08Oct2021 15:00:00;281,3677706
08Oct2021 16:00:00;179,8467989
08Oct2021 17:00:00;69,7918431
08Oct2021 18:00:00;2,0184950
08Oct2021 19:00:00;0,0003890
08Oct2021 20:00:00;0,0000000
08Oct2021 21:00:00;0,0000000
08Oct2021 22:00:00;0,0000000
08Oct2021 23:00:00;0,0000000
09Oct2021 0:00:00;0,0000000
09Oct2021 1:00:00;0,0000000
09Oct2021 2:00:00;0,0000000
09Oct2021 3:00:00;0,0000000
09Oct2021 4:00:00;0,0000000
09Oct2021 5:00:00;0,0000000
09Oct2021 6:00:00;0,2129947
09Oct2021 7:00:00;37,5480115
09Oct2021 8:00:00;152,9416668
09Oct2021 9:00:00;253,5124435
09Oct2021 10:00:00;326,0156524
09Oct2021 11:00:00;360,6823655
09Oct2021 12:00:00;374,7521950
09Oct2021 13:00:00;371,6815034
09Oct2021 14:00:00;341,4688576
09Oct2021 15:00:00;265,8961202
09Oct2021 16:00:00;162,4377271
09Oct2021 17:00:00;51,4826025
09Oct2021 18:00:00;2,7345445
09Oct2021 19:00:00;0,0003690
09Oct2021 20:00:00;0,0000000
09Oct2021 21:00:00;0,0000000
09Oct2021 22:00:00;0,0000000
09Oct2021 23:00:00;0,0000000
10Oct2021 0:00:00;0,0000000
10Oct2021 1:00:00;0,0000000
10Oct2021 2:00:00;0,0000000
10Oct2021 3:00:00;0,0000000
10Oct2021 4:00:00;0,0000000
10Oct2021 5:00:00;0,0000000
10Oct2021 6:00:00;0,1514060
10Oct2021 7:00:00;29,5741653
10Oct2021 8:00:00;138,0092494
10Oct2021 9:00:00;253,9892216
10Oct2021 10:00:00;338,2195385
10Oct2021 11:00:00;388,8127876
10Oct2021 12:00:00;403,7614264
10Oct2021 13:00:00;392,5849072
10Oct2021 14:00:00;352,7273984
10Oct2021 15:00:00;278,5598364
10Oct2021 16:00:00;173,2187966
10Oct2021 17:00:00;52,4026307
10Oct2021 18:00:00;0,9320806
10Oct2021 19:00:00;0,0113960
10Oct2021 20:00:00;0,0000000
10Oct2021 21:00:00;0,0000000
10Oct2021 22:00:00;0,0000000
10Oct2021 23:00:00;0,0000000
11Oct2021 0:00:00;0,0000000
11Oct2021 1:00:00;0,0000000
11Oct2021 2:00:00;0,0000000
11Oct2021 3:00:00;0,0000000
11Oct2021 4:00:00;0,0000000
11Oct2021 5:00:00;0,0000000
11Oct2021 6:00:00;0,1387360
11Oct2021 7:00:00;27,4323984
11Oct2021 8:00:00;133,8672676
11Oct2021 9:00:00;246,0173057
11Oct2021 10:00:00;330,3925619
11Oct2021 11:00:00;378,3433326
11Oct2021 12:00:00;393,7239555
11Oct2021 13:00:00;376,3027396
11Oct2021 14:00:00;335,1429084
11Oct2021 15:00:00;272,7116080
11Oct2021 16:00:00;165,0552753
11Oct2021 17:00:00;45,9896682
11Oct2021 18:00:00;2,0479410
11Oct2021 19:00:00;0,0005830
11Oct2021 20:00:00;0,0000000
11Oct2021 21:00:00;0,0000000
11Oct2021 22:00:00;0,0000000
11Oct2021 23:00:00;0,0000000
12Oct2021 0:00:00;0,0000000
12Oct2021 1:00:00;0,0000000
12Oct2021 2:00:00;0,0000000
12Oct2021 3:00:00;0,0000000
12Oct2021 4:00:00;0,0000000
12Oct2021 5:00:00;0,0000000
12Oct2021 6:00:00;0,2004306
12Oct2021 7:00:00;28,9558698
12Oct2021 8:00:00;133,0861299
12Oct2021 9:00:00;231,2577210
12Oct2021 10:00:00;312,1172083
12Oct2021 11:00:00;352,0665969
12Oct2021 12:00:00;344,0564385
12Oct2021 13:00:00;306,8121588
12Oct2021 14:00:00;260,0972711
12Oct2021 15:00:00;213,2224742
12Oct2021 16:00:00;127,4359773
12Oct2021 17:00:00;29,3739513
12Oct2021 18:00:00;0,3068303
12Oct2021 19:00:00;0,0004640
12Oct2021 20:00:00;0,0000000
12Oct2021 21:00:00;0,0000000
12Oct2021 22:00:00;0,0000000
12Oct2021 23:00:00;0,0000000
13Oct2021 0:00:00;0,0000000
13Oct2021 1:00:00;0,0000000
13Oct2021 2:00:00;0,0000000
13Oct2021 3:00:00;0,0000000
13Oct2021 4:00:00;0,0000000
13Oct2021 5:00:00;0,0000000
13Oct2021 6:00:00;0,0218186
13Oct2021 7:00:00;17,9520183
13Oct2021 8:00:00;93,7380608
13Oct2021 9:00:00;181,8008288
13Oct2021 10:00:00;241,8105947
13Oct2021 11:00:00;248,3540951
13Oct2021 12:00:00;234,7229479
13Oct2021 13:00:00;224,9959983
13Oct2021 14:00:00;213,9359744
13Oct2021 15:00:00;184,9263284
13Oct2021 16:00:00;125,6231592
13Oct2021 17:00:00;39,8604547
13Oct2021 18:00:00;0,3906380
13Oct2021 19:00:00;0,0003520
13Oct2021 20:00:00;0,0000020
13Oct2021 21:00:00;0,0000000
13Oct2021 22:00:00;0,0000000
13Oct2021 23:00:00;0,0000000
14Oct2021 0:00:00;0,0000000
14Oct2021 1:00:00;0,0000000
14Oct2021 2:00:00;0,0000000
14Oct2021 3:00:00;0,0000000
14Oct2021 4:00:00;0,0000000
14Oct2021 5:00:00;0,0000000
14Oct2021 6:00:00;0,0970804
14Oct2021 7:00:00;16,5721647
14Oct2021 8:00:00;89,3837519
14Oct2021 9:00:00;173,2869820
14Oct2021 10:00:00;285,2179376
14Oct2021 11:00:00;349,6135138
14Oct2021 12:00:00;376,9253290
14Oct2021 13:00:00;362,9943468
14Oct2021 14:00:00;320,6643485
14Oct2021 15:00:00;243,6227946
14Oct2021 16:00:00;158,3003157
14Oct2021 17:00:00;43,3039176
14Oct2021 18:00:00;0,5393859
14Oct2021 19:00:00;0,0028490
14Oct2021 20:00:00;0,0000000
14Oct2021 21:00:00;0,0000000
14Oct2021 22:00:00;0,0000000
14Oct2021 23:00:00;0,0000000
15Oct2021 0:00:00;0,0000000
15Oct2021 1:00:00;0,0001170
15Oct2021 2:00:00;0,0000000
15Oct2021 3:00:00;0,0000000
15Oct2021 4:00:00;0,0000000
15Oct2021 5:00:00;0,0000000
15Oct2021 6:00:00;0,1792137
15Oct2021 7:00:00;27,6946509
15Oct2021 8:00:00;139,6420232
15Oct2021 9:00:00;249,9722904
15Oct2021 10:00:00;309,6715156
15Oct2021 11:00:00;360,1733791
15Oct2021 12:00:00;371,3034002
15Oct2021 13:00:00;330,4767233
15Oct2021 14:00:00;275,7981383
15Oct2021 15:00:00;203,3361408
15Oct2021 16:00:00;90,5916631
15Oct2021 17:00:00;24,9376220
15Oct2021 18:00:00;1,1356335
15Oct2021 19:00:00;0,0004270
15Oct2021 20:00:00;0,0000000
15Oct2021 21:00:00;0,0000000
15Oct2021 22:00:00;0,0000000
15Oct2021 23:00:00;0,0000000
16Oct2021 0:00:00;0,0000000
16Oct2021 1:00:00;0,0000000
16Oct2021 2:00:00;0,0000000
16Oct2021 3:00:00;0,0000000
16Oct2021 4:00:00;0,0000000
16Oct2021 5:00:00;0,0000000
16Oct2021 6:00:00;0,0814497
16Oct2021 7:00:00;19,0674475
16Oct2021 8:00:00;68,3644101
16Oct2021 9:00:00;74,1365586
16Oct2021 10:00:00;107,3673647
16Oct2021 11:00:00;248,8617890
16Oct2021 12:00:00;351,1226398
16Oct2021 13:00:00;331,3768905
16Oct2021 14:00:00;284,2467400
16Oct2021 15:00:00;183,3288105
16Oct2021 16:00:00;100,8203130
16Oct2021 17:00:00;26,8473864
16Oct2021 18:00:00;0,7839716
16Oct2021 19:00:00;0,0006760
16Oct2021 20:00:00;0,0000000
16Oct2021 21:00:00;0,0000000
16Oct2021 22:00:00;0,0000000
16Oct2021 23:00:00;0,0000000
17Oct2021 0:00:00;0,0000000
17Oct2021 1:00:00;0,0000000
17Oct2021 2:00:00;0,0000000
17Oct2021 3:00:00;0,0000000
17Oct2021 4:00:00;0,0000000
17Oct2021 5:00:00;0,0000000
17Oct2021 6:00:00;0,0072421
17Oct2021 7:00:00;10,9184536
17Oct2021 8:00:00;49,5847399
17Oct2021 9:00:00;108,1851271
17Oct2021 10:00:00;169,2560467
17Oct2021 11:00:00;192,1319234
17Oct2021 12:00:00;193,8686191
17Oct2021 13:00:00;173,1469850
17Oct2021 14:00:00;142,2276538
17Oct2021 15:00:00;85,9772188
17Oct2021 16:00:00;39,2692662
17Oct2021 17:00:00;7,5502306
17Oct2021 18:00:00;0,0946241
17Oct2021 19:00:00;0,0088960
17Oct2021 20:00:00;0,0000000
17Oct2021 21:00:00;0,0000000
17Oct2021 22:00:00;0,0000000
17Oct2021 23:00:00;0,0000000
18Oct2021 0:00:00;0,0000000
18Oct2021 1:00:00;0,0000000
18Oct2021 2:00:00;0,0000000
18Oct2021 3:00:00;0,0000000
18Oct2021 4:00:00;0,0000000
18Oct2021 5:00:00;0,0000000
18Oct2021 6:00:00;0,0879272
18Oct2021 7:00:00;12,5636851
18Oct2021 8:00:00;75,7064689
18Oct2021 9:00:00;165,9598562
18Oct2021 10:00:00;238,6044167
18Oct2021 11:00:00;277,6130757
18Oct2021 12:00:00;251,2797092
18Oct2021 13:00:00;209,8983321
18Oct2021 14:00:00;175,5337785
18Oct2021 15:00:00;96,9844132
18Oct2021 16:00:00;42,2489708
18Oct2021 17:00:00;8,5937085
18Oct2021 18:00:00;0,0807327
18Oct2021 19:00:00;0,0010090
18Oct2021 20:00:00;0,0000000
18Oct2021 21:00:00;0,0000020
18Oct2021 22:00:00;0,0000000
18Oct2021 23:00:00;0,0000000
19Oct2021 0:00:00;0,0000000
19Oct2021 1:00:00;0,0000000
19Oct2021 2:00:00;0,0000000
19Oct2021 3:00:00;0,0000000
19Oct2021 4:00:00;0,0000000
19Oct2021 5:00:00;0,0000000
19Oct2021 6:00:00;0,1051844
19Oct2021 7:00:00;7,6438461
19Oct2021 8:00:00;55,3564334
19Oct2021 9:00:00;123,1557762
19Oct2021 10:00:00;177,6378339
19Oct2021 11:00:00;233,0303945
19Oct2021 12:00:00;242,1479637
19Oct2021 13:00:00;220,5381315
19Oct2021 14:00:00;196,0896894
19Oct2021 15:00:00;164,4726625
19Oct2021 16:00:00;100,9631483
19Oct2021 17:00:00;23,0019262
19Oct2021 18:00:00;1,1808626
19Oct2021 19:00:00;0,0006010
19Oct2021 20:00:00;0,0000000
19Oct2021 21:00:00;0,0000000
19Oct2021 22:00:00;0,0000000
19Oct2021 23:00:00;0,0000000
20Oct2021 0:00:00;0,0000000
20Oct2021 1:00:00;0,0000000
20Oct2021 2:00:00;0,0000000
20Oct2021 3:00:00;0,0000000
20Oct2021 4:00:00;0,0000000
20Oct2021 5:00:00;0,0000000
20Oct2021 6:00:00;0,1274997
20Oct2021 7:00:00;6,9337013
20Oct2021 8:00:00;53,8343858
20Oct2021 9:00:00;131,4940749
20Oct2021 10:00:00;223,2607409
20Oct2021 11:00:00;297,9483857
20Oct2021 12:00:00;281,4174177
20Oct2021 13:00:00;275,6448635
20Oct2021 14:00:00;266,2392017
20Oct2021 15:00:00;220,0770859
20Oct2021 16:00:00;139,4584513
20Oct2021 17:00:00;34,6935478
20Oct2021 18:00:00;0,4107858
20Oct2021 19:00:00;0,0006140
20Oct2021 20:00:00;0,0000000
20Oct2021 21:00:00;0,0000000
20Oct2021 22:00:00;0,0000000
20Oct2021 23:00:00;0,0000000
21Oct2021 0:00:00;0,0000000
21Oct2021 1:00:00;0,0000000
21Oct2021 2:00:00;0,0000000
21Oct2021 3:00:00;0,0000000
21Oct2021 4:00:00;0,0000000
21Oct2021 5:00:00;0,0000000
21Oct2021 6:00:00;0,1864709
21Oct2021 7:00:00;25,9284159
21Oct2021 8:00:00;146,5296268
21Oct2021 9:00:00;255,3137270
21Oct2021 10:00:00;342,6375036
21Oct2021 11:00:00;385,9008491
21Oct2021 12:00:00;409,7026562
21Oct2021 13:00:00;397,9443339
21Oct2021 14:00:00;353,1006273
21Oct2021 15:00:00;276,8362217
21Oct2021 16:00:00;163,3104279
21Oct2021 17:00:00;37,4155416
21Oct2021 18:00:00;0,9289785
21Oct2021 19:00:00;0,0006130
21Oct2021 20:00:00;0,0000000
21Oct2021 21:00:00;0,0000000
21Oct2021 22:00:00;0,0000010
21Oct2021 23:00:00;0,0000000
22Oct2021 0:00:00;0,0000000
22Oct2021 1:00:00;0,0000000
22Oct2021 2:00:00;0,0000000
22Oct2021 3:00:00;0,0000000
22Oct2021 4:00:00;0,0000000
22Oct2021 5:00:00;0,0000000
22Oct2021 6:00:00;0,1748536
22Oct2021 7:00:00;24,3967169
22Oct2021 8:00:00;142,9119209
22Oct2021 9:00:00;261,6788063
22Oct2021 10:00:00;351,1390957
22Oct2021 11:00:00;393,4241044
22Oct2021 12:00:00;409,3457106
22Oct2021 13:00:00;394,1076894
22Oct2021 14:00:00;350,8956111
22Oct2021 15:00:00;274,2504798
22Oct2021 16:00:00;156,0520121
22Oct2021 17:00:00;37,5105244
22Oct2021 18:00:00;0,9107005
22Oct2021 19:00:00;0,0005480
22Oct2021 20:00:00;0,0000000
22Oct2021 21:00:00;0,0000000
22Oct2021 22:00:00;0,0000000
22Oct2021 23:00:00;0,0000000
23Oct2021 0:00:00;0,0000000
23Oct2021 1:00:00;0,0000000
23Oct2021 2:00:00;0,0000000
23Oct2021 3:00:00;0,0000000
23Oct2021 4:00:00;0,0000000
23Oct2021 5:00:00;0,0000000
23Oct2021 6:00:00;0,1647923
23Oct2021 7:00:00;21,8536297
23Oct2021 8:00:00;135,0516475
23Oct2021 9:00:00;250,2851913
23Oct2021 10:00:00;330,1988813
23Oct2021 11:00:00;370,4400094
23Oct2021 12:00:00;389,8036687
23Oct2021 13:00:00;376,7018233
23Oct2021 14:00:00;335,7168817
23Oct2021 15:00:00;258,5750034
23Oct2021 16:00:00;145,3087688
23Oct2021 17:00:00;29,8314331
23Oct2021 18:00:00;4,0616116
23Oct2021 19:00:00;0,0007030
23Oct2021 20:00:00;0,0000000
23Oct2021 21:00:00;0,0000000
23Oct2021 22:00:00;0,0000020
23Oct2021 23:00:00;0,0000000
24Oct2021 0:00:00;0,0000000
24Oct2021 1:00:00;0,0000000
24Oct2021 2:00:00;0,0000000
24Oct2021 3:00:00;0,0000000
24Oct2021 4:00:00;0,0000000
24Oct2021 5:00:00;0,0000000
24Oct2021 6:00:00;0,0943629
24Oct2021 7:00:00;15,6472902
24Oct2021 8:00:00;117,5676521
24Oct2021 9:00:00;238,3901591
24Oct2021 10:00:00;315,4780277
24Oct2021 11:00:00;367,2452110
24Oct2021 12:00:00;378,0310878
24Oct2021 13:00:00;357,5382527
24Oct2021 14:00:00;298,1806924
24Oct2021 15:00:00;206,8716664
24Oct2021 16:00:00;100,7910287
24Oct2021 17:00:00;17,1837722
24Oct2021 18:00:00;5,7728291
24Oct2021 19:00:00;0,0090880
24Oct2021 20:00:00;0,0000000
24Oct2021 21:00:00;0,0000000
24Oct2021 22:00:00;0,0000000
24Oct2021 23:00:00;0,0000000
25Oct2021 0:00:00;0,0000000
25Oct2021 1:00:00;0,0000000
25Oct2021 2:00:00;0,0000000
25Oct2021 3:00:00;0,0000000
25Oct2021 4:00:00;0,0000000
25Oct2021 5:00:00;0,0000000
25Oct2021 6:00:00;0,0862021
25Oct2021 7:00:00;8,8369404
25Oct2021 8:00:00;80,4530372
25Oct2021 9:00:00;164,3528956
25Oct2021 10:00:00;251,9578928
25Oct2021 11:00:00;322,6058179
25Oct2021 12:00:00;340,7808328
25Oct2021 13:00:00;343,0328929
25Oct2021 14:00:00;311,6844913
25Oct2021 15:00:00;249,4525644
25Oct2021 16:00:00;139,4655889
25Oct2021 17:00:00;28,4120184
25Oct2021 18:00:00;0,9712731
25Oct2021 19:00:00;0,0004340
25Oct2021 20:00:00;0,0000240
25Oct2021 21:00:00;0,0000000
25Oct2021 22:00:00;0,0000000
25Oct2021 23:00:00;0,0000000
26Oct2021 0:00:00;0,0000000
26Oct2021 1:00:00;0,0000000
26Oct2021 2:00:00;0,0000000
26Oct2021 3:00:00;0,0000000
26Oct2021 4:00:00;0,0000000
26Oct2021 5:00:00;0,0000000
26Oct2021 6:00:00;0,1587183
26Oct2021 7:00:00;17,0154868
26Oct2021 8:00:00;115,9582487
26Oct2021 9:00:00;229,5522160
26Oct2021 10:00:00;325,0235461
26Oct2021 11:00:00;394,4154138
26Oct2021 12:00:00;421,1769006
26Oct2021 13:00:00;408,6706107
26Oct2021 14:00:00;367,9709491
26Oct2021 15:00:00;285,5078169
26Oct2021 16:00:00;158,7038743
26Oct2021 17:00:00;30,8246328
26Oct2021 18:00:00;0,2950989
26Oct2021 19:00:00;0,0005140
26Oct2021 20:00:00;0,0000000
26Oct2021 21:00:00;0,0000000
26Oct2021 22:00:00;0,0000000
26Oct2021 23:00:00;0,0000000
27Oct2021 0:00:00;0,0000000
27Oct2021 1:00:00;0,0000000
27Oct2021 2:00:00;0,0000000
27Oct2021 3:00:00;0,0000000
27Oct2021 4:00:00;0,0000000
27Oct2021 5:00:00;0,0000000
27Oct2021 6:00:00;0,1352615
27Oct2021 7:00:00;12,0901603
27Oct2021 8:00:00;104,0500210
27Oct2021 9:00:00;220,4870473
27Oct2021 10:00:00;307,1199168
27Oct2021 11:00:00;337,3958527
27Oct2021 12:00:00;342,9478340
27Oct2021 13:00:00;306,7142983
27Oct2021 14:00:00;244,7843735
27Oct2021 15:00:00;178,0283788
27Oct2021 16:00:00;95,6423534
27Oct2021 17:00:00;16,9880124
27Oct2021 18:00:00;0,0997940
27Oct2021 19:00:00;0,0006200
27Oct2021 20:00:00;0,0000000
27Oct2021 21:00:00;0,0000000
27Oct2021 22:00:00;0,0000000
27Oct2021 23:00:00;0,0000000
28Oct2021 0:00:00;0,0000000
28Oct2021 1:00:00;0,0000000
28Oct2021 2:00:00;0,0000000
28Oct2021 3:00:00;0,0000000
28Oct2021 4:00:00;0,0000000
28Oct2021 5:00:00;0,0000000
28Oct2021 6:00:00;0,0712054
28Oct2021 7:00:00;10,1660335
28Oct2021 8:00:00;98,6018286
28Oct2021 9:00:00;218,5353947
28Oct2021 10:00:00;304,9949919
28Oct2021 11:00:00;359,9591501
28Oct2021 12:00:00;384,4664422
28Oct2021 13:00:00;358,6716181
28Oct2021 14:00:00;305,8379421
28Oct2021 15:00:00;227,8375073
28Oct2021 16:00:00;118,6096664
28Oct2021 17:00:00;19,2537545
28Oct2021 18:00:00;0,1176962
28Oct2021 19:00:00;0,0004290
28Oct2021 20:00:00;0,0000000
28Oct2021 21:00:00;0,0000000
28Oct2021 22:00:00;0,0000000
28Oct2021 23:00:00;0,0000020
29Oct2021 0:00:00;0,0000000
29Oct2021 1:00:00;0,0000000
29Oct2021 2:00:00;0,0000000
29Oct2021 3:00:00;0,0000000
29Oct2021 4:00:00;0,0000000
29Oct2021 5:00:00;0,0000000
29Oct2021 6:00:00;0,0646202
29Oct2021 7:00:00;8,7851732
29Oct2021 8:00:00;85,0980579
29Oct2021 9:00:00;197,7264562
29Oct2021 10:00:00;281,5278396
29Oct2021 11:00:00;323,6127957
29Oct2021 12:00:00;332,0192848
29Oct2021 13:00:00;336,3761065
29Oct2021 14:00:00;286,8936699
29Oct2021 15:00:00;203,2803283
29Oct2021 16:00:00;102,1439203
29Oct2021 17:00:00;13,4607858
29Oct2021 18:00:00;0,0544262
29Oct2021 19:00:00;0,0004860
29Oct2021 20:00:00;0,0000000
29Oct2021 21:00:00;0,0000000
29Oct2021 22:00:00;0,0000000
29Oct2021 23:00:00;0,0000000
30Oct2021 0:00:00;0,0000000
30Oct2021 1:00:00;0,0000000
30Oct2021 2:00:00;0,0000000
30Oct2021 3:00:00;0,0000000
30Oct2021 4:00:00;0,0000000
30Oct2021 5:00:00;0,0000000
30Oct2021 6:00:00;0,1164822
30Oct2021 7:00:00;9,8091312
30Oct2021 8:00:00;96,4501810
30Oct2021 9:00:00;217,9049514
30Oct2021 10:00:00;313,5633578
30Oct2021 11:00:00;372,0313953
30Oct2021 12:00:00;386,5670843
30Oct2021 13:00:00;372,9825232
30Oct2021 14:00:00;331,7643455
30Oct2021 15:00:00;242,5489823
30Oct2021 16:00:00;122,9830211
30Oct2021 17:00:00;16,5228446
30Oct2021 18:00:00;0,6869671
30Oct2021 19:00:00;0,0005900
30Oct2021 20:00:00;0,0000000
30Oct2021 21:00:00;0,0000000
30Oct2021 22:00:00;0,0000000
30Oct2021 23:00:00;0,0000000
31Oct2021 0:00:00;0,0000000
31Oct2021 1:00:00;0,0000000
31Oct2021 2:00:00;0,0000000
31Oct2021 3:00:00;0,0000000
31Oct2021 4:00:00;0,0000000
31Oct2021 5:00:00;0,0000000
31Oct2021 6:00:00;0,7870412
31Oct2021 7:00:00;9,3800179
31Oct2021 8:00:00;36,5468411
31Oct2021 9:00:00;70,0516831
31Oct2021 10:00:00;89,4154697
31Oct2021 11:00:00;107,6535271
31Oct2021 12:00:00;110,4174818
31Oct2021 13:00:00;111,7519089
31Oct2021 14:00:00;97,3439486
31Oct2021 15:00:00;51,0678667
31Oct2021 16:00:00;19,2636046
31Oct2021 17:00:00;4,4400498
31Oct2021 18:00:00;0,0989291
31Oct2021 19:00:00;0,0103450
31Oct2021 20:00:00;0,0000000
31Oct2021 21:00:00;0,0000000
31Oct2021 22:00:00;0,0000000
31Oct2021 23:00:00;0,0000000
01Nov2021 0:00:00;0,0000000
01Nov2021 1:00:00;0,0000000
01Nov2021 2:00:00;0,0000000
01Nov2021 3:00:00;0,0000000
01Nov2021 4:00:00;0,0000000
01Nov2021 5:00:00;0,0000000
01Nov2021 6:00:00;1,4617421
01Nov2021 7:00:00;18,5124646
01Nov2021 8:00:00;76,8394216
01Nov2021 9:00:00;157,7798038
01Nov2021 10:00:00;235,4952127
01Nov2021 11:00:00;235,6475381
01Nov2021 12:00:00;170,9653762
01Nov2021 13:00:00;112,3680024
01Nov2021 14:00:00;57,1928068
01Nov2021 15:00:00;31,3018942
01Nov2021 16:00:00;14,5655351
01Nov2021 17:00:00;1,6641430
01Nov2021 18:00:00;0,0998840
01Nov2021 19:00:00;0,0000000
01Nov2021 20:00:00;0,0000000
01Nov2021 21:00:00;0,0000010
01Nov2021 22:00:00;0,0000000
01Nov2021 23:00:00;0,0000000
02Nov2021 0:00:00;0,0000000
02Nov2021 1:00:00;0,0000000
02Nov2021 2:00:00;0,0000000
02Nov2021 3:00:00;0,0000000
02Nov2021 4:00:00;0,0000000
02Nov2021 5:00:00;0,0000000
02Nov2021 6:00:00;0,4619786
02Nov2021 7:00:00;13,0828642
02Nov2021 8:00:00;52,1545418
02Nov2021 9:00:00;117,2734077
02Nov2021 10:00:00;178,3278481
02Nov2021 11:00:00;215,2672385
02Nov2021 12:00:00;219,8616684
02Nov2021 13:00:00;232,6247499
02Nov2021 14:00:00;213,6557972
02Nov2021 15:00:00;148,8099042
02Nov2021 16:00:00;68,1319282
02Nov2021 17:00:00;10,0422249
02Nov2021 18:00:00;0,0854230
02Nov2021 19:00:00;0,0000000
02Nov2021 20:00:00;0,0000000
02Nov2021 21:00:00;0,0000000
02Nov2021 22:00:00;0,0000000
02Nov2021 23:00:00;0,0000000
03Nov2021 0:00:00;0,0000010
03Nov2021 1:00:00;0,0000000
03Nov2021 2:00:00;0,0000000
03Nov2021 3:00:00;0,0000000
03Nov2021 4:00:00;0,0000000
03Nov2021 5:00:00;0,0000000
03Nov2021 6:00:00;0,1873810
03Nov2021 7:00:00;5,1538200
03Nov2021 8:00:00;27,8587389
03Nov2021 9:00:00;78,7666900
03Nov2021 10:00:00;138,2812874
03Nov2021 11:00:00;181,8511513
03Nov2021 12:00:00;222,6816236
03Nov2021 13:00:00;238,4293563
03Nov2021 14:00:00;207,5443453
03Nov2021 15:00:00;150,2073017
03Nov2021 16:00:00;62,0941156
03Nov2021 17:00:00;7,5199549
03Nov2021 18:00:00;1,2522480
03Nov2021 19:00:00;0,0000000
03Nov2021 20:00:00;0,0000000
03Nov2021 21:00:00;0,0000000
03Nov2021 22:00:00;0,0000000
03Nov2021 23:00:00;0,0000000
04Nov2021 0:00:00;0,0000000
04Nov2021 1:00:00;0,0000000
04Nov2021 2:00:00;0,0000000
04Nov2021 3:00:00;0,0000000
04Nov2021 4:00:00;0,0000000
04Nov2021 5:00:00;0,0000000
04Nov2021 6:00:00;1,8762586
04Nov2021 7:00:00;22,3963475
04Nov2021 8:00:00;89,0028836
04Nov2021 9:00:00;180,4838869
04Nov2021 10:00:00;253,1015395
04Nov2021 11:00:00;300,3789057
04Nov2021 12:00:00;316,7115577
04Nov2021 13:00:00;303,8146468
04Nov2021 14:00:00;263,3953727
04Nov2021 15:00:00;179,6002136
04Nov2021 16:00:00;77,3609745
04Nov2021 17:00:00;8,7529602
04Nov2021 18:00:00;0,0727130
04Nov2021 19:00:00;0,0000000
04Nov2021 20:00:00;0,0000000
04Nov2021 21:00:00;0,0000000
04Nov2021 22:00:00;0,0000000
04Nov2021 23:00:00;0,0000000
05Nov2021 0:00:00;0,0000000
05Nov2021 1:00:00;0,0000000
05Nov2021 2:00:00;0,0000000
05Nov2021 3:00:00;0,0000000
05Nov2021 4:00:00;0,0000000
05Nov2021 5:00:00;0,0000000
05Nov2021 6:00:00;2,3660521
05Nov2021 7:00:00;29,1243260
05Nov2021 8:00:00;111,7320671
05Nov2021 9:00:00;207,7843268
05Nov2021 10:00:00;276,1069219
05Nov2021 11:00:00;321,0280247
05Nov2021 12:00:00;353,4268282
05Nov2021 13:00:00;345,2159120
05Nov2021 14:00:00;301,5168345
05Nov2021 15:00:00;210,6350758
05Nov2021 16:00:00;89,3310784
05Nov2021 17:00:00;9,7176101
05Nov2021 18:00:00;0,1943400
05Nov2021 19:00:00;0,0000000
05Nov2021 20:00:00;0,0000000
05Nov2021 21:00:00;0,0000000
05Nov2021 22:00:00;0,0000000
05Nov2021 23:00:00;0,0000000
06Nov2021 0:00:00;0,0000000
06Nov2021 1:00:00;0,0000000
06Nov2021 2:00:00;0,0000000
06Nov2021 3:00:00;0,0000000
06Nov2021 4:00:00;0,0000000
06Nov2021 5:00:00;0,0000000
06Nov2021 6:00:00;2,5029461
06Nov2021 7:00:00;30,4442847
06Nov2021 8:00:00;119,4218020
06Nov2021 9:00:00;216,2527000
06Nov2021 10:00:00;282,9085015
06Nov2021 11:00:00;318,7436616
06Nov2021 12:00:00;337,6650850
06Nov2021 13:00:00;332,3647313
06Nov2021 14:00:00;287,9014439
06Nov2021 15:00:00;196,6915435
06Nov2021 16:00:00;82,0084256
06Nov2021 17:00:00;9,2869314
06Nov2021 18:00:00;0,2448640
06Nov2021 19:00:00;0,0000000
06Nov2021 20:00:00;0,0000000
06Nov2021 21:00:00;0,0000010
06Nov2021 22:00:00;0,0000000
06Nov2021 23:00:00;0,0000000
07Nov2021 0:00:00;0,0000010
07Nov2021 1:00:00;0,0000000
07Nov2021 2:00:00;0,0000000
07Nov2021 3:00:00;0,0000000
07Nov2021 4:00:00;0,0000000
07Nov2021 5:00:00;0,0000000
07Nov2021 6:00:00;2,2790996
07Nov2021 7:00:00;27,7452560
07Nov2021 8:00:00;110,8437238
07Nov2021 9:00:00;214,0226455
07Nov2021 10:00:00;289,1887252
07Nov2021 11:00:00;334,3304310
07Nov2021 12:00:00;343,8936700
07Nov2021 13:00:00;314,3974557
07Nov2021 14:00:00;245,3557340
07Nov2021 15:00:00;141,8946541
07Nov2021 16:00:00;53,0108832
07Nov2021 17:00:00;6,9527673
07Nov2021 18:00:00;0,0488010
07Nov2021 19:00:00;0,0000000
07Nov2021 20:00:00;0,0000000
07Nov2021 21:00:00;0,0000000
07Nov2021 22:00:00;0,0000000
07Nov2021 23:00:00;0,0000000
08Nov2021 0:00:00;0,0000000
08Nov2021 1:00:00;0,0000000
08Nov2021 2:00:00;0,0000000
08Nov2021 3:00:00;0,0000000
08Nov2021 4:00:00;0,0000000
08Nov2021 5:00:00;0,0000000
08Nov2021 6:00:00;1,5208896
08Nov2021 7:00:00;23,5233052
08Nov2021 8:00:00;105,5538840
08Nov2021 9:00:00;209,3457079
08Nov2021 10:00:00;296,2866478
08Nov2021 11:00:00;350,6635311
08Nov2021 12:00:00;365,9871701
08Nov2021 13:00:00;339,9050943
08Nov2021 14:00:00;284,9887743
08Nov2021 15:00:00;185,4410825
08Nov2021 16:00:00;72,7617297
08Nov2021 17:00:00;5,5647511
08Nov2021 18:00:00;1,9471770
08Nov2021 19:00:00;0,0000000
08Nov2021 20:00:00;0,0000000
08Nov2021 21:00:00;0,0000000
08Nov2021 22:00:00;0,0000000
08Nov2021 23:00:00;0,0000000
09Nov2021 0:00:00;0,0000000
09Nov2021 1:00:00;0,0000000
09Nov2021 2:00:00;0,0000000
09Nov2021 3:00:00;0,0000000
09Nov2021 4:00:00;0,0000000
09Nov2021 5:00:00;0,0000000
09Nov2021 6:00:00;1,7534326
09Nov2021 7:00:00;28,8805409
09Nov2021 8:00:00;121,4012175
09Nov2021 9:00:00;236,5958649
09Nov2021 10:00:00;313,0588680
09Nov2021 11:00:00;350,8452345
09Nov2021 12:00:00;353,7255118
09Nov2021 13:00:00;320,7590705
09Nov2021 14:00:00;256,4659898
09Nov2021 15:00:00;174,8051736
09Nov2021 16:00:00;73,3944901
09Nov2021 17:00:00;6,3492236
09Nov2021 18:00:00;0,0437170
09Nov2021 19:00:00;0,0000000
09Nov2021 20:00:00;0,0000000
09Nov2021 21:00:00;0,0000000
09Nov2021 22:00:00;0,0000000
09Nov2021 23:00:00;0,0000000
10Nov2021 0:00:00;0,0000000
10Nov2021 1:00:00;0,0000000
10Nov2021 2:00:00;0,0000000
10Nov2021 3:00:00;0,0000000
10Nov2021 4:00:00;0,0000000
10Nov2021 5:00:00;0,0000000
10Nov2021 6:00:00;0,6200800
10Nov2021 7:00:00;19,5719580
10Nov2021 8:00:00;96,3132944
10Nov2021 9:00:00;206,4157178
10Nov2021 10:00:00;277,5548312
10Nov2021 11:00:00;316,1437615
10Nov2021 12:00:00;319,5154673
10Nov2021 13:00:00;312,6308476
10Nov2021 14:00:00;274,5253822
10Nov2021 15:00:00;201,8308211
10Nov2021 16:00:00;84,8365798
10Nov2021 17:00:00;8,3012419
10Nov2021 18:00:00;0,0353940
10Nov2021 19:00:00;0,0000010
10Nov2021 20:00:00;0,0000000
10Nov2021 21:00:00;0,0000000
10Nov2021 22:00:00;0,0000000
10Nov2021 23:00:00;0,0000000
11Nov2021 0:00:00;0,0000000
11Nov2021 1:00:00;0,0000000
11Nov2021 2:00:00;0,0000000
11Nov2021 3:00:00;0,0000000
11Nov2021 4:00:00;0,0000000
11Nov2021 5:00:00;0,0000000
11Nov2021 6:00:00;2,2972586
11Nov2021 7:00:00;32,5290752
11Nov2021 8:00:00;133,5303519
11Nov2021 9:00:00;255,6193761
11Nov2021 10:00:00;339,2500789
11Nov2021 11:00:00;382,2225169
11Nov2021 12:00:00;392,0790116
11Nov2021 13:00:00;371,1540744
11Nov2021 14:00:00;313,8233640
11Nov2021 15:00:00;214,9348608
11Nov2021 16:00:00;86,9444990
11Nov2021 17:00:00;8,0033208
11Nov2021 18:00:00;1,8352030
11Nov2021 19:00:00;0,0000010
11Nov2021 20:00:00;0,0000000
11Nov2021 21:00:00;0,0000000
11Nov2021 22:00:00;0,0000000
11Nov2021 23:00:00;0,0000000
12Nov2021 0:00:00;0,0000000
12Nov2021 1:00:00;0,0000000
12Nov2021 2:00:00;0,0000000
12Nov2021 3:00:00;0,0000000
12Nov2021 4:00:00;0,0000000
12Nov2021 5:00:00;0,0000000
12Nov2021 6:00:00;1,9585316
12Nov2021 7:00:00;36,8350429
12Nov2021 8:00:00;131,9935722
12Nov2021 9:00:00;243,9650687
12Nov2021 10:00:00;325,8793732
12Nov2021 11:00:00;367,5533550
12Nov2021 12:00:00;375,4216631
12Nov2021 13:00:00;353,8844986
12Nov2021 14:00:00;296,2169988
12Nov2021 15:00:00;198,9477004
12Nov2021 16:00:00;78,9323334
12Nov2021 17:00:00;7,6799292
12Nov2021 18:00:00;0,0783430
12Nov2021 19:00:00;0,0000000
12Nov2021 20:00:00;0,0000000
12Nov2021 21:00:00;0,0000000
12Nov2021 22:00:00;0,0000000
12Nov2021 23:00:00;0,0000000
13Nov2021 0:00:00;0,0000000
13Nov2021 1:00:00;0,0000000
13Nov2021 2:00:00;0,0000000
13Nov2021 3:00:00;0,0000000
13Nov2021 4:00:00;0,0000000
13Nov2021 5:00:00;0,0000000
13Nov2021 6:00:00;1,7593206
13Nov2021 7:00:00;28,9459119
13Nov2021 8:00:00;123,6163456
13Nov2021 9:00:00;241,5729528
13Nov2021 10:00:00;328,3050447
13Nov2021 11:00:00;362,3730767
13Nov2021 12:00:00;365,2042512
13Nov2021 13:00:00;334,7836501
13Nov2021 14:00:00;274,0868778
13Nov2021 15:00:00;180,2909234
13Nov2021 16:00:00;71,0282529
13Nov2021 17:00:00;6,1418852
13Nov2021 18:00:00;0,0212260
13Nov2021 19:00:00;0,0000000
13Nov2021 20:00:00;0,0000000
13Nov2021 21:00:00;0,0000000
13Nov2021 22:00:00;0,0000000
13Nov2021 23:00:00;0,0000000
14Nov2021 0:00:00;0,0000000
14Nov2021 1:00:00;0,0000000
14Nov2021 2:00:00;0,0000000
14Nov2021 3:00:00;0,0000000
14Nov2021 4:00:00;0,0000000
14Nov2021 5:00:00;0,0000000
14Nov2021 6:00:00;0,8843450
14Nov2021 7:00:00;20,4900454
14Nov2021 8:00:00;95,1687342
14Nov2021 9:00:00;210,2035935
14Nov2021 10:00:00;289,6999627
14Nov2021 11:00:00;328,9032323
14Nov2021 12:00:00;334,8606099
14Nov2021 13:00:00;308,3642734
14Nov2021 14:00:00;251,5001789
14Nov2021 15:00:00;168,4817708
14Nov2021 16:00:00;59,8125513
14Nov2021 17:00:00;3,6032743
14Nov2021 18:00:00;0,0371440
14Nov2021 19:00:00;0,0000000
14Nov2021 20:00:00;0,0000000
14Nov2021 21:00:00;0,0000000
14Nov2021 22:00:00;0,0000000
14Nov2021 23:00:00;0,0000000
15Nov2021 0:00:00;0,0000010
15Nov2021 1:00:00;0,0000000
15Nov2021 2:00:00;0,0000000
15Nov2021 3:00:00;0,0000000
15Nov2021 4:00:00;0,0000000
15Nov2021 5:00:00;0,0000000
15Nov2021 6:00:00;0,3927140
15Nov2021 7:00:00;17,3094747
15Nov2021 8:00:00;92,6616355
15Nov2021 9:00:00;211,7293329
15Nov2021 10:00:00;302,9847853
15Nov2021 11:00:00;345,8570422
15Nov2021 12:00:00;358,2054111
15Nov2021 13:00:00;338,1539155
15Nov2021 14:00:00;274,9121766
15Nov2021 15:00:00;174,9825908
15Nov2021 16:00:00;65,8161213
15Nov2021 17:00:00;4,2790864
15Nov2021 18:00:00;0,0936340
15Nov2021 19:00:00;0,0000000
15Nov2021 20:00:00;0,0000000
15Nov2021 21:00:00;0,0000000
15Nov2021 22:00:00;0,0000000
15Nov2021 23:00:00;0,0000000
16Nov2021 0:00:00;0,0000000
16Nov2021 1:00:00;0,0000000
16Nov2021 2:00:00;0,0000000
16Nov2021 3:00:00;0,0000000
16Nov2021 4:00:00;0,0000000
16Nov2021 5:00:00;0,0000000
16Nov2021 6:00:00;0,8053846
16Nov2021 7:00:00;21,6485228
16Nov2021 8:00:00;98,9619397
16Nov2021 9:00:00;208,6983569
16Nov2021 10:00:00;289,5729364
16Nov2021 11:00:00;346,4780888
16Nov2021 12:00:00;370,9926423
16Nov2021 13:00:00;347,8381917
16Nov2021 14:00:00;283,9178802
16Nov2021 15:00:00;186,4766527
16Nov2021 16:00:00;68,8756792
16Nov2021 17:00:00;4,0077740
16Nov2021 18:00:00;0,7768200
16Nov2021 19:00:00;0,0000010
16Nov2021 20:00:00;0,0000000
16Nov2021 21:00:00;0,0000000
16Nov2021 22:00:00;0,0000000
16Nov2021 23:00:00;0,0000000
17Nov2021 0:00:00;0,0000000
17Nov2021 1:00:00;0,0000000
17Nov2021 2:00:00;0,0000000
17Nov2021 3:00:00;0,0000000
17Nov2021 4:00:00;0,0000000
17Nov2021 5:00:00;0,0000000
17Nov2021 6:00:00;0,8691616
17Nov2021 7:00:00;22,1141371
17Nov2021 8:00:00;105,0668064
17Nov2021 9:00:00;224,7445465
17Nov2021 10:00:00;312,0608306
17Nov2021 11:00:00;359,1666501
17Nov2021 12:00:00;370,1819241
17Nov2021 13:00:00;342,9083788
17Nov2021 14:00:00;281,4220214
17Nov2021 15:00:00;180,8725240
17Nov2021 16:00:00;62,3944756
17Nov2021 17:00:00;3,7825565
17Nov2021 18:00:00;2,5528390
17Nov2021 19:00:00;0,0000000
17Nov2021 20:00:00;0,0000000
17Nov2021 21:00:00;0,0000000
17Nov2021 22:00:00;0,0000000
17Nov2021 23:00:00;0,0000000
18Nov2021 0:00:00;0,0000000
18Nov2021 1:00:00;0,0000000
18Nov2021 2:00:00;0,0000000
18Nov2021 3:00:00;0,0000000
18Nov2021 4:00:00;0,0000000
18Nov2021 5:00:00;0,0000000
18Nov2021 6:00:00;0,4969516
18Nov2021 7:00:00;14,2607775
18Nov2021 8:00:00;76,3803998
18Nov2021 9:00:00;169,1621321
18Nov2021 10:00:00;257,9753061
18Nov2021 11:00:00;295,4052760
18Nov2021 12:00:00;317,7603850
18Nov2021 13:00:00;297,7575203
18Nov2021 14:00:00;239,5213011
18Nov2021 15:00:00;147,9848480
18Nov2021 16:00:00;54,0444949
18Nov2021 17:00:00;6,0225772
18Nov2021 18:00:00;0,0203740
18Nov2021 19:00:00;0,0000000
18Nov2021 20:00:00;0,0000000
18Nov2021 21:00:00;0,0000000
18Nov2021 22:00:00;0,0000000
18Nov2021 23:00:00;0,0000000
19Nov2021 0:00:00;0,0000000
19Nov2021 1:00:00;0,0000000
19Nov2021 2:00:00;0,0000000
19Nov2021 3:00:00;0,0000000
19Nov2021 4:00:00;0,0000000
19Nov2021 5:00:00;0,0000000
19Nov2021 6:00:00;0,1402110
19Nov2021 7:00:00;5,3464418
19Nov2021 8:00:00;28,4246875
19Nov2021 9:00:00;62,7792041
19Nov2021 10:00:00;83,9553355
19Nov2021 11:00:00;96,5529008
19Nov2021 12:00:00;94,7919706
19Nov2021 13:00:00;70,6638904
19Nov2021 14:00:00;39,9461009
19Nov2021 15:00:00;18,4234637
19Nov2021 16:00:00;5,2474175
19Nov2021 17:00:00;0,1955790
19Nov2021 18:00:00;0,0016290
19Nov2021 19:00:00;0,0000000
19Nov2021 20:00:00;0,0000000
19Nov2021 21:00:00;0,0000000
19Nov2021 22:00:00;0,0000000
19Nov2021 23:00:00;0,0000000
20Nov2021 0:00:00;0,0000010
20Nov2021 1:00:00;0,0000000
20Nov2021 2:00:00;0,0000000
20Nov2021 3:00:00;0,0000000
20Nov2021 4:00:00;0,0000000
20Nov2021 5:00:00;0,0000000
20Nov2021 6:00:00;0,3617870
20Nov2021 7:00:00;4,3378209
20Nov2021 8:00:00;30,7790475
20Nov2021 9:00:00;91,1749009
20Nov2021 10:00:00;167,6931282
20Nov2021 11:00:00;209,5593407
20Nov2021 12:00:00;193,9620376
20Nov2021 13:00:00;176,0574300
20Nov2021 14:00:00;143,4280875
20Nov2021 15:00:00;89,5723093
20Nov2021 16:00:00;31,6310138
20Nov2021 17:00:00;2,3131192
20Nov2021 18:00:00;0,0259200
20Nov2021 19:00:00;0,0000000
20Nov2021 20:00:00;0,0000000
20Nov2021 21:00:00;0,0000000
20Nov2021 22:00:00;0,0000000
20Nov2021 23:00:00;0,0000000
21Nov2021 0:00:00;0,0000000
21Nov2021 1:00:00;0,0000000
21Nov2021 2:00:00;0,0000000
21Nov2021 3:00:00;0,0000000
21Nov2021 4:00:00;0,0000000
21Nov2021 5:00:00;0,0000000
21Nov2021 6:00:00;0,3305290
21Nov2021 7:00:00;14,2990306
21Nov2021 8:00:00;75,9491894
21Nov2021 9:00:00;181,3106392
21Nov2021 10:00:00;268,1460989
21Nov2021 11:00:00;322,9283305
21Nov2021 12:00:00;345,7281634
21Nov2021 13:00:00;333,8720884
21Nov2021 14:00:00;275,3382763
21Nov2021 15:00:00;177,0084279
21Nov2021 16:00:00;63,4166524
21Nov2021 17:00:00;3,5330801
21Nov2021 18:00:00;0,0379950
21Nov2021 19:00:00;0,0000010
21Nov2021 20:00:00;0,0000000
21Nov2021 21:00:00;0,0000000
21Nov2021 22:00:00;0,0000000
21Nov2021 23:00:00;0,0000000
22Nov2021 0:00:00;0,0000000
22Nov2021 1:00:00;0,0000000
22Nov2021 2:00:00;0,0000000
22Nov2021 3:00:00;0,0000000
22Nov2021 4:00:00;0,0000000
22Nov2021 5:00:00;0,0000000
22Nov2021 6:00:00;0,3671340
22Nov2021 7:00:00;16,8866582
22Nov2021 8:00:00;85,9013455
22Nov2021 9:00:00;195,8011500
22Nov2021 10:00:00;286,8243781
22Nov2021 11:00:00;335,0723428
22Nov2021 12:00:00;345,2690136
22Nov2021 13:00:00;318,8936457
22Nov2021 14:00:00;259,7370503
22Nov2021 15:00:00;159,2852056
22Nov2021 16:00:00;53,2964491
22Nov2021 17:00:00;5,9493301
22Nov2021 18:00:00;0,0236060
22Nov2021 19:00:00;0,0000000
22Nov2021 20:00:00;0,0000000
22Nov2021 21:00:00;0,0000000
22Nov2021 22:00:00;0,0000000
22Nov2021 23:00:00;0,0000000
23Nov2021 0:00:00;0,0000000
23Nov2021 1:00:00;0,0000000
23Nov2021 2:00:00;0,0000000
23Nov2021 3:00:00;0,0000000
23Nov2021 4:00:00;0,0000000
23Nov2021 5:00:00;0,0000000
23Nov2021 6:00:00;0,3059130
23Nov2021 7:00:00;7,9950647
23Nov2021 8:00:00;39,4834433
23Nov2021 9:00:00;88,6858601
23Nov2021 10:00:00;149,9186024
23Nov2021 11:00:00;198,4625929
23Nov2021 12:00:00;220,9016259
23Nov2021 13:00:00;195,7818757
23Nov2021 14:00:00;142,7451300
23Nov2021 15:00:00;73,6509726
23Nov2021 16:00:00;21,4934664
23Nov2021 17:00:00;1,1685480
23Nov2021 18:00:00;0,4619720
23Nov2021 19:00:00;0,0000000
23Nov2021 20:00:00;0,0000000
23Nov2021 21:00:00;0,0000010
23Nov2021 22:00:00;0,0000000
23Nov2021 23:00:00;0,0000000
24Nov2021 0:00:00;0,0000000
24Nov2021 1:00:00;0,0000000
24Nov2021 2:00:00;0,0000000
24Nov2021 3:00:00;0,0000000
24Nov2021 4:00:00;0,0000000
24Nov2021 5:00:00;0,0000000
24Nov2021 6:00:00;0,0055310
24Nov2021 7:00:00;0,9060105
24Nov2021 8:00:00;8,1889566
24Nov2021 9:00:00;26,2019184
24Nov2021 10:00:00;43,5433377
24Nov2021 11:00:00;55,8912838
24Nov2021 12:00:00;48,9046209
24Nov2021 13:00:00;39,3137706
24Nov2021 14:00:00;27,8207867
24Nov2021 15:00:00;14,8874312
24Nov2021 16:00:00;3,9019638
24Nov2021 17:00:00;0,0531130
24Nov2021 18:00:00;0,0000780
24Nov2021 19:00:00;0,0000000
24Nov2021 20:00:00;0,0000000
24Nov2021 21:00:00;0,0000000
24Nov2021 22:00:00;0,0000000
24Nov2021 23:00:00;0,0000500
25Nov2021 0:00:00;0,0000000
25Nov2021 1:00:00;0,0000000
25Nov2021 2:00:00;0,0000000
25Nov2021 3:00:00;0,0000000
25Nov2021 4:00:00;0,0000000
25Nov2021 5:00:00;0,0000000
25Nov2021 6:00:00;0,0268770
25Nov2021 7:00:00;2,3025865
25Nov2021 8:00:00;17,2907445
25Nov2021 9:00:00;51,8372451
25Nov2021 10:00:00;97,5127842
25Nov2021 11:00:00;126,9286163
25Nov2021 12:00:00;135,3578708
25Nov2021 13:00:00;127,0136377
25Nov2021 14:00:00;82,8873310
25Nov2021 15:00:00;40,4594487
25Nov2021 16:00:00;11,2330355
25Nov2021 17:00:00;0,2558750
25Nov2021 18:00:00;0,0043540
25Nov2021 19:00:00;0,0000000
25Nov2021 20:00:00;0,0000000
25Nov2021 21:00:00;0,0000000
25Nov2021 22:00:00;0,0000000
25Nov2021 23:00:00;0,0000000
26Nov2021 0:00:00;0,0000000
26Nov2021 1:00:00;0,0000000
26Nov2021 2:00:00;0,0000000
26Nov2021 3:00:00;0,0000000
26Nov2021 4:00:00;0,0000000
26Nov2021 5:00:00;0,0000000
26Nov2021 6:00:00;0,0383550
26Nov2021 7:00:00;3,9665725
26Nov2021 8:00:00;23,2362989
26Nov2021 9:00:00;60,0013744
26Nov2021 10:00:00;115,2256845
26Nov2021 11:00:00;178,2253015
26Nov2021 12:00:00;227,1648279
26Nov2021 13:00:00;221,3447977
26Nov2021 14:00:00;173,5487364
26Nov2021 15:00:00;99,2767571
26Nov2021 16:00:00;32,3491333
26Nov2021 17:00:00;0,9656060
26Nov2021 18:00:00;0,0156410
26Nov2021 19:00:00;0,0000000
26Nov2021 20:00:00;0,0000000
26Nov2021 21:00:00;0,0000010
26Nov2021 22:00:00;0,0000000
26Nov2021 23:00:00;0,0000000
27Nov2021 0:00:00;0,0000000
27Nov2021 1:00:00;0,0000000
27Nov2021 2:00:00;0,0000000
27Nov2021 3:00:00;0,0000000
27Nov2021 4:00:00;0,0000000
27Nov2021 5:00:00;0,0000000
27Nov2021 6:00:00;0,0372060
27Nov2021 7:00:00;1,6536935
27Nov2021 8:00:00;10,9870670
27Nov2021 9:00:00;28,5378549
27Nov2021 10:00:00;39,0337488
27Nov2021 11:00:00;46,6860672
27Nov2021 12:00:00;52,6225390
27Nov2021 13:00:00;46,8802717
27Nov2021 14:00:00;40,6167763
27Nov2021 15:00:00;27,2815794
27Nov2021 16:00:00;7,7749459
27Nov2021 17:00:00;0,1518600
27Nov2021 18:00:00;0,0000000
27Nov2021 19:00:00;0,0000000
27Nov2021 20:00:00;0,0000000
27Nov2021 21:00:00;0,0000000
27Nov2021 22:00:00;0,0000000
27Nov2021 23:00:00;0,0000000
28Nov2021 0:00:00;0,0000000
28Nov2021 1:00:00;0,0000000
28Nov2021 2:00:00;0,0000000
28Nov2021 3:00:00;0,0000000
28Nov2021 4:00:00;0,0000000
28Nov2021 5:00:00;0,0000000
28Nov2021 6:00:00;0,0121250
28Nov2021 7:00:00;0,8714400
28Nov2021 8:00:00;8,2098133
28Nov2021 9:00:00;37,6506447
28Nov2021 10:00:00;101,2025100
28Nov2021 11:00:00;146,5219508
28Nov2021 12:00:00;161,5425435
28Nov2021 13:00:00;140,4961608
28Nov2021 14:00:00;114,3540913
28Nov2021 15:00:00;81,2230696
28Nov2021 16:00:00;37,6442145
28Nov2021 17:00:00;3,3468950
28Nov2021 18:00:00;0,2956690
28Nov2021 19:00:00;0,0000000
28Nov2021 20:00:00;0,0000000
28Nov2021 21:00:00;0,0000000
28Nov2021 22:00:00;0,0000000
28Nov2021 23:00:00;0,0000000
29Nov2021 0:00:00;0,0000000
29Nov2021 1:00:00;0,0000000
29Nov2021 2:00:00;0,0000000
29Nov2021 3:00:00;0,0000800
29Nov2021 4:00:00;0,0000000
29Nov2021 5:00:00;0,0000000
29Nov2021 6:00:00;0,1072460
29Nov2021 7:00:00;4,6545110
29Nov2021 8:00:00;36,0855959
29Nov2021 9:00:00;101,5487348
29Nov2021 10:00:00;174,3055468
29Nov2021 11:00:00;222,7032919
29Nov2021 12:00:00;226,4697665
29Nov2021 13:00:00;199,5934757
29Nov2021 14:00:00;124,5789053
29Nov2021 15:00:00;54,9888021
29Nov2021 16:00:00;20,4595557
29Nov2021 17:00:00;1,5049332
29Nov2021 18:00:00;2,1406350
29Nov2021 19:00:00;0,0000000
29Nov2021 20:00:00;0,0000000
29Nov2021 21:00:00;0,0000000
29Nov2021 22:00:00;0,0000000
29Nov2021 23:00:00;0,0000000
30Nov2021 0:00:00;0,0000010
30Nov2021 1:00:00;0,0000000
30Nov2021 2:00:00;0,0000000
30Nov2021 3:00:00;0,0000000
30Nov2021 4:00:00;0,0000000
30Nov2021 5:00:00;0,0000000
30Nov2021 6:00:00;0,0331370
30Nov2021 7:00:00;3,9949670
30Nov2021 8:00:00;37,5039051
30Nov2021 9:00:00;119,8096817
30Nov2021 10:00:00;187,8687725
30Nov2021 11:00:00;214,3167635
30Nov2021 12:00:00;190,8470574
30Nov2021 13:00:00;129,1213360
30Nov2021 14:00:00;71,5330991
30Nov2021 15:00:00;34,8290875
30Nov2021 16:00:00;10,4324041
30Nov2021 17:00:00;1,2208440
30Nov2021 18:00:00;0,4143730
30Nov2021 19:00:00;0,0000000
30Nov2021 20:00:00;0,0000000
30Nov2021 21:00:00;0,0000000
30Nov2021 22:00:00;0,0000000
30Nov2021 23:00:00;0,0000000